1998-05-01       6.2                1.72      12.9
1998-05-02      39.7                1.93      15.4
1998-05-03      1.45                4.32     11.77
1998-05-04       0.0                4.08      13.0
1998-05-05       0.0                4.36     15.33
1998-05-06       0.0                4.41     16.23
1998-05-07      0.85                 2.0     15.27
1998-05-08      2.17                3.94      14.0
1998-05-09       0.0                3.53      14.7
1998-05-10      0.29                2.41     14.07
1998-05-11      4.91                2.05     11.27
1998-05-12     10.06                 1.8      11.0
1998-05-13      0.21                4.02      14.4
1998-05-14      0.02                3.94     17.93
1998-05-15      0.86                 4.7     18.17
1998-05-16      20.6                1.85     11.27
1998-05-17      1.31                3.32     15.37
1998-05-18       0.0                3.04      15.9
1998-05-19       0.0                 3.9     17.63
1998-05-20      0.01                4.18      19.0
1998-05-21       0.0                5.09     19.93
1998-05-22       0.0                3.89     19.13
1998-05-23       0.0                3.95     20.13
1998-05-24      0.29                2.28     17.33
1998-05-25      0.04                4.94     15.63
1998-05-26      0.02                4.86     15.63
1998-05-27      0.02                4.77     16.87
1998-05-28       0.0                4.33     17.23
1998-05-29      0.05                3.87     16.07
1998-05-30       0.0                5.11     14.97
1998-05-31       0.0                4.33     14.37
1998-06-01      0.36                3.59      15.9
1998-06-02     24.87                2.04     13.67
1998-06-03      8.77                1.94      11.7
1998-06-04      1.16                1.84     10.73
1998-06-05      4.48                1.95      11.5
1998-06-06      0.77                3.55     13.87
1998-06-07       0.0                3.76      14.9
1998-06-08      0.04                2.51      15.5
1998-06-09       0.0                4.67     18.53
1998-06-10       0.0                5.23     17.87
1998-06-11      0.14                4.91      19.9
1998-06-12       0.8                3.92     20.77
1998-06-13     20.52                2.37     17.23
1998-06-14      1.75                4.29     17.37
1998-06-15       0.0                4.74     19.43
1998-06-16      0.03                4.23      20.1
1998-06-17      0.39                5.17     22.17
1998-06-18      1.49                2.31     21.13
1998-06-19      7.81                3.56      21.4
1998-06-20       0.0                5.18      23.0
1998-06-21      0.06                5.72      21.4
1998-06-22      0.02                5.69     19.27
1998-06-23       0.0                 5.8     19.37
1998-06-24      1.35                4.56     20.33
1998-06-25     56.07                2.25     20.23
1998-06-26     23.54                2.44      21.6
1998-06-27      0.01                3.43     24.37
1998-06-28       0.0                2.36     23.67
1998-06-29       0.0                4.88     25.43
1998-06-30     20.75                2.77     25.57
1998-07-01     51.33                2.26     22.27
1998-07-02     36.64                2.23     22.43
1998-07-03       3.7                3.25      24.4
1998-07-04       0.0                4.74     24.73
1998-07-05       0.0                4.72     25.17
1998-07-06      3.19                3.78     24.47
1998-07-07       1.6                2.82     25.17
1998-07-08      9.76                2.59     25.33
1998-07-09     41.98                2.26     24.27
1998-07-10     30.91                2.33     24.47
1998-07-11      4.28                3.11      24.6
1998-07-12       0.3                3.84     21.47
1998-07-13      0.08                3.89     21.27
1998-07-14      0.39                3.36     21.73
1998-07-15      4.93                2.82      22.3
1998-07-16      6.94                3.77     20.47
1998-07-17      0.02                5.68     21.07
1998-07-18     12.86                 5.1      20.9
1998-07-19     15.93                2.11      20.6
1998-07-20      0.44                4.95      23.3
1998-07-21      4.33                 4.2     22.57
1998-07-22      3.38                4.24     21.97
1998-07-23      5.17                5.08     21.87
1998-07-24      2.66                4.64     21.03
1998-07-25     11.69                3.88      20.9
1998-07-26      27.6                2.94      19.7
1998-07-27      6.22                2.94     21.37
1998-07-28      3.41                2.96     21.83
1998-07-29      0.09                5.54     23.07
1998-07-30      1.82                4.66      25.1
1998-07-31     19.43                2.24      21.9
1998-08-01     32.73                2.38     24.27
1998-08-02     12.38                 4.1      25.9
1998-08-03     27.38                2.53     25.77
1998-08-04       8.7                2.98     24.87
1998-08-05     42.92                 2.7     26.07
1998-08-06     54.59                2.51     24.73
1998-08-07     28.63                2.99     23.53
1998-08-08     81.56                2.04     22.17
1998-08-09     13.28                2.36     22.87
1998-08-10     20.71                 2.1     23.13
1998-08-11     19.78                3.55     25.13
1998-08-12      2.78                2.47     25.43
1998-08-13      0.02                4.43      26.4
1998-08-14     35.39                3.36     25.97
1998-08-15     53.86                2.06     22.57
1998-08-16      1.61                4.21     22.47
1998-08-17      1.86                2.84     23.53
1998-08-18      3.09                 2.6     23.73
1998-08-19       3.0                4.36      24.6
1998-08-20       0.0                 4.5     24.03
1998-08-21       0.0                4.16     23.77
1998-08-22      0.68                3.28      23.1
1998-08-23     23.92                2.55     23.53
1998-08-24      2.99                2.64      23.2
1998-08-25      0.61                4.02     22.77
1998-08-26       0.0                3.52      23.1
1998-08-27      5.31                2.66     22.47
1998-08-28      0.36                3.89     22.13
1998-08-29      0.08                4.32      22.4
1998-08-30      3.78                3.94      22.2
1998-08-31      1.08                 3.9     22.07
1998-09-01      9.01                2.75     21.67
1998-09-02       0.9                 3.1     21.23
1998-09-03      0.04                3.27     22.07
1998-09-04       0.0                 2.7     21.77
1998-09-05      0.84                1.96     21.17
1998-09-06       0.0                3.65     22.57
1998-09-07      0.03                3.87     23.73
1998-09-08      0.01                 3.3     23.27
1998-09-09       0.0                3.29      24.2
1998-09-10       0.0                3.05     25.07
1998-09-11       0.0                 3.2     24.77
1998-09-12      0.15                3.52     24.47
1998-09-13       0.0                3.66      24.7
1998-09-14      0.09                2.86     24.27
1998-09-15      2.01                3.03     21.53
1998-09-16      0.18                3.56     16.87
1998-09-17       0.0                3.27     17.53
1998-09-18       0.0                 3.3     20.57
1998-09-19       0.0                2.01      19.8
1998-09-20      6.43                3.18      23.5
1998-09-21     13.79                1.66     19.73
1998-09-22      0.81                3.25      16.0
1998-09-23      0.07                2.46     16.53
1998-09-24      0.16                 2.1     19.57
1998-09-25       0.0                 1.8     19.97
1998-09-26       0.0                2.03     21.27
1998-09-27       0.0                2.33      19.7
1998-09-28       0.0                2.08     18.63
1998-09-29     19.13                1.44     17.23
1998-09-30     52.63                1.37     17.13
1998-10-01      8.55                2.56     17.07
1998-10-02      0.06                2.08     19.53
1998-10-03       0.0                2.36     17.43
1998-10-04       0.0                2.56     16.23
1998-10-05       0.0                2.02     17.47
1998-10-06      0.25                1.69     17.93
1998-10-07      0.62                 2.1     16.73
1998-10-08      0.01                2.09      17.7
1998-10-09       0.0                1.59     17.47
1998-10-10       0.0                1.82     19.53
1998-10-11       0.0                2.04     19.33
1998-10-12      7.32                1.51     18.77
1998-10-13      8.03                1.44     18.47
1998-10-14      7.56                1.24     17.53
1998-10-15      0.04                2.23     15.67
1998-10-16       0.0                1.05      13.2
1998-10-17      1.45                1.87     14.27
1998-10-18      1.59                2.52      15.4
1998-10-19       0.0                2.13      8.97
1998-10-20      0.02                1.47      9.44
1998-10-21       0.0                1.45     11.64
1998-10-22      0.14                1.42      11.7
1998-10-23      0.04                1.78      14.1
1998-10-24       0.2                1.35      13.9
1998-10-25       0.0                1.36     12.67
1998-10-26       0.0                1.04     11.77
1998-10-27      0.14                1.58      13.0
1998-10-28       0.0                 1.0      10.7
1998-10-29      0.04                1.18     12.47
1998-10-30       0.0                0.89     12.77
1998-10-31      0.01                1.69      13.6
1998-11-01       0.0                1.31       7.2
1998-11-02      10.9                0.65      6.37
1998-11-03      0.08                1.06       9.8
1998-11-04       0.0                1.38     10.87
1998-11-05      0.33                1.42      8.33
1998-11-06       0.0                1.04      10.6
1998-11-07       0.0                1.14     10.23
1998-11-08      0.67                1.14       9.2
1998-11-09      1.82                1.49      6.87
1998-11-10       0.0                0.98      3.53
1998-11-11      0.08                1.14      7.97
1998-11-12      0.78                1.01      7.27
1998-11-13      0.35                0.88     10.77
1998-11-14      0.11                1.08     15.27
1998-11-15      0.47                 0.8     14.14
1998-11-16      22.9                0.75     11.73
1998-11-17      1.15                2.09       3.1
1998-11-18       0.0                1.33     -2.23
1998-11-19      1.51                0.65     -2.93
1998-11-20      0.45                0.66     -2.77
1998-11-21      0.28                0.84      1.53
1998-11-22      0.01                0.72       1.2
1998-11-23      2.44                0.44      0.74
1998-11-24      2.86                0.48       1.8
1998-11-25      0.05                0.51       2.1
1998-11-26      1.16                0.59       3.5
1998-11-27      5.01                0.49      3.57
1998-11-28       0.0                0.54      2.93
1998-11-29      0.17                0.44      2.94
1998-11-30       0.0                0.52       4.0
1998-12-01      3.42                0.57      3.97
