1987-02-01      0.09                0.62      -7.8
1987-02-02      5.03                0.49      -5.4
1987-02-03      8.41                0.85     -8.43
1987-02-04       0.9                0.59    -10.93
1987-02-05       0.0                0.71     -7.36
1987-02-06       0.0                0.78     -4.17
1987-02-07       0.0                1.13       1.8
1987-02-08       0.0                0.75     -1.16
1987-02-09       0.0                0.82       3.6
1987-02-10      5.45                 0.6      3.97
1987-02-11       6.6                0.66       3.7
1987-02-12      1.38                0.67      0.63
1987-02-13      0.36                0.84      0.77
1987-02-14      0.25                1.28     -1.67
1987-02-15       0.0                1.24     -4.53
1987-02-16      0.03                0.89     -3.23
1987-02-17      0.06                1.14       0.5
1987-02-18      0.07                1.26       1.0
1987-02-19      0.16                1.35     -0.07
1987-02-20       0.0                1.39      1.13
1987-02-21       0.0                1.23     -0.77
1987-02-22       0.0                1.58       0.6
1987-02-23      0.33                1.83      4.03
1987-02-24      0.28                1.73     -1.13
1987-02-25      0.12                1.58     -5.43
1987-02-26       0.0                1.69     -5.47
1987-02-27       0.2                 1.4     -6.77
1987-02-28      0.48                0.84      -4.2
1987-03-01      1.87                1.13     -3.57
1987-03-02       0.0                 1.5      -4.3
1987-03-03      0.06                0.96     -1.36
1987-03-04      1.66                1.37      6.34
1987-03-05      0.45                 2.4      4.63
1987-03-06       0.2                1.75      0.93
1987-03-07      0.45                1.92       0.8
1987-03-08      0.01                2.02       2.0
1987-03-09       0.0                1.77       2.8
1987-03-10      0.59                1.13       2.1
1987-03-11      0.23                1.88      2.57
1987-03-12       0.0                1.96       5.4
1987-03-13      0.12                2.03      8.07
1987-03-14       0.0                2.32      4.43
1987-03-15       0.0                 2.1       0.8
1987-03-16      0.06                1.87      3.27
1987-03-17      0.26                2.46      4.63
1987-03-18      1.21                2.51      7.83
1987-03-19      3.04                1.08       3.9
1987-03-20      1.86                2.36       6.1
1987-03-21      0.18                2.77      6.33
1987-03-22      1.14                1.35      4.07
1987-03-23      1.88                2.53      6.27
1987-03-24      3.09                1.21       1.9
1987-03-25      0.45                2.33      -2.8
1987-03-26       0.0                2.23      -1.1
1987-03-27       0.0                2.05      3.27
1987-03-28       0.0                1.92       4.8
1987-03-29       0.0                2.58       6.7
1987-03-30      0.36                1.13      4.27
1987-03-31      0.36                2.78       3.9
1987-04-01       0.0                2.13       2.5
1987-04-02       0.0                2.75       6.1
1987-04-03      0.05                1.23      3.17
1987-04-04       0.0                2.95      9.53
1987-04-05       0.0                 3.5      12.4
1987-04-06       3.9                1.42      9.27
1987-04-07      1.58                3.11     13.13
1987-04-08      0.04                3.11     15.93
1987-04-09       0.0                2.54     14.53
1987-04-10      1.04                1.77      7.47
1987-04-11      0.24                3.38      5.97
1987-04-12       0.0                2.86       3.2
1987-04-13       0.0                2.97      3.23
1987-04-14       0.0                3.37      6.03
1987-04-15       0.0                3.11       9.3
1987-04-16       0.0                3.63      10.5
1987-04-17       0.0                4.05     12.13
1987-04-18       0.0                3.84     13.33
1987-04-19       0.0                3.91     13.07
1987-04-20      1.02                3.17     15.93
1987-04-21     15.74                2.84      14.2
1987-04-22      1.28                2.34      7.93
1987-04-23       0.0                2.98      9.97
1987-04-24      0.12                3.49      11.4
1987-04-25      3.41                2.14      8.03
1987-04-26      0.47                3.68       7.6
1987-04-27       0.0                4.51     10.93
1987-04-28       0.0                4.37      13.0
1987-04-29       0.0                4.55      13.4
1987-04-30      0.12                2.46      13.0
1987-05-01       0.0                4.02     17.53
1987-05-02      2.02                2.71      11.0
1987-05-03      2.82                4.12       9.4
1987-05-04       0.0                4.36      9.57
1987-05-05       0.0                4.63      12.3
1987-05-06       0.0                 4.5     13.54
1987-05-07       0.0                4.73     14.34
1987-05-08       0.0                4.45     15.13
1987-05-09      0.02                4.75     17.27
1987-05-10      0.44                2.78     17.14
1987-05-11      2.21                2.92     16.93
1987-05-12      0.02                4.39     19.77
1987-05-13       0.1                3.41     13.93
1987-05-14       0.0                4.83     15.53
1987-05-15       0.0                4.91     16.67
1987-05-16      0.56                4.57     15.17
1987-05-17      1.38                3.35      12.7
1987-05-18       0.0                4.11     12.47
1987-05-19       0.0                4.41     16.23
1987-05-20       0.0                5.05     17.73
1987-05-21       0.0                4.92     19.93
1987-05-22     11.33                2.17     16.23
1987-05-23     11.17                2.58     13.53
1987-05-24      2.03                 4.0     15.87
1987-05-25     44.86                2.11     16.37
1987-05-26      4.93                4.51     19.07
1987-05-27       0.0                4.66     15.53
1987-05-28       0.0                 5.0     15.93
1987-05-29       0.0                4.51     16.87
1987-05-30       0.0                4.93     17.93
1987-05-31       0.0                5.02     19.67
1987-06-01      7.92                4.77     20.07
1987-06-02     32.81                2.21     18.87
1987-06-03      1.89                5.73     19.93
1987-06-04       0.0                4.91      23.3
1987-06-05       0.0                4.81     23.73
1987-06-06     11.87                4.14     23.53
1987-06-07     47.16                2.86     17.37
1987-06-08      2.03                5.38     16.23
1987-06-09       0.0                5.25     17.13
1987-06-10       0.0                5.15      19.7
1987-06-11       0.0                5.19     20.87
1987-06-12      0.12                3.08     20.23
1987-06-13       0.0                3.83     19.37
1987-06-14      0.02                4.93     17.27
1987-06-15      0.02                5.11      18.0
1987-06-16      0.73                5.42      18.9
1987-06-17       0.0                5.26     19.43
1987-06-18      0.16                4.89     20.57
1987-06-19      4.33                2.54     19.93
1987-06-20       2.4                2.54      18.2
1987-06-21       0.1                 5.3      18.7
1987-06-22       0.0                5.51     20.07
1987-06-23       0.0                4.79     21.77
1987-06-24      0.01                3.37     21.57
1987-06-25       0.0                6.35     20.47
1987-06-26       0.0                5.85     22.57
1987-06-27       0.0                 5.7     22.33
1987-06-28      8.59                2.38      19.5
1987-06-29      1.04                4.88     21.63
1987-06-30       0.0                3.61     21.77
1987-07-01      0.08                5.08     22.53
1987-07-02      0.16                5.02     21.67
1987-07-03      0.12                4.73     24.03
1987-07-04       0.0                4.36      22.8
1987-07-05      2.43                 4.7     24.53
1987-07-06      3.49                5.06     23.83
1987-07-07      0.17                5.15      24.4
1987-07-08       0.0                3.74     21.67
1987-07-09       0.0                5.42     23.57
1987-07-10     17.29                2.67     21.23
1987-07-11     25.61                2.88     23.47
1987-07-12      0.75                3.05      23.5
1987-07-13       7.7                3.09      23.6
1987-07-14       0.0                2.42     22.77
1987-07-15     31.87                2.42      20.8
1987-07-16     42.09                3.58     21.07
1987-07-17      0.62                4.65      23.4
1987-07-18       0.0                4.83     23.77
1987-07-19       0.0                4.71      24.3
1987-07-20      0.28                4.93      24.8
1987-07-21     95.93                2.26      22.3
1987-07-22     27.41                2.44     22.17
1987-07-23      2.52                2.71     22.43
1987-07-24       0.0                3.12     23.47
1987-07-25      0.25                4.38     24.33
1987-07-26     16.78                2.31     22.97
1987-07-27     59.67                2.25      22.9
1987-07-28      4.93                3.95      25.5
1987-07-29      6.46                2.15     22.77
1987-07-30      8.89                2.46      23.1
1987-07-31       3.8                3.21     23.53
1987-08-01      1.21                4.75      24.7
1987-08-02     28.27                2.37     22.53
1987-08-03     29.21                3.03     24.87
1987-08-04     23.12                2.17     21.87
1987-08-05      5.38                 5.4      24.1
1987-08-06      2.12                4.04     23.63
1987-08-07     53.88                2.18     19.97
1987-08-08      7.87                3.38     21.57
1987-08-09      1.23                4.32      22.4
1987-08-10      5.07                3.43     23.43
1987-08-11      1.82                2.94     21.07
1987-08-12      0.38                4.32     23.73
1987-08-13      2.91                4.57      24.2
1987-08-14     13.76                3.79     24.33
1987-08-15     34.44                3.05     24.37
1987-08-16     39.52                2.45     23.53
1987-08-17       0.7                4.37     24.07
1987-08-18      1.37                 4.3     24.37
1987-08-19      3.58                3.37     24.97
1987-08-20     16.67                2.18     22.83
1987-08-21      1.81                3.87      24.3
1987-08-22      5.48                4.19     24.67
1987-08-23      6.57                3.36     24.13
1987-08-24      5.79                3.93     24.57
1987-08-25     15.03                2.98     23.53
1987-08-26      3.64                4.06      23.0
1987-08-27     20.48                2.28      22.0
1987-08-28     16.45                3.39     23.27
1987-08-29     30.77                2.33     23.27
1987-08-30      47.1                1.82     20.13
1987-08-31     36.23                2.82      20.8
1987-09-01      4.18                3.62      22.0
