1980-01-01      0.22                0.57      0.77
1980-01-02      5.64                0.39      2.57
1980-01-03      0.28                0.46      3.27
1980-01-04       0.5                0.54     -1.13
1980-01-05       0.0                 0.8     -6.03
1980-01-06      2.51                0.74     -4.87
1980-01-07       0.0                0.79     -11.0
1980-01-08      0.04                0.44     -6.56
1980-01-09      1.31                0.39     -2.23
1980-01-10       0.0                1.04     -5.76
1980-01-11       0.0                0.43    -10.56
1980-01-12      0.13                0.36     -6.73
1980-01-13      0.04                0.51      -4.3
1980-01-14       0.0                0.86     -7.56
1980-01-15       0.2                0.85     -7.53
1980-01-16      0.12                0.64     -7.96
1980-01-17       0.0                 0.8    -12.97
1980-01-18       0.0                0.38    -11.43
1980-01-19      0.17                0.62     -5.33
1980-01-20      0.06                0.77     -6.33
1980-01-21       0.0                0.69      -8.6
1980-01-22       0.0                0.62     -10.1
1980-01-23      0.02                0.42     -3.86
1980-01-24       0.0                0.68     -5.27
1980-01-25       0.0                0.64     -5.06
1980-01-26       0.0                 0.7     -1.66
1980-01-27       0.0                0.57      2.73
1980-01-28      0.97                0.93       1.8
1980-01-29      4.22                0.83       0.5
1980-01-30      1.12                1.36     -7.63
1980-01-31       0.0                0.89     -13.3
1980-02-01       0.0                0.81    -11.43
1980-02-02      0.07                0.83     -8.53
1980-02-03      0.04                1.22     -6.77
1980-02-04       0.0                0.75    -11.06
1980-02-05       0.0                 0.9    -12.63
1980-02-06       0.0                 0.7    -12.13
1980-02-07       0.0                0.63    -12.96
1980-02-08       0.0                0.67    -12.73
1980-02-09       0.0                0.81    -10.93
1980-02-10       0.0                0.72     -7.83
1980-02-11      0.14                1.18     -1.96
1980-02-12       0.0                1.17     -6.16
1980-02-13       0.0                1.16      -6.6
1980-02-14       0.0                1.04      -8.8
1980-02-15       0.0                1.21     -6.87
1980-02-16       0.0                1.21      -6.5
1980-02-17       0.0                1.02     -4.57
1980-02-18       0.1                0.68      -3.9
1980-02-19       0.0                1.14     -0.46
1980-02-20       0.0                1.32      -1.0
1980-02-21      0.22                1.23      -2.3
1980-02-22       0.0                1.41      -2.3
1980-02-23       0.0                1.54       2.4
1980-02-24      0.05                0.79     -0.13
1980-02-25       0.0                1.16      2.77
1980-02-26      0.04                1.61      4.57
1980-02-27      0.34                1.68      0.87
1980-02-28       0.0                1.72      1.27
1980-02-29      0.02                1.64      3.37
1980-03-01       0.0                2.06       2.9
1980-03-02       0.0                1.67      0.77
1980-03-03       0.0                1.92       2.6
1980-03-04      0.06                1.75       1.8
1980-03-05       0.0                2.04       2.6
1980-03-06       0.0                 1.7      3.17
1980-03-07      0.49                1.28       4.8
1980-03-08       0.0                1.98      5.03
1980-03-09      9.79                1.55      3.83
1980-03-10       1.2                1.96       3.2
1980-03-11       0.1                1.75      0.73
1980-03-12       0.0                1.75     -0.03
1980-03-13       0.0                2.11      2.33
1980-03-14       0.0                2.37       3.7
1980-03-15       0.0                2.21      1.24
1980-03-16       0.0                2.03      2.74
1980-03-17      0.13                1.42       4.8
1980-03-18      0.89                2.31       1.6
1980-03-19       0.0                2.28      4.43
1980-03-20       0.0                1.86       5.9
1980-03-21       0.0                2.36       3.0
1980-03-22      3.25                 1.3      1.67
1980-03-23      2.69                1.31      1.13
1980-03-24       0.0                2.27       0.5
1980-03-25       0.0                2.26      2.54
1980-03-26      0.02                2.86      5.13
1980-03-27       0.0                2.62       5.0
1980-03-28       0.0                2.65      7.53
1980-03-29       0.0                 2.2      9.07
1980-03-30       0.0                2.56      9.07
1980-03-31       4.1                1.24      5.17
1980-04-01       0.0                2.88       5.2
1980-04-02       0.0                 2.9      4.23
1980-04-03       0.0                3.19      8.73
1980-04-04      1.48                 2.6     14.23
1980-04-05     60.51                1.61     12.73
1980-04-06     19.27                2.18      5.07
1980-04-07       0.0                2.08      6.43
1980-04-08       0.0                2.01      9.73
1980-04-09       0.0                3.37      6.93
1980-04-10       0.0                3.59      7.73
1980-04-11      1.91                3.01     10.17
1980-04-12     16.66                 1.7      7.77
1980-04-13      9.54                1.42      4.43
1980-04-14      2.91                1.75      2.43
1980-04-15       1.0                2.81       3.2
1980-04-16      4.37                1.85      4.27
1980-04-17      0.16                 2.3      6.13
1980-04-18      1.37                2.39      9.17
1980-04-19     39.65                2.54      11.8
1980-04-20       0.0                3.47      8.54
1980-04-21       0.0                3.73       8.9
1980-04-22       0.0                3.33       7.5
1980-04-23       0.0                3.72      6.93
1980-04-24       0.0                3.78      6.73
1980-04-25       0.0                3.94      8.57
1980-04-26      0.48                2.96     10.67
1980-04-27      15.2                1.47      8.73
1980-04-28       0.0                1.97       9.4
1980-04-29       0.0                 2.6      10.4
1980-04-30      0.08                4.09     12.03
1980-05-01       0.0                4.35      12.1
1980-05-02       0.0                5.21     15.54
1980-05-03       2.2                1.97     14.87
1980-05-04      2.97                4.66      17.5
1980-05-05       0.0                4.29     11.37
1980-05-06       0.0                4.12     11.73
1980-05-07       0.0                4.23     12.53
1980-05-08       0.0                3.88     13.77
1980-05-09       0.0                3.49     13.37
1980-05-10       0.0                 5.0     15.87
1980-05-11      1.23                5.09     18.44
1980-05-12     18.26                1.76     13.47
1980-05-13      1.68                2.72     16.83
1980-05-14       8.2                2.81     16.77
1980-05-15      0.01                4.85     16.33
1980-05-16       0.0                5.13     13.27
1980-05-17       0.0                4.19     11.63
1980-05-18       0.0                4.23     13.47
1980-05-19       0.0                2.28     14.53
1980-05-20       0.0                 3.7     15.93
1980-05-21       0.0                4.88     17.87
1980-05-22       0.0                5.12     18.43
1980-05-23       0.0                 5.0     20.23
1980-05-24      0.33                 4.1      19.0
1980-05-25     23.46                1.98     17.03
1980-05-26      1.68                3.46      13.6
1980-05-27       0.0                5.27      14.2
1980-05-28       0.0                5.74     20.23
1980-05-29       0.0                4.75      19.4
1980-05-30       0.0                5.08     21.07
1980-05-31      0.04                4.54      18.8
1980-06-01      1.48                4.97     20.57
1980-06-02      4.31                1.93     17.13
1980-06-03      0.26                5.48     17.37
1980-06-04      0.82                5.18     19.43
1980-06-05       0.0                5.18      20.4
1980-06-06       0.0                4.99      20.6
1980-06-07      1.48                3.68     20.37
1980-06-08      13.6                2.32     17.13
1980-06-09       0.0                2.68      18.7
1980-06-10       0.0                3.34      21.0
1980-06-11       0.0                3.71      21.4
1980-06-12       0.0                4.87     22.54
1980-06-13       0.0                4.83      24.1
1980-06-14       0.0                5.11     23.53
1980-06-15       0.0                5.41     23.37
1980-06-16      7.33                2.37     21.83
1980-06-17      3.76                4.87     24.87
1980-06-18      1.27                4.46     22.93
1980-06-19      0.01                3.62     20.63
1980-06-20       0.0                 3.5     21.07
1980-06-21       0.0                 5.0     21.93
1980-06-22       0.0                5.16     21.93
1980-06-23       0.0                4.24      22.6
1980-06-24       0.0                4.27     25.57
1980-06-25     18.45                 2.2      19.7
1980-06-26      4.57                2.26      20.1
1980-06-27      0.34                2.23     20.93
1980-06-28       0.0                4.22     22.53
1980-06-29       0.0                4.81     22.97
1980-06-30     10.27                2.44     19.57
1980-07-01     14.32                2.21     16.63
1980-07-02      1.28                2.31     17.57
1980-07-03      0.09                5.19     20.83
1980-07-04      0.33                 2.4      20.2
1980-07-05      0.09                2.58     21.07
1980-07-06       0.0                4.76     23.03
1980-07-07      0.05                4.13     23.83
1980-07-08       0.0                4.73     22.57
1980-07-09       0.0                4.77     24.63
1980-07-10      0.77                3.67     24.87
1980-07-11      6.83                3.15      22.1
1980-07-12       0.0                4.01     23.37
1980-07-13     19.65                 3.1     22.23
1980-07-14     83.86                 2.1     19.47
1980-07-15      1.87                3.47      20.9
1980-07-16       0.0                4.99     21.27
1980-07-17      5.12                3.44     20.63
1980-07-18      3.93                2.14      18.9
1980-07-19      2.24                4.28     24.33
1980-07-20     47.31                2.24      23.0
1980-07-21     27.18                2.35     23.57
1980-07-22     45.73                2.86      24.2
1980-07-23      7.58                4.27     23.77
1980-07-24       0.0                3.66      23.0
1980-07-25      1.63                2.22     22.27
1980-07-26      1.82                3.84      23.7
1980-07-27     21.65                3.86      22.9
1980-07-28      6.24                2.13     21.27
1980-07-29      0.89                2.73     20.53
1980-07-30      2.27                4.06     19.43
1980-07-31       0.0                4.97     18.67
1980-08-01       0.0                5.13     19.63
