1992-11-01       0.0                1.22      5.13
1992-11-02      0.31                 1.1      6.23
1992-11-03      1.85                1.12      7.83
1992-11-04      0.07                0.98       7.6
1992-11-05       0.0                0.73      6.37
1992-11-06       0.0                0.84      8.57
1992-11-07      1.07                1.16       8.4
1992-11-08      5.62                0.78       8.2
1992-11-09      5.03                 1.1      5.17
1992-11-10      0.51                1.04       2.2
1992-11-11      1.03                0.87       4.1
1992-11-12      0.08                0.55      5.27
1992-11-13      1.26                0.76      7.67
1992-11-14      0.01                0.62      7.74
1992-11-15      1.22                1.08      5.64
1992-11-16       0.0                0.87      1.17
1992-11-17       0.0                 0.7      4.24
1992-11-18      0.21                 0.7      6.07
1992-11-19      8.56                0.65      6.73
1992-11-20      1.46                1.11       4.7
1992-11-21      0.18                0.75      1.07
1992-11-22      0.21                0.53      5.14
1992-11-23      1.05                1.38      4.27
1992-11-24       0.0                 0.7      3.97
1992-11-25      0.12                0.96      1.17
1992-11-26      0.03                0.82     -5.57
1992-11-27       0.0                0.47      -4.3
1992-11-28       0.0                0.47      -0.4
1992-11-29       0.0                 0.6      4.67
1992-11-30      0.07                0.57      5.64
1992-12-01       0.0                0.45      4.37
1992-12-02       0.0                0.43       3.3
1992-12-03      0.07                0.43      1.77
1992-12-04       0.0                0.45      1.87
1992-12-05       0.0                0.46      4.14
1992-12-06      4.41                0.43      3.17
1992-12-07      4.14                 0.5      7.17
1992-12-08      0.17                1.08      5.34
1992-12-09      0.24                0.43      2.04
1992-12-10      1.39                0.48      0.44
1992-12-11       0.1                0.85     -4.13
1992-12-12      1.09                0.33     -3.33
1992-12-13      1.33                0.81     -2.57
1992-12-14       0.0                0.43     -7.83
1992-12-15      0.01                 0.3     -7.83
1992-12-16       0.0                0.35      -3.9
1992-12-17       0.0                0.37     -3.53
1992-12-18       0.0                0.34     -3.23
1992-12-19       0.0                0.32     -2.83
1992-12-20      2.09                0.43      1.17
1992-12-21      1.92                0.86      2.37
1992-12-22       0.1                0.77     -2.37
1992-12-23       0.0                 1.0     -5.93
1992-12-24       0.0                0.64      -6.3
1992-12-25      0.03                0.35      -6.1
1992-12-26      1.08                0.35     -2.76
1992-12-27      2.24                0.37       1.4
1992-12-28      3.21                0.41      1.17
1992-12-29      1.23                 0.6      -0.6
1992-12-30      0.29                0.52     -2.03
1992-12-31       0.0                0.47      -4.1
1993-01-01       0.0                0.41     -3.46
1993-01-02       0.8                0.36      -1.0
1993-01-03       0.0                0.75     -1.27
1993-01-04       0.0                0.54      -4.8
1993-01-05       0.0                0.46     -4.46
1993-01-06      0.34                 0.4     -3.56
1993-01-07       0.0                0.43     -1.07
1993-01-08      0.71                0.46     -1.53
1993-01-09       2.4                0.57       1.5
1993-01-10       0.0                0.55      0.13
1993-01-11       0.0                0.65     -1.33
1993-01-12       0.0                0.47     -4.47
1993-01-13       0.0                0.41     -4.43
1993-01-14      1.51                0.39     -2.67
1993-01-15     10.71                0.34      -2.4
1993-01-16      3.41                0.43     -6.07
1993-01-17      1.33                0.42      -6.4
1993-01-18      0.13                0.52     -10.0
1993-01-19       0.0                0.38    -12.53
1993-01-20       0.0                0.41    -12.83
1993-01-21       0.0                0.46     -12.2
1993-01-22       0.0                0.45     -9.73
1993-01-23       0.0                0.49     -6.23
1993-01-24      0.08                0.68     -4.67
1993-01-25      0.22                0.53       0.1
1993-01-26      0.15                0.46     -1.36
1993-01-27      0.01                0.92     -6.57
1993-01-28       0.0                0.78     -9.67
1993-01-29       0.0                0.72     -8.07
1993-01-30       0.0                0.79     -5.53
1993-01-31       0.0                0.87     -1.17
1993-02-01      0.03                1.02      -4.7
1993-02-02      0.01                0.72      -5.0
1993-02-03       0.0                 0.8      -3.5
1993-02-04       0.0                0.89      0.73
1993-02-05      0.05                1.05       3.4
1993-02-06      0.15                1.13      8.53
1993-02-07      0.05                1.71      -1.1
1993-02-08       0.0                1.01     -5.13
1993-02-09       0.0                1.29     -2.57
1993-02-10       0.0                0.92      -3.0
1993-02-11       0.0                1.32      1.03
1993-02-12      0.29                0.86      -1.6
1993-02-13      1.17                0.57     -2.03
1993-02-14      1.06                1.15     -1.73
1993-02-15      0.97                0.93      1.74
1993-02-16     21.72                0.67      0.87
1993-02-17      7.85                0.89      1.03
1993-02-18      0.09                 1.1      0.67
1993-02-19       0.0                 1.2     -0.27
1993-02-20      0.78                 1.1       0.0
1993-02-21     12.03                0.75       1.7
1993-02-22      0.94                1.23     -1.83
1993-02-23      0.03                1.54      -6.5
1993-02-24       0.0                1.07     -6.53
1993-02-25       0.0                 1.2     -4.33
1993-02-26       0.0                1.28      -3.4
1993-02-27      0.03                0.92     -0.33
1993-02-28      1.16                1.59     -2.03
1993-03-01      0.03                1.47     -5.13
1993-03-02       0.0                1.52     -3.83
1993-03-03       0.0                1.23      0.64
1993-03-04       0.0                1.66      3.63
1993-03-05      0.01                1.79      5.27
1993-03-06      5.34                0.87      2.93
1993-03-07      0.09                1.49      0.77
1993-03-08      0.07                1.68      1.17
1993-03-09      0.24                1.55       0.6
1993-03-10       0.5                1.16      1.97
1993-03-11      0.04                1.31      3.43
1993-03-12      0.01                1.86      3.57
1993-03-13       0.0                1.92      5.17
1993-03-14      0.78                1.04       3.7
1993-03-15      0.57                1.89      3.37
1993-03-16      0.32                1.82      -0.5
1993-03-17      0.11                2.03      -0.3
1993-03-18      0.13                1.92       1.2
1993-03-19      0.07                1.58       1.7
1993-03-20      0.11                2.06      2.57
1993-03-21       0.0                 2.2      3.23
1993-03-22       0.0                2.18      5.93
1993-03-23       0.0                2.11      6.67
1993-03-24      8.07                0.98      3.23
1993-03-25      0.17                1.54      6.23
1993-03-26       0.0                2.08       7.6
1993-03-27       0.0                2.55      8.07
1993-03-28      0.13                2.54       4.9
1993-03-29      0.01                 2.6      3.93
1993-03-30      0.04                2.43       6.2
1993-03-31      7.61                1.11      5.44
1993-04-01      0.14                2.66       8.6
1993-04-02       0.0                2.67       9.9
1993-04-03      0.46                2.05      9.07
1993-04-04      0.22                 1.4      2.67
1993-04-05       0.0                 2.5       4.8
1993-04-06       0.0                2.48       5.9
1993-04-07       0.0                2.77      3.97
1993-04-08      0.04                2.27      2.63
1993-04-09      0.06                2.92      4.77
1993-04-10      3.14                1.11       1.3
1993-04-11      0.44                1.83      3.07
1993-04-12       0.0                2.55       5.4
1993-04-13       0.0                2.95       8.1
1993-04-14       0.0                3.64      9.04
1993-04-15       0.0                3.53     10.77
1993-04-16       0.0                3.82     11.57
1993-04-17       0.0                3.68     12.84
1993-04-18       0.0                3.53     14.17
1993-04-19       0.0                4.11      14.4
1993-04-20       0.0                4.25     15.77
1993-04-21     10.51                4.47     14.83
1993-04-22      9.54                3.26     14.43
1993-04-23      7.88                3.77      16.1
1993-04-24      1.49                3.84      11.3
1993-04-25      0.01                3.75       9.7
1993-04-26      2.66                3.74      9.77
1993-04-27      17.2                2.27      11.3
1993-04-28     18.43                 1.6      9.13
1993-04-29      5.96                1.95       9.6
1993-04-30      0.49                2.96      10.5
1993-05-01      0.63                3.22     10.67
1993-05-02      4.21                2.68     10.83
1993-05-03      0.04                3.88      12.9
1993-05-04       0.0                3.49      13.4
1993-05-05      0.17                3.71      15.0
1993-05-06      0.08                2.97     17.17
1993-05-07       0.0                3.69      16.6
1993-05-08       0.0                4.71      16.6
1993-05-09       0.0                1.82      13.2
1993-05-10      0.04                4.43     15.97
1993-05-11      2.79                4.39     17.17
1993-05-12     41.18                 1.9     16.57
1993-05-13     57.63                 2.0     13.57
1993-05-14      0.74                4.36      15.0
1993-05-15       0.0                4.59     13.87
1993-05-16      1.59                2.84     14.57
1993-05-17     18.78                2.06     11.47
1993-05-18      0.23                4.29     16.73
1993-05-19       0.0                4.41      18.7
1993-05-20       0.0                4.64     18.43
1993-05-21      3.44                1.99      14.5
1993-05-22       5.2                 4.2     17.23
1993-05-23      0.07                 4.8     16.73
1993-05-24      1.65                5.95     20.27
1993-05-25      6.62                2.65     16.23
1993-05-26      0.04                4.12      16.5
1993-05-27       0.0                4.58     17.47
1993-05-28       0.0                4.52     18.73
1993-05-29       0.0                5.46     17.73
1993-05-30      0.01                4.94      19.3
1993-05-31      2.78                4.98     21.23
1993-06-01      7.19                3.69     19.93
