1970-04-01       0.0                2.46       6.2
1970-04-02       0.0                1.79      7.13
1970-04-03       0.0                 3.0      7.77
1970-04-04       0.0                2.44       7.0
1970-04-05      0.22                2.94      8.13
1970-04-06       0.4                 2.8     10.67
1970-04-07      0.14                3.33       9.9
1970-04-08       0.0                 3.1      9.84
1970-04-09       0.0                3.41     10.63
1970-04-10       0.0                 3.9       9.0
1970-04-11       0.0                3.03       7.8
1970-04-12       0.0                3.64      8.23
1970-04-13       0.0                2.97       5.9
1970-04-14       0.0                3.27       8.2
1970-04-15       0.0                3.43     12.54
1970-04-16       0.0                1.83     14.44
1970-04-17       0.0                3.73     14.93
1970-04-18       0.0                4.11      10.4
1970-04-19      0.31                2.95       9.5
1970-04-20      0.03                2.49      14.5
1970-04-21       0.0                4.27     11.36
1970-04-22       0.0                4.37      11.0
1970-04-23      0.01                4.65     11.33
1970-04-24      0.05                3.58     10.06
1970-04-25       0.0                2.39     12.56
1970-04-26       0.0                4.62     12.86
1970-04-27       0.0                3.55      12.4
1970-04-28      0.01                3.99     13.63
1970-04-29       0.0                4.27     13.66
1970-04-30       0.0                4.25      14.4
1970-05-01      4.89                3.14      16.6
1970-05-02      3.42                1.87     14.47
1970-05-03      0.07                3.05     13.16
1970-05-04       0.0                5.16     15.19
1970-05-05       0.0                4.92     15.63
1970-05-06       0.0                4.24     13.63
1970-05-07       0.0                4.87     12.73
1970-05-08       0.0                5.11     15.23
1970-05-09      0.19                4.08     15.26
1970-05-10     10.59                2.21      13.2
1970-05-11      0.33                3.06     13.67
1970-05-12      0.01                4.52      17.7
1970-05-13       0.0                4.66     19.34
1970-05-14       0.0                4.59     19.77
1970-05-15       0.0                4.69     18.73
1970-05-16       0.0                5.16     19.73
1970-05-17       0.0                5.19      22.4
1970-05-18      0.39                 4.8      22.4
1970-05-19      4.58                3.58     19.37
1970-05-20      1.92                3.56     19.13
1970-05-21       0.0                4.67     18.87
1970-05-22       0.0                4.47     18.87
1970-05-23       0.0                4.82     19.67
1970-05-24      2.24                4.79      18.2
1970-05-25     12.93                1.94      15.9
1970-05-26      9.33                2.46     17.73
1970-05-27      0.15                4.82     21.14
1970-05-28       0.0                4.43     19.97
1970-05-29       0.0                5.31     19.36
1970-05-30      0.21                4.07     18.33
1970-05-31      4.22                2.21      16.1
1970-06-01      0.06                6.08     18.13
1970-06-02       0.0                4.08     14.93
1970-06-03      0.04                4.67      17.9
1970-06-04      0.73                4.76     17.26
1970-06-05       0.2                4.31     17.66
1970-06-06       0.0                5.18     19.96
1970-06-07      0.14                4.75     20.56
1970-06-08      7.94                4.19     22.53
1970-06-09      6.08                2.19     21.03
1970-06-10      3.58                3.39     21.77
1970-06-11     10.09                 3.7     20.16
1970-06-12      4.32                3.67     18.43
1970-06-13      0.16                5.04     19.03
1970-06-14      1.57                3.41      21.0
1970-06-15      3.96                4.16      18.1
1970-06-16       4.3                3.12     15.87
1970-06-17      2.36                2.63      16.2
1970-06-18     10.51                 2.0     16.13
1970-06-19     13.18                1.98      15.7
1970-06-20      4.53                3.12      18.4
1970-06-21       0.0                2.37     21.13
1970-06-22       0.0                2.47     21.97
1970-06-23       0.0                4.04     22.17
1970-06-24      0.08                4.79     22.83
1970-06-25     12.68                2.25     21.93
1970-06-26      2.48                4.11     22.07
1970-06-27       0.0                4.81     20.96
1970-06-28      0.27                 4.3     24.07
1970-06-29      18.3                2.27     20.43
1970-06-30      15.2                2.03     19.87
1970-07-01      0.36                 4.6     21.43
1970-07-02      0.19                3.52     21.03
1970-07-03     12.34                3.07     20.23
1970-07-04     33.42                2.03      19.5
1970-07-05     36.32                2.11      18.1
1970-07-06     28.45                2.33     17.03
1970-07-07      8.19                 3.6     16.86
1970-07-08      9.27                4.18     15.53
1970-07-09       6.9                2.13     15.96
1970-07-10      3.27                3.07      19.1
1970-07-11       0.7                3.38     19.76
1970-07-12      0.01                3.84     21.56
1970-07-13       0.0                 4.6      22.9
1970-07-14      0.11                5.15      23.2
1970-07-15      1.27                4.34     25.77
1970-07-16     22.56                2.13     23.47
1970-07-17      20.7                2.22      22.0
1970-07-18      20.9                2.33     22.23
1970-07-19     11.78                3.31     24.27
1970-07-20      2.54                2.46     24.57
1970-07-21      0.04                3.99     27.13
1970-07-22      2.44                2.61     28.47
1970-07-23      0.12                4.71     28.17
1970-07-24       3.4                3.28      27.0
1970-07-25      0.23                3.86      27.2
1970-07-26      2.37                2.91     26.63
1970-07-27     10.12                2.74     26.93
1970-07-28     13.82                2.42     26.77
1970-07-29     18.69                2.37     27.47
1970-07-30      2.75                 2.2     26.33
1970-07-31      6.08                2.26      26.2
1970-08-01      0.96                3.66     25.46
1970-08-02      1.62                 4.0     23.96
1970-08-03      7.28                2.86     26.87
1970-08-04     28.85                5.02     26.87
1970-08-05     41.19                2.09     23.27
1970-08-06      8.32                2.09     23.13
1970-08-07      0.16                5.21      24.3
1970-08-08      0.63                4.07      24.7
1970-08-09      0.05                4.58      25.7
1970-08-10       0.0                4.21     26.76
1970-08-11       0.2                4.24     27.16
1970-08-12       0.0                5.43      25.6
1970-08-13      0.01                3.63      24.8
1970-08-14      5.66                 4.4      25.3
1970-08-15       6.4                2.89      23.5
1970-08-16      2.48                2.67      23.6
1970-08-17      3.13                1.99      22.4
1970-08-18      2.55                2.71      21.9
1970-08-19      1.92                3.72      22.9
1970-08-20      3.27                2.83     23.03
1970-08-21      2.04                4.19     23.63
1970-08-22     22.03                2.13     24.57
1970-08-23      9.95                3.78     25.03
1970-08-24      8.89                1.97      24.4
1970-08-25     11.66                1.94     24.67
1970-08-26     15.27                1.92     23.47
1970-08-27      3.24                1.87     23.03
1970-08-28      6.91                2.08      22.2
1970-08-29      1.98                3.66     22.87
1970-08-30      1.97                4.37     22.97
1970-08-31     18.89                2.29     22.87
1970-09-01     35.19                1.98     25.03
1970-09-02     27.26                 3.8     22.37
1970-09-03      4.62                3.21      24.6
1970-09-04     23.92                1.66     22.03
1970-09-05      8.84                 4.2     23.46
1970-09-06       0.0                4.21     23.93
1970-09-07      0.02                4.09     24.37
1970-09-08      2.44                2.44     24.57
1970-09-09      31.4                1.51      22.5
1970-09-10      5.84                3.51     20.63
1970-09-11     30.92                2.58     19.07
1970-09-12     13.08                1.66     18.13
1970-09-13       0.0                2.95     19.67
1970-09-14      0.08                2.75      19.8
1970-09-15      4.34                 2.3     20.33
1970-09-16     49.62                2.84      22.2
1970-09-17     72.82                1.25     18.47
1970-09-18     11.79                2.57     18.53
1970-09-19      0.58                2.93     19.53
1970-09-20      0.13                3.03      19.9
1970-09-21      0.99                 1.8     18.37
1970-09-22      0.03                2.95     20.47
1970-09-23       0.0                 2.4      20.2
1970-09-24       0.0                2.13      18.6
1970-09-25       0.0                1.39     18.73
1970-09-26       0.0                3.17     18.33
1970-09-27      0.38                2.43      18.6
1970-09-28      2.79                 1.4     18.47
1970-09-29      0.38                1.99     14.37
1970-09-30       0.0                2.55     14.14
1970-10-01       0.0                2.46      15.8
1970-10-02       0.0                 2.1     15.27
1970-10-03       0.0                1.78     16.03
1970-10-04       0.0                1.86     15.77
1970-10-05       0.0                1.68     16.87
1970-10-06       0.0                1.98     17.47
1970-10-07       0.0                1.89     16.37
1970-10-08       0.0                2.05     17.87
1970-10-09       0.0                1.15      16.6
1970-10-10       0.0                1.43      17.2
1970-10-11      0.39                1.25     17.27
1970-10-12      6.35                1.18      17.7
1970-10-13       0.0                2.34     15.63
1970-10-14       0.0                1.81     15.03
1970-10-15       0.0                1.85      16.8
1970-10-16       0.0                2.14      15.6
1970-10-17       0.0                2.09     17.03
1970-10-18       0.0                1.78      14.4
1970-10-19      2.31                1.83     12.47
1970-10-20       0.0                1.68      13.1
1970-10-21       0.0                1.42     14.17
1970-10-22      0.02                1.29     15.14
1970-10-23       0.4                0.87     14.44
1970-10-24       8.3                0.77     14.04
1970-10-25     19.83                0.82      15.7
1970-10-26      2.92                1.36       8.8
1970-10-27      0.09                1.25      7.04
1970-10-28      1.58                0.99       8.2
1970-10-29       0.0                1.47      6.47
1970-10-30      0.25                1.13       6.0
1970-10-31       0.0                1.12       8.7
1970-11-01       0.0                 1.1     10.03
