1973-12-01      0.11                0.64     -1.96
1973-12-02      0.87                0.74      3.87
1973-12-03       0.0                1.51      -2.0
1973-12-04      0.03                1.27      -7.3
1973-12-05      0.49                 0.5     -6.13
1973-12-06      0.53                 1.3     -4.73
1973-12-07       0.0                 0.9     -7.77
1973-12-08      0.01                0.57     -5.83
1973-12-09       0.0                0.84      -5.4
1973-12-10       0.0                0.59     -2.83
1973-12-11      0.02                0.48     -3.56
1973-12-12       0.2                0.51     -1.36
1973-12-13      0.01                0.65     -3.13
1973-12-14      0.03                0.54      -0.8
1973-12-15      0.01                 0.7      1.74
1973-12-16       0.0                0.74      -3.1
1973-12-17      0.05                 0.6     -6.33
1973-12-18       0.0                0.71     -4.23
1973-12-19       0.0                0.64     -3.66
1973-12-20       0.2                0.49     -0.83
1973-12-21      1.67                1.22     -2.23
1973-12-22      1.11                0.79      -8.3
1973-12-23      0.01                0.61      -9.7
1973-12-24       0.0                0.39    -12.56
1973-12-25       0.0                0.36    -10.43
1973-12-26      0.06                0.39      -6.8
1973-12-27      0.16                0.34     -3.83
1973-12-28       0.2                1.12      -2.9
1973-12-29      1.64                0.42     -8.06
1973-12-30      0.59                0.52     -6.46
1973-12-31       1.1                0.83      -3.1
1974-01-01       0.0                0.46      -2.1
1974-01-02       0.0                0.53      -1.2
1974-01-03       0.0                0.43     -0.73
1974-01-04       0.0                0.35     -2.17
1974-01-05       0.0                0.41      -1.3
1974-01-06       0.0                0.46     -2.83
1974-01-07       0.0                0.47     -3.33
1974-01-08      0.01                0.69     -0.93
1974-01-09      0.03                0.73     -0.77
1974-01-10      0.01                0.81     -2.13
1974-01-11      0.01                1.01     -3.53
1974-01-12       0.0                0.69     -4.23
1974-01-13       0.0                0.57     -4.96
1974-01-14       0.0                0.59      -3.7
1974-01-15       0.0                1.09     -2.43
1974-01-16       0.0                0.65      -7.4
1974-01-17      0.02                 0.9     -6.13
1974-01-18      0.02                0.79     -7.73
1974-01-19      0.45                0.81     -5.36
1974-01-20      0.39                 0.7      -4.4
1974-01-21      7.95                0.45     -1.53
1974-01-22      0.01                0.83     -2.43
1974-01-23       0.0                0.94    -11.16
1974-01-24       0.0                0.41    -14.63
1974-01-25       0.0                0.45    -13.16
1974-01-26      0.02                0.44    -11.43
1974-01-27      0.68                0.69      -8.4
1974-01-28       0.0                0.43    -11.86
1974-01-29      0.73                0.71      -8.4
1974-01-30      1.35                0.78      -4.3
1974-01-31       0.0                0.67     -3.93
1974-02-01      0.46                0.71      -5.9
1974-02-02      0.79                0.69     -3.77
1974-02-03      0.02                0.75      -3.5
1974-02-04      1.26                0.89     -0.33
1974-02-05      2.49                1.09     -0.87
1974-02-06      1.69                1.46     -3.33
1974-02-07      2.35                0.69     -3.03
1974-02-08      0.39                0.57      -5.6
1974-02-09       0.0                0.58     -10.1
1974-02-10       0.3                1.01     -8.37
1974-02-11      0.48                0.95    -10.87
1974-02-12      2.46                0.47     -9.93
1974-02-13      0.01                0.85     -7.33
1974-02-14      0.46                0.86     -2.37
1974-02-15      2.81                0.61      0.63
1974-02-16       0.0                1.16      3.47
1974-02-17       0.0                1.19      2.83
1974-02-18      0.48                 1.4      4.17
1974-02-19      2.07                0.64      1.17
1974-02-20       0.0                1.52      1.37
1974-02-21      0.39                1.19     -1.37
1974-02-22      0.53                 1.1       2.5
1974-02-23      0.02                1.47     -3.33
1974-02-24       0.0                1.11      -6.4
1974-02-25       0.0                1.21    -10.53
1974-02-26       0.0                1.07     -10.7
1974-02-27       0.0                1.17     -7.67
1974-02-28       0.0                1.17     -5.33
1974-03-01       0.0                1.49     -2.23
1974-03-02       0.0                1.56      0.87
1974-03-03       0.0                0.98      1.73
1974-03-04      1.28                1.17       4.5
1974-03-05      1.28                 1.8      5.47
1974-03-06     13.37                1.22      3.53
1974-03-07       2.9                1.51       2.6
1974-03-08      0.33                 1.7      4.17
1974-03-09      1.77                1.14      3.93
1974-03-10      0.51                2.43      0.73
1974-03-11      0.53                1.65      -4.9
1974-03-12       0.0                1.82      -6.6
1974-03-13       0.0                1.76     -4.06
1974-03-14       0.0                1.69       1.1
1974-03-15      0.02                1.41      2.14
1974-03-16      0.04                1.63       2.8
1974-03-17      0.03                2.05       1.8
1974-03-18      0.58                2.31       0.6
1974-03-19       0.0                2.25     -0.57
1974-03-20      1.09                1.88      2.67
1974-03-21      1.92                1.53      0.87
1974-03-22       0.4                2.45      -0.6
1974-03-23       0.0                 2.2     -0.03
1974-03-24       0.0                1.68      1.57
1974-03-25      0.09                 2.4       4.7
1974-03-26      1.32                2.45       5.7
1974-03-27      3.65                2.56      5.13
1974-03-28       0.0                2.52       4.8
1974-03-29       0.0                2.38       6.5
1974-03-30      0.83                2.88      9.43
1974-03-31      8.41                1.48      5.37
1974-04-01      1.69                2.45       3.1
1974-04-02       0.0                3.54       4.7
1974-04-03      0.45                 3.7      8.64
1974-04-04      8.74                1.43      8.07
1974-04-05      2.98                2.53      9.37
1974-04-06      4.63                 3.3     11.97
1974-04-07     26.67                2.23      8.47
1974-04-08       0.0                4.34      5.67
1974-04-09       0.0                3.49      8.07
1974-04-10       0.0                3.44      8.43
1974-04-11       0.0                2.66      8.43
1974-04-12       0.8                3.59     10.93
1974-04-13       8.7                1.54     10.13
1974-04-14      0.34                4.33     12.43
1974-04-15       0.0                4.19     12.23
1974-04-16      0.25                4.26     12.17
1974-04-17      2.18                1.96      8.47
1974-04-18      1.13                4.06     11.17
1974-04-19      1.89                3.95      9.37
1974-04-20      3.75                2.95      10.0
1974-04-21     19.82                 4.1       9.0
1974-04-22       4.6                1.37       4.5
1974-04-23      0.91                3.36     10.03
1974-04-24      1.03                2.14     11.83
1974-04-25      3.33                 3.4     10.47
1974-04-26      0.44                2.15      6.07
1974-04-27      1.66                4.26     12.73
1974-04-28      10.7                1.64     10.77
1974-04-29      0.03                4.09     12.14
1974-04-30       0.0                2.92      13.1
1974-05-01       0.0                4.15     11.27
1974-05-02       0.0                 4.6     13.27
1974-05-03       0.0                4.59     15.04
1974-05-04       0.0                4.01     13.84
1974-05-05       0.0                4.71      12.1
1974-05-06       0.0                4.52     12.67
1974-05-07      4.09                3.93     13.67
1974-05-08     37.34                1.62     10.43
1974-05-09       1.0                5.11     14.73
1974-05-10       0.0                4.67     14.37
1974-05-11       0.0                4.66     15.37
1974-05-12      3.49                4.47      16.1
1974-05-13     13.47                2.32     14.23
1974-05-14     39.94                2.53     14.87
1974-05-15       0.0                5.25      12.7
1974-05-16       0.0                3.62      15.1
1974-05-17      0.43                4.95      18.8
1974-05-18      8.08                2.45      18.7
1974-05-19     36.59                2.31      18.1
1974-05-20     16.62                2.28     16.67
1974-05-21      0.41                5.75     18.67
1974-05-22      0.95                5.79      20.4
1974-05-23       0.0                5.57     15.73
1974-05-24      0.51                5.31      14.8
1974-05-25      8.08                1.93     10.73
1974-05-26      3.87                 5.2      15.2
1974-05-27      0.01                5.01     14.87
1974-05-28       0.0                4.94      19.9
1974-05-29       0.0                4.91     22.53
1974-05-30      3.76                4.57     20.46
1974-05-31     10.54                3.72      15.2
1974-06-01      5.73                5.33     15.33
1974-06-02      3.14                 4.4     18.03
1974-06-03     13.69                 4.2      15.2
1974-06-04      0.82                3.66     11.07
1974-06-05      2.57                3.76     10.47
1974-06-06      0.18                3.71      13.9
1974-06-07       0.0                3.82     16.77
1974-06-08       0.0                4.85      18.5
1974-06-09       1.3                4.68     20.67
1974-06-10     11.15                2.42     17.07
1974-06-11       0.0                5.27     18.23
1974-06-12       0.0                5.49     18.83
1974-06-13       0.0                4.62      19.3
1974-06-14       0.0                5.53     20.53
1974-06-15       0.0                 6.1     21.97
1974-06-16       0.0                4.31     19.97
1974-06-17      0.07                 4.3     20.07
1974-06-18      2.46                6.48      20.0
1974-06-19      0.09                5.23      18.5
1974-06-20      1.16                2.56     16.43
1974-06-21       0.6                2.64     14.27
1974-06-22       0.0                5.35     16.87
1974-06-23      0.78                4.55     18.17
1974-06-24      2.19                5.01      19.0
1974-06-25      1.19                4.15     19.83
1974-06-26      1.47                5.66     21.33
1974-06-27      7.14                4.28     19.97
1974-06-28      0.89                3.82      17.9
1974-06-29      0.15                3.87     19.13
1974-06-30       0.0                 4.2     20.33
1974-07-01      0.77                5.46     21.47
