1984-02-01      2.27                0.77     -6.33
1984-02-02      0.12                 0.8    -11.43
1984-02-03       0.0                0.49    -14.36
1984-02-04       0.0                0.57     -10.4
1984-02-05       0.0                0.95      -6.3
1984-02-06       0.0                0.75     -13.1
1984-02-07       0.0                0.61    -13.76
1984-02-08       0.0                0.74    -12.96
1984-02-09       0.0                0.68    -11.73
1984-02-10       0.0                0.65    -10.06
1984-02-11       0.0                0.92     -4.57
1984-02-12       0.0                1.12     -2.87
1984-02-13       0.0                0.86     -4.96
1984-02-14       0.0                1.06      -4.3
1984-02-15       0.0                1.05      -5.6
1984-02-16       0.0                0.71      -7.5
1984-02-17      0.21                 1.2      -3.3
1984-02-18       0.2                1.12      -4.2
1984-02-19       0.0                1.16      -4.1
1984-02-20       0.0                 1.2     -2.03
1984-02-21       0.0                1.29      -0.4
1984-02-22      1.92                0.87      -0.9
1984-02-23       2.8                1.04      2.33
1984-02-24      0.16                1.48       2.4
1984-02-25      0.86                1.01      1.93
1984-02-26      0.62                 1.4     -1.57
1984-02-27       0.0                1.32      -4.6
1984-02-28       0.0                 1.3     -5.83
1984-02-29      0.11                1.28     -6.53
1984-03-01      2.07                0.55     -4.26
1984-03-02      0.56                1.52     -1.27
1984-03-03      0.36                1.13      -5.4
1984-03-04       0.0                1.36     -6.07
1984-03-05      0.07                1.17     -4.23
1984-03-06       0.0                1.32     -2.17
1984-03-07       0.0                1.78      -2.1
1984-03-08       0.0                1.71     -0.47
1984-03-09      0.42                 1.5     -0.03
1984-03-10       0.4                1.88      -1.1
1984-03-11      1.08                1.63     -1.73
1984-03-12      0.59                 2.0       0.8
1984-03-13       0.0                1.19      0.07
1984-03-14       0.0                1.97      3.23
1984-03-15      1.51                1.12      2.93
1984-03-16      1.26                1.72      2.93
1984-03-17       0.0                2.54      3.43
1984-03-18       0.0                 1.7       1.4
1984-03-19      0.02                2.05      3.33
1984-03-20      1.46                1.33      0.13
1984-03-21      0.13                2.04      -0.5
1984-03-22      0.01                1.78      0.17
1984-03-23      0.19                1.39      1.03
1984-03-24       0.1                2.38      3.37
1984-03-25      0.35                 2.3      1.97
1984-03-26      0.16                1.87     -0.43
1984-03-27      0.05                2.11      4.27
1984-03-28      0.42                1.91      2.27
1984-03-29      0.33                1.79      8.33
1984-03-30       0.7                1.62      6.97
1984-03-31      0.15                1.58      2.67
1984-04-01       0.0                2.81       4.8
1984-04-02       0.0                2.63      5.57
1984-04-03      0.01                3.11      9.73
1984-04-04      4.15                2.56       9.3
1984-04-05      9.84                1.66      5.27
1984-04-06      0.15                2.92       4.2
1984-04-07       0.0                2.99      6.77
1984-04-08       0.0                3.42       6.7
1984-04-09       0.0                2.04      7.53
1984-04-10      0.06                3.08      8.23
1984-04-11      0.49                2.76       7.4
1984-04-12      0.02                 3.5      9.17
1984-04-13       0.0                3.15      9.97
1984-04-14      0.52                2.84      9.87
1984-04-15      2.51                2.41      11.8
1984-04-16      4.41                1.81     11.86
1984-04-17       9.4                1.74     14.37
1984-04-18      9.78                1.67       9.2
1984-04-19       1.0                3.64      6.93
1984-04-20       0.0                3.74       6.5
1984-04-21       0.0                3.15      8.83
1984-04-22       0.0                3.83       9.3
1984-04-23       0.0                4.07     12.83
1984-04-24       0.0                3.89     13.43
1984-04-25      1.84                2.95     14.57
1984-04-26      8.86                1.52     10.93
1984-04-27       1.3                 2.1      13.7
1984-04-28     13.94                1.82     14.47
1984-04-29      2.27                3.69      12.1
1984-04-30      1.74                4.17     13.63
1984-05-01      3.33                3.16      9.83
1984-05-02      0.15                4.23     12.63
1984-05-03       0.0                3.84      13.2
1984-05-04      0.16                4.41      15.3
1984-05-05      0.08                4.19      14.8
1984-05-06      0.04                4.71     14.87
1984-05-07       0.0                4.85      16.0
1984-05-08       0.0                 4.9     18.07
1984-05-09       0.0                4.07     18.37
1984-05-10       0.0                 4.5     16.77
1984-05-11      0.41                4.86     19.23
1984-05-12     28.92                1.87     15.13
1984-05-13     18.07                2.76     12.03
1984-05-14      1.42                4.83     15.93
1984-05-15       0.0                3.02     14.97
1984-05-16       0.0                4.45     15.03
1984-05-17      0.32                 4.5     15.57
1984-05-18      1.24                4.09     16.37
1984-05-19      0.07                4.74     15.87
1984-05-20       0.0                5.31     16.37
1984-05-21       0.0                4.57     15.43
1984-05-22       0.0                4.66     15.73
1984-05-23       0.0                4.26     16.37
1984-05-24      0.03                4.59     17.97
1984-05-25      0.14                3.14     17.97
1984-05-26      0.34                2.35     18.67
1984-05-27      0.14                3.62     19.67
1984-05-28      1.16                3.63      19.1
1984-05-29      6.03                4.55      19.9
1984-05-30      4.83                4.32     19.63
1984-05-31      0.51                5.44     19.37
1984-06-01       0.0                5.24      21.1
1984-06-02       0.1                5.24      22.0
1984-06-03      2.96                5.48     21.33
1984-06-04      2.16                5.14      20.3
1984-06-05      0.19                3.61      21.9
1984-06-06      39.5                 3.1     23.27
1984-06-07      3.51                3.94      20.6
1984-06-08       0.0                4.38     20.37
1984-06-09       0.0                2.29     18.07
1984-06-10       0.0                5.22      19.3
1984-06-11      0.17                4.64     20.27
1984-06-12      0.08                4.97     21.43
1984-06-13      0.01                 5.9     22.67
1984-06-14       0.0                5.98      20.6
1984-06-15      0.01                4.51     19.97
1984-06-16     14.63                2.45      20.0
1984-06-17      6.37                2.26      19.5
1984-06-18     24.23                2.08      19.6
1984-06-19     10.06                3.89     19.93
1984-06-20      0.09                 3.9     20.57
1984-06-21      0.31                4.31     22.33
1984-06-22       1.0                2.39      20.1
1984-06-23       0.0                5.67     20.77
1984-06-24      0.98                4.96     20.43
1984-06-25      9.03                2.19      19.0
1984-06-26      1.77                4.11     22.23
1984-06-27       0.0                4.82     21.17
1984-06-28      0.26                3.38      20.0
1984-06-29      0.29                4.58     21.33
1984-06-30      0.57                5.13     22.97
1984-07-01      0.12                5.46     24.57
1984-07-02      5.64                3.61     25.57
1984-07-03     96.72                2.58     24.13
1984-07-04     85.38                 2.3     21.03
1984-07-05      4.83                4.47      22.2
1984-07-06      2.85                3.52      24.6
1984-07-07     13.93                2.47     22.27
1984-07-08     13.64                2.63      23.0
1984-07-09      0.78                2.73      24.0
1984-07-10       3.6                4.57     23.67
1984-07-11      1.51                5.11      22.6
1984-07-12     16.14                2.18     21.43
1984-07-13      1.69                4.24     24.67
1984-07-14       0.0                4.47     25.17
1984-07-15      0.55                4.04     25.93
1984-07-16      2.11                 4.6      23.9
1984-07-17       0.0                4.46      24.0
1984-07-18      0.58                5.28     24.57
1984-07-19      0.86                5.59     23.43
1984-07-20       0.0                5.79      24.2
1984-07-21       0.0                6.04     23.03
1984-07-22     16.54                3.39      21.1
1984-07-23     20.94                3.61     22.73
1984-07-24       0.0                4.69     24.53
1984-07-25      0.12                4.88     25.93
1984-07-26       0.0                3.81     25.83
1984-07-27      0.22                5.02     27.07
1984-07-28      3.92                3.78     27.63
1984-07-29     11.61                4.45     25.53
1984-07-30      0.38                6.05     26.07
1984-07-31       0.0                 6.0     26.13
1984-08-01      5.73                3.81     26.57
1984-08-02      8.13                3.14     26.87
1984-08-03     11.92                3.35     25.83
1984-08-04      0.21                4.39     26.67
1984-08-05       0.0                3.74     27.07
1984-08-06       0.0                4.88      27.2
1984-08-07       0.0                4.81     26.43
1984-08-08       0.0                4.47      26.7
1984-08-09       0.0                4.55      28.3
1984-08-10       0.0                4.81     28.73
1984-08-11       0.0                 5.4      27.7
1984-08-12      0.01                5.69      27.6
1984-08-13      3.66                4.45     27.07
1984-08-14     15.13                3.21      26.4
1984-08-15     24.11                2.03      22.5
1984-08-16     12.03                4.46     22.23
1984-08-17      2.93                4.59      22.1
1984-08-18      0.01                5.43     26.13
1984-08-19      0.03                5.81     25.33
1984-08-20     12.39                4.08     25.53
1984-08-21     48.75                3.01     24.27
1984-08-22      3.94                 4.5     24.07
1984-08-23      1.03                 2.8      22.8
1984-08-24     51.89                1.79     20.77
1984-08-25      4.59                3.96      23.2
1984-08-26      2.26                2.96     21.83
1984-08-27      5.99                3.67     23.87
1984-08-28     37.45                 2.2     25.13
1984-08-29     25.99                2.26      21.3
1984-08-30     19.21                3.57     24.07
1984-08-31      72.6                1.82     21.87
1984-09-01    264.04                1.88     20.33
