1986-06-01      0.46                3.79     20.33
1986-06-02      0.05                4.82     20.77
1986-06-03      0.01                5.31     20.33
1986-06-04      2.51                5.11     17.63
1986-06-05       4.8                3.96      15.8
1986-06-06      0.52                2.73      14.5
1986-06-07       0.0                4.82     17.57
1986-06-08       0.0                5.67      19.7
1986-06-09       0.0                4.81     19.93
1986-06-10       0.0                3.33      21.1
1986-06-11      0.04                 5.5     22.47
1986-06-12       0.0                5.49     21.47
1986-06-13      0.47                3.31     19.43
1986-06-14      0.42                 4.6     20.93
1986-06-15      5.63                2.13     17.83
1986-06-16     19.09                2.08      18.4
1986-06-17      5.19                2.56     18.67
1986-06-18      3.11                 2.9     19.37
1986-06-19      0.52                4.28     20.77
1986-06-20       0.0                4.44     20.43
1986-06-21       0.0                4.97     21.93
1986-06-22      0.96                3.79      22.4
1986-06-23      0.78                5.22      21.1
1986-06-24      7.77                2.63     20.17
1986-06-25     15.07                3.83      21.8
1986-06-26      1.25                5.57     23.97
1986-06-27      0.13                3.74      23.9
1986-06-28     26.36                 2.4     20.23
1986-06-29      1.29                4.63      22.3
1986-06-30      0.85                4.66     20.63
1986-07-01      2.39                2.58     16.73
1986-07-02      0.31                4.99     16.97
1986-07-03      0.26                4.58      16.4
1986-07-04      0.57                3.88     17.57
1986-07-05       1.0                2.32      16.5
1986-07-06      0.01                4.05      19.5
1986-07-07      0.04                4.55     21.77
1986-07-08      0.65                5.54      22.2
1986-07-09      0.09                4.19     20.97
1986-07-10      1.01                4.13      23.1
1986-07-11     20.72                 2.2     21.17
1986-07-12      5.92                2.27      21.1
1986-07-13       3.7                2.79      22.4
1986-07-14      3.84                3.57     23.03
1986-07-15      2.29                3.56     22.97
1986-07-16     32.37                2.33     19.97
1986-07-17     11.73                3.98      21.5
1986-07-18     14.01                3.79     23.83
1986-07-19     29.05                2.27     20.53
1986-07-20      0.55                3.13      23.0
1986-07-21       7.2                2.28     22.37
1986-07-22      5.13                4.18     21.27
1986-07-23      6.52                2.43      20.9
1986-07-24     16.65                2.26     21.67
1986-07-25     22.12                2.23     21.83
1986-07-26      9.69                2.23      23.3
1986-07-27      0.62                2.36     25.47
1986-07-28       0.0                5.03     26.47
1986-07-29       0.0                2.79      25.5
1986-07-30       0.0                 3.5     25.77
1986-07-31       1.0                5.26      26.4
1986-08-01      9.82                4.14     27.17
1986-08-02      5.95                4.66     27.33
1986-08-03       5.8                4.12      25.7
1986-08-04      1.78                 3.8     24.37
1986-08-05      0.25                5.22      22.7
1986-08-06       0.8                4.63     22.83
1986-08-07      1.46                4.41      23.7
1986-08-08      0.43                4.19     23.87
1986-08-09      0.11                3.74      24.0
1986-08-10     17.37                3.05      25.2
1986-08-11     32.94                3.18     22.07
1986-08-12      3.79                2.99     23.27
1986-08-13     11.44                4.42      25.2
1986-08-14      0.62                4.57     24.33
1986-08-15      1.44                 4.0     24.03
1986-08-16      8.68                2.09     22.13
1986-08-17       2.1                2.17     23.53
1986-08-18      0.12                2.09      23.1
1986-08-19       1.5                4.38     24.83
1986-08-20     25.79                2.71      22.5
1986-08-21     11.36                2.97      21.2
1986-08-22      2.47                4.34      19.4
1986-08-23      0.36                3.97     20.63
1986-08-24      0.04                3.59     22.47
1986-08-25      1.22                4.51     22.97
1986-08-26     22.74                3.24     22.53
1986-08-27      33.2                 2.1     21.37
1986-08-28     40.22                2.14      21.2
1986-08-29     13.46                3.45     21.03
1986-08-30      0.61                 4.6     22.57
1986-08-31       0.0                3.48     21.97
1986-09-01      3.28                3.76      23.3
1986-09-02     19.87                1.77      19.9
1986-09-03      2.45                3.48     21.17
1986-09-04      0.93                3.32     20.97
1986-09-05       0.0                3.72      22.7
1986-09-06       0.0                3.67      22.1
1986-09-07       0.0                2.94     21.07
1986-09-08      0.08                2.58     20.63
1986-09-09       0.0                3.22     20.93
1986-09-10       0.0                 3.4      21.3
1986-09-11      0.06                2.36     20.93
1986-09-12      1.26                3.29     20.27
1986-09-13      5.02                2.94      19.0
1986-09-14      0.86                3.26     17.77
1986-09-15      0.01                3.48      18.2
1986-09-16       0.0                3.09     16.63
1986-09-17       0.0                3.34      13.7
1986-09-18       0.0                3.13      13.8
1986-09-19       0.0                2.74      15.4
1986-09-20     26.77                1.71     14.67
1986-09-21     47.53                1.55      14.7
1986-09-22      1.13                 2.6     17.63
1986-09-23       0.0                 3.1     16.07
1986-09-24       0.0                2.42     14.23
1986-09-25       0.0                2.42     16.27
1986-09-26       0.0                2.29     16.03
1986-09-27       0.0                1.99     15.37
1986-09-28       0.0                 3.1      15.5
1986-09-29       0.0                2.64      14.5
1986-09-30      0.08                3.17     13.33
1986-10-01      5.33                2.48     13.83
1986-10-02      5.63                1.24     11.63
1986-10-03      0.37                1.78      13.9
1986-10-04      0.07                2.36     14.43
1986-10-05      0.04                1.84     16.13
1986-10-06      0.01                2.47     16.17
1986-10-07       0.0                2.63      14.4
1986-10-08      0.98                2.21     13.87
1986-10-09       4.8                1.11     13.87
1986-10-10     35.36                1.94      15.2
1986-10-11     33.76                1.76     10.97
1986-10-12      1.41                1.91      12.3
1986-10-13       0.0                1.68     11.97
1986-10-14      3.94                1.71     13.83
1986-10-15      0.77                1.47     14.03
1986-10-16      0.61                1.72     12.13
1986-10-17      0.05                1.97      8.43
1986-10-18       0.0                1.92      8.67
1986-10-19      0.33                1.89       7.1
1986-10-20       1.7                1.04      7.67
1986-10-21     21.98                0.95      9.17
1986-10-22      4.26                1.66      7.67
1986-10-23      0.14                1.38      8.03
1986-10-24       0.0                1.57     10.57
1986-10-25      0.31                1.42      10.2
1986-10-26      0.44                2.19      7.97
1986-10-27      1.38                1.47      5.07
1986-10-28      1.24                1.63      5.14
1986-10-29       0.0                1.12       3.0
1986-10-30       0.0                1.24       2.4
1986-10-31       0.0                1.16      3.93
1986-11-01      0.21                0.69      4.67
1986-11-02      1.05                 1.1      7.53
1986-11-03       1.5                0.92      5.84
1986-11-04      0.28                 1.3      4.47
1986-11-05      0.37                0.99      5.24
1986-11-06      1.41                0.66       7.1
1986-11-07      2.85                1.74      8.47
1986-11-08       0.0                0.98      3.63
1986-11-09      0.67                0.64       4.9
1986-11-10      0.08                1.66      5.57
1986-11-11       0.0                0.86      3.83
1986-11-12      0.13                0.74      5.17
1986-11-13      0.28                0.59      8.17
1986-11-14      0.01                1.24      7.53
1986-11-15       0.0                1.21      2.24
1986-11-16       0.0                0.64      0.17
1986-11-17      0.08                0.71      2.17
1986-11-18       0.0                0.65      3.47
1986-11-19       0.0                0.67      3.13
1986-11-20       0.0                0.86      2.43
1986-11-21       0.0                0.66       3.3
1986-11-22       0.0                0.53      2.77
1986-11-23       2.0                0.91       5.5
1986-11-24      3.68                0.64      6.37
1986-11-25      0.03                1.45      1.67
1986-11-26      0.06                0.78      -2.4
1986-11-27       0.0                0.57     -3.03
1986-11-28      0.11                0.58     -1.43
1986-11-29       0.0                 0.7      -3.8
1986-11-30       0.0                0.91     -2.66
1986-12-01       0.0                0.81       3.3
1986-12-02       0.0                0.53      2.27
1986-12-03      1.19                 0.5      3.54
1986-12-04      0.79                0.88       0.6
1986-12-05      0.38                0.44      -0.4
1986-12-06      0.13                0.92       3.3
1986-12-07       0.0                0.57      -1.1
1986-12-08       0.0                0.44       0.0
1986-12-09      0.41                0.36      0.94
1986-12-10      0.28                0.99      2.47
1986-12-11      0.01                0.43      1.64
1986-12-12       0.0                0.39       3.2
1986-12-13      0.17                0.46      5.53
1986-12-14      0.94                0.68      5.43
1986-12-15      0.71                1.37     -0.17
1986-12-16       0.0                0.53      0.17
1986-12-17      1.45                0.47       0.7
1986-12-18      5.35                0.48      2.47
1986-12-19      2.66                0.53      2.07
1986-12-20      0.53                0.85      1.33
1986-12-21       0.0                1.03      0.27
1986-12-22       0.0                0.61      -3.3
1986-12-23       0.0                0.64     -2.46
1986-12-24       0.0                0.77      4.37
1986-12-25       0.0                 1.1     -1.06
1986-12-26       0.0                0.56      -5.9
1986-12-27      0.73                0.46     -5.43
1986-12-28       0.7                0.54     -7.17
1986-12-29      0.06                0.34     -6.96
1986-12-30      1.58                0.38     -1.63
1986-12-31      0.52                0.89      0.73
1987-01-01      1.32                0.48     -5.47
