1973-04-01       0.0                2.77      7.73
1973-04-02       0.0                2.98       6.4
1973-04-03       0.0                 2.7       4.0
1973-04-04       0.0                3.14      5.03
1973-04-05       0.0                3.18       5.1
1973-04-06      0.34                3.09      7.37
1973-04-07      8.13                2.09      9.93
1973-04-08      1.26                1.67      12.3
1973-04-09      0.32                4.16      11.4
1973-04-10       0.0                2.86     12.87
1973-04-11     16.63                1.71      8.23
1973-04-12      0.16                 3.5      8.67
1973-04-13       0.0                3.49     10.24
1973-04-14      0.53                2.35      9.03
1973-04-15      1.37                2.39       9.6
1973-04-16      4.17                1.68       7.1
1973-04-17      0.03                3.86      9.37
1973-04-18       0.0                4.95     10.47
1973-04-19       0.0                4.14     13.97
1973-04-20       0.0                3.47      15.3
1973-04-21       0.0                2.54      15.0
1973-04-22       0.0                3.14     15.14
1973-04-23     11.23                2.28      16.1
1973-04-24     18.73                1.74     12.97
1973-04-25       0.0                1.86     14.37
1973-04-26       0.0                3.49     13.67
1973-04-27       0.0                4.44     11.37
1973-04-28       0.0                4.38     14.13
1973-04-29       0.0                 4.7      15.5
1973-04-30      0.05                 4.7     16.63
1973-05-01     37.24                1.86      11.8
1973-05-02      10.1                3.35      11.8
1973-05-03       0.0                3.95      13.2
1973-05-04       0.0                4.63     13.27
1973-05-05       0.0                4.43     14.73
1973-05-06      3.41                4.34      15.0
1973-05-07     30.38                1.73      12.9
1973-05-08      1.57                4.76     18.57
1973-05-09       0.0                4.56     13.73
1973-05-10       0.0                4.36     12.37
1973-05-11       0.0                4.51      12.8
1973-05-12       0.0                4.52      14.5
1973-05-13       0.0                4.63     16.17
1973-05-14      0.48                 4.9     16.67
1973-05-15      0.65                3.26     17.63
1973-05-16      5.56                2.29     16.83
1973-05-17       2.1                2.39     15.63
1973-05-18      3.06                4.51      16.0
1973-05-19       0.0                5.29     15.13
1973-05-20       0.3                 5.2      16.0
1973-05-21       0.0                5.12     13.47
1973-05-22      0.04                4.37     12.23
1973-05-23       0.0                4.83     13.67
1973-05-24       0.0                5.29     16.63
1973-05-25       0.0                3.74     17.53
1973-05-26       0.0                4.34      19.3
1973-05-27      0.28                4.92     20.83
1973-05-28      2.18                3.37     16.53
1973-05-29      0.27                5.46      18.1
1973-05-30       0.0                5.32      17.9
1973-05-31      0.46                5.01     18.47
1973-06-01      4.87                3.68     15.47
1973-06-02      0.74                3.92     12.67
1973-06-03      0.49                 5.0     14.67
1973-06-04      5.35                3.94      16.3
1973-06-05      0.33                4.35     18.03
1973-06-06      1.74                3.29      17.6
1973-06-07      1.13                4.81     17.87
1973-06-08       0.0                3.36     18.53
1973-06-09       0.0                4.46     19.73
1973-06-10      1.15                5.43      22.1
1973-06-11       0.0                5.77     18.37
1973-06-12       0.0                5.38     17.23
1973-06-13      0.57                 5.5     18.77
1973-06-14       1.7                2.83      19.6
1973-06-15       0.0                4.64     21.37
1973-06-16      1.36                2.34      19.4
1973-06-17      2.45                 4.8      21.4
1973-06-18       1.8                2.43     20.23
1973-06-19       0.9                2.79     21.83
1973-06-20      6.25                3.13     20.27
1973-06-21      0.09                3.22     21.43
1973-06-22      0.02                3.74     23.23
1973-06-23       0.0                5.24      21.6
1973-06-24       0.8                 5.9      21.0
1973-06-25      1.51                3.94     22.83
1973-06-26      4.55                3.05     20.83
1973-06-27      7.91                2.32     18.67
1973-06-28      8.65                2.15      20.5
1973-06-29      9.86                3.41     21.67
1973-06-30     16.61                2.63     21.17
1973-07-01       0.0                4.67      21.5
1973-07-02       0.0                5.08      23.5
1973-07-03      0.08                6.09     22.47
1973-07-04       1.7                4.08     23.93
1973-07-05       1.9                5.54     26.43
1973-07-06      1.36                4.92     26.37
1973-07-07      1.11                5.42      26.5
1973-07-08     13.17                5.04     26.73
1973-07-09       0.3                5.34     26.57
1973-07-10       0.4                5.55     26.07
1973-07-11      2.08                 2.5     23.37
1973-07-12      0.47                4.38     25.37
1973-07-13      1.22                3.66     26.63
1973-07-14     12.56                2.66     25.63
1973-07-15       9.8                3.88     26.67
1973-07-16       0.0                5.98     26.67
1973-07-17       0.0                5.99     26.77
1973-07-18      2.61                6.13      25.9
1973-07-19     15.08                2.82     25.33
1973-07-20      0.48                5.59     27.07
1973-07-21      2.29                 4.1     27.53
1973-07-22     14.86                3.38     25.57
1973-07-23       0.0                5.92      25.3
1973-07-24       0.0                5.97     25.43
1973-07-25      0.18                6.03     27.07
1973-07-26      2.25                5.14     27.27
1973-07-27       9.0                3.91     27.33
1973-07-28      0.01                5.61      26.1
1973-07-29      5.12                2.69     25.43
1973-07-30     17.18                3.87     24.53
1973-07-31      2.14                5.29     24.53
1973-08-01      7.48                 2.3      23.7
1973-08-02      1.02                2.22      23.1
1973-08-03      3.52                 4.3      25.3
1973-08-04     14.57                2.09     24.67
1973-08-05     18.17                2.24      24.6
1973-08-06      1.43                4.03     26.63
1973-08-07       0.0                4.77     25.97
1973-08-08       0.0                4.53     27.03
1973-08-09       0.0                4.99     27.03
1973-08-10       0.0                4.63     28.63
1973-08-11       0.0                 5.2     28.17
1973-08-12       0.0                4.28      27.2
1973-08-13       0.0                4.58      26.6
1973-08-14       0.0                4.68     25.87
1973-08-15      0.27                5.69     25.77
1973-08-16       6.4                5.68     26.43
1973-08-17     30.38                2.22      25.1
1973-08-18      0.87                5.03      25.7
1973-08-19      1.87                4.35      24.9
1973-08-20      2.09                3.01      24.8
1973-08-21      0.14                4.66     25.37
1973-08-22      19.8                2.64      24.2
1973-08-23     18.42                1.93      21.6
1973-08-24      0.03                3.31     22.57
1973-08-25       0.0                4.06     24.37
1973-08-26      0.31                2.92     24.53
1973-08-27      4.61                 4.1     24.97
1973-08-28      20.8                2.04     23.93
1973-08-29     29.87                3.39     24.63
1973-08-30      5.54                4.55      23.8
1973-08-31      8.42                1.98     20.17
1973-09-01     32.72                2.32     21.97
1973-09-02      4.32                2.19     20.13
1973-09-03      2.06                3.68     20.57
1973-09-04       0.0                3.33     21.03
1973-09-05      0.42                3.83     20.17
1973-09-06      0.16                4.27     18.83
1973-09-07      3.44                3.45      19.6
1973-09-08      1.14                3.29      19.3
1973-09-09     16.52                1.88     19.17
1973-09-10     31.83                1.67      17.0
1973-09-11       0.0                 3.7     18.23
1973-09-12       0.0                 2.8      16.2
1973-09-13       0.0                 2.8     18.33
1973-09-14       0.0                2.97     18.37
1973-09-15       0.0                2.69     19.57
1973-09-16      0.14                2.78     19.03
1973-09-17       0.0                2.99     19.77
1973-09-18      0.53                2.44      18.9
1973-09-19      0.47                2.35     19.67
1973-09-20      1.51                2.77     20.33
1973-09-21      2.24                3.44     20.13
1973-09-22      3.62                 3.5     18.67
1973-09-23      0.94                 2.3     18.93
1973-09-24      3.94                2.85      18.3
1973-09-25      5.41                1.89     18.43
1973-09-26     10.76                2.12     12.27
1973-09-27      0.22                2.42      10.8
1973-09-28      0.28                2.21     14.34
1973-09-29      2.83                1.33     12.53
1973-09-30       1.0                2.51     15.87
1973-10-01      0.34                 2.5     15.64
1973-10-02       0.8                1.94      13.5
1973-10-03      3.06                2.45      16.4
1973-10-04      0.43                2.09     14.43
1973-10-05      1.88                1.51     11.33
1973-10-06      0.96                 1.4     11.57
1973-10-07      4.56                1.75     12.53
1973-10-08       0.0                2.53      11.4
1973-10-09       0.0                2.26      11.9
1973-10-10       0.0                1.37     11.13
1973-10-11      0.02                2.56     13.77
1973-10-12      0.11                1.34     14.37
1973-10-13      1.85                 1.2      12.0
1973-10-14       0.0                2.14      7.07
1973-10-15       0.0                1.88       7.4
1973-10-16       0.0                1.88      8.53
1973-10-17       0.0                2.32      11.1
1973-10-18       0.0                1.89      6.57
1973-10-19      0.01                1.91       9.8
1973-10-20      1.22                1.06     11.07
1973-10-21      4.48                1.82      13.6
1973-10-22      0.27                3.47      10.8
1973-10-23      0.13                2.08      9.03
1973-10-24      0.69                2.03      6.67
1973-10-25       0.0                2.06       7.1
1973-10-26      1.11                1.12       4.7
1973-10-27      7.52                1.76      10.2
1973-10-28      9.36                1.84      11.3
1973-10-29       0.0                1.43      9.73
1973-10-30       0.0                1.36      9.93
1973-10-31      0.08                0.94      8.17
1973-11-01      5.68                1.45       9.5
