1968-10-01      0.12                2.62      14.8
1968-10-02       0.0                1.74     15.13
1968-10-03       0.0                1.29      16.2
1968-10-04       0.0                2.73     17.77
1968-10-05      0.17                 2.8      17.2
1968-10-06     13.72                2.89     18.77
1968-10-07     13.97                1.82      13.3
1968-10-08      1.68                2.46     13.87
1968-10-09      1.67                1.21      14.2
1968-10-10      0.29                1.87      12.6
1968-10-11      0.07                1.64     13.73
1968-10-12       0.0                2.06      13.2
1968-10-13       0.0                2.28     14.63
1968-10-14      2.25                1.97     14.27
1968-10-15      0.19                1.92     12.73
1968-10-16      4.56                0.85     10.14
1968-10-17      9.75                1.96      11.4
1968-10-18      2.45                1.43     10.47
1968-10-19      2.01                0.99      9.93
1968-10-20       0.0                1.33     11.07
1968-10-21       0.0                1.36     12.03
1968-10-22       0.0                1.46     13.53
1968-10-23      1.92                1.86     13.27
1968-10-24     98.41                1.07     10.47
1968-10-25     36.46                1.17      8.97
1968-10-26      0.39                0.94     10.04
1968-10-27       0.0                 1.3     10.94
1968-10-28       0.0                1.11      9.97
1968-10-29       0.0                1.15     10.47
1968-10-30       0.0                0.99      10.3
1968-10-31       0.0                0.96     10.47
1968-11-01       0.0                0.93      11.0
1968-11-02       0.0                1.01      11.6
1968-11-03       0.0                0.98     11.37
1968-11-04      0.07                0.84     12.44
1968-11-05      4.18                0.96     12.73
1968-11-06      0.18                1.77     13.87
1968-11-07      0.11                0.86      12.4
1968-11-08      4.29                1.07     11.14
1968-11-09      2.51                2.69       4.1
1968-11-10       0.0                1.39      -2.5
1968-11-11       0.0                0.87      3.54
1968-11-12      0.01                0.71       5.7
1968-11-13      0.06                0.47      6.01
1968-11-14      0.01                0.87      6.34
1968-11-15       0.0                0.99      5.94
1968-11-16      0.25                1.11      7.14
1968-11-17      1.82                0.87       4.2
1968-11-18       1.7                0.73       5.5
1968-11-19      1.41                 0.8     11.23
1968-11-20      0.29                0.53       7.8
1968-11-21      0.05                0.78      8.24
1968-11-22       0.0                0.64       8.0
1968-11-23       0.0                0.53      9.74
1968-11-24       0.0                0.88     14.07
1968-11-25      0.23                0.57     10.74
1968-11-26     14.95                0.82     12.53
1968-11-27      7.45                1.95      8.97
1968-11-28       0.4                0.99      4.17
1968-11-29      0.85                1.01      5.73
1968-11-30      0.32                1.63      11.2
1968-12-01       0.0                1.13     11.34
1968-12-02       0.0                0.53     10.54
1968-12-03       0.0                0.64      9.27
1968-12-04       0.0                0.57      7.74
1968-12-05       0.0                0.55       8.8
1968-12-06       0.0                0.47      8.34
1968-12-07      0.05                0.61     11.23
1968-12-08       0.0                1.62     10.27
1968-12-09      0.01                1.26      10.4
1968-12-10       0.1                0.53     11.14
1968-12-11      1.94                0.69      8.93
1968-12-12      1.09                1.79      5.77
1968-12-13      2.68                0.73      3.43
1968-12-14      1.62                 0.9      1.33
1968-12-15       0.4                0.69     -2.53
1968-12-16       0.0                0.66      -2.4
1968-12-17       0.0                0.32      1.34
1968-12-18       0.0                0.38       2.2
1968-12-19      0.06                0.52       5.4
1968-12-20      5.11                0.46      4.37
1968-12-21       0.0                1.43      0.33
1968-12-22      0.02                 1.0      -4.8
1968-12-23      0.51                0.46     -1.76
1968-12-24      0.23                0.47      2.97
1968-12-25       0.0                0.38      3.84
1968-12-26       0.0                 0.5      3.23
1968-12-27       0.0                0.49      0.87
1968-12-28       0.0                0.54      0.87
1968-12-29       0.0                0.45      -0.1
1968-12-30       0.0                0.65      -0.5
1968-12-31       0.0                1.21     -3.86
1969-01-01       0.0                0.86      -8.3
1969-01-02       0.0                 0.9     -9.26
1969-01-03      0.05                0.33      -9.6
1969-01-04      0.22                0.37     -5.23
1969-01-05      0.46                0.82      -4.4
1969-01-06       0.0                0.74     -5.83
1969-01-07       0.0                0.95     -6.73
1969-01-08       0.0                0.44     -3.86
1969-01-09       0.0                0.42     -2.36
1969-01-10      1.51                0.48       1.4
1969-01-11      0.04                0.52     -1.13
1969-01-12       0.0                 0.9     -4.43
1969-01-13      0.19                0.62     -5.53
1969-01-14      0.14                 1.0     -5.07
1969-01-15       0.0                0.98     -6.26
1969-01-16      0.05                0.37      -4.1
1969-01-17      0.27                0.38       0.8
1969-01-18       0.0                0.56      4.67
1969-01-19      0.37                0.59       6.0
1969-01-20       0.0                0.53       2.9
1969-01-21       0.0                0.64      2.17
1969-01-22       0.0                0.74       1.6
1969-01-23      0.15                1.34      3.17
1969-01-24      0.42                0.68      -0.9
1969-01-25      3.69                0.45      0.47
1969-01-26       6.3                0.48      3.54
1969-01-27      1.95                0.64      2.53
1969-01-28     13.25                 0.5      -0.7
1969-01-29      7.55                1.09     -3.03
1969-01-30      4.78                0.85     -3.76
1969-01-31      3.68                 0.5      -1.9
1969-02-01      1.12                0.67     -1.66
1969-02-02      0.41                 0.4     -7.99
1969-02-03      1.07                0.35     -7.63
1969-02-04      0.21                0.57      -2.8
1969-02-05      0.07                0.45     -9.89
1969-02-06      0.09                0.34     -8.99
1969-02-07      0.95                0.39     -1.29
1969-02-08      0.51                1.05      0.47
1969-02-09       0.0                0.57      0.67
1969-02-10       0.0                0.96      5.07
1969-02-11       0.0                0.86       4.5
1969-02-12       0.1                0.67      5.21
1969-02-13      7.39                0.94       2.2
1969-02-14      2.34                1.34     -1.53
1969-02-15      0.78                0.82     -0.97
1969-02-16      3.31                0.73     -0.57
1969-02-17      0.11                0.85      0.47
1969-02-18      2.33                0.75      0.73
1969-02-19      5.58                1.24     -0.37
1969-02-20      6.23                0.92     -2.17
1969-02-21      5.82                0.83      -3.0
1969-02-22       0.0                1.08     -5.26
1969-02-23       0.0                0.51     -6.06
1969-02-24       0.0                0.96     -6.13
1969-02-25       0.0                0.79     -7.76
1969-02-26       0.0                0.72      -6.3
1969-02-27      0.09                1.27     -1.96
1969-02-28       0.0                1.13     -3.66
1969-03-01       0.0                0.91      -3.1
1969-03-02      0.44                1.05     -1.37
1969-03-03      3.06                0.88     -0.93
1969-03-04      2.84                1.09     -1.37
1969-03-05      0.05                1.21     -2.26
1969-03-06       0.0                1.32       0.8
1969-03-07       0.0                1.49       2.6
1969-03-08       0.0                0.89      3.57
1969-03-09      0.41                1.08      2.07
1969-03-10      2.11                1.74      0.13
1969-03-11      9.01                1.52       0.4
1969-03-12      2.38                1.32      -1.3
1969-03-13       0.0                1.74      -0.3
1969-03-14      2.48                1.64       2.5
1969-03-15      3.46                1.74       1.4
1969-03-16      5.32                1.17      1.43
1969-03-17      0.47                1.96       1.8
1969-03-18      1.75                1.21      3.24
1969-03-19      0.39                1.52      6.93
1969-03-20      2.38                1.05      7.67
1969-03-21      0.07                3.26       3.4
1969-03-22       0.0                3.04       3.3
1969-03-23       0.0                2.12      4.93
1969-03-24      0.01                2.46      8.03
1969-03-25       0.0                2.76     11.87
1969-03-26       0.0                3.05     13.54
1969-03-27       0.0                 3.5      9.67
1969-03-28       0.0                3.87      4.03
1969-03-29       0.0                1.47      3.57
1969-03-30       0.0                2.31      3.76
1969-03-31       0.0                2.69      5.16
1969-04-01      0.03                2.41      7.53
1969-04-02      0.13                2.15      5.93
1969-04-03      3.16                2.47       9.5
1969-04-04       1.1                2.07      4.37
1969-04-05      2.24                3.03      4.93
1969-04-06      0.97                2.12       6.6
1969-04-07      2.68                2.21       6.2
1969-04-08      4.05                1.96      9.13
1969-04-09      0.58                2.45      8.03
1969-04-10       0.0                2.35      8.07
1969-04-11       0.0                3.14     10.13
1969-04-12      0.13                3.98     16.17
1969-04-13       6.0                1.73     19.24
1969-04-14     19.37                1.75      14.8
1969-04-15      3.15                1.98      8.87
1969-04-16       0.0                2.74      6.33
1969-04-17      0.01                 3.4      6.57
1969-04-18       0.0                3.36     10.67
1969-04-19      0.13                3.47     12.03
1969-04-20      6.69                1.75     12.53
1969-04-21      5.59                2.08      15.7
1969-04-22      2.64                4.05      14.0
1969-04-23     40.28                 3.1     14.53
1969-04-24     54.76                 2.8       8.7
1969-04-25     19.26                2.39      6.83
1969-04-26      0.73                3.87     10.16
1969-04-27       0.0                3.66     15.77
1969-04-28       0.0                4.26     15.77
1969-04-29       0.0                2.19      15.6
1969-04-30      0.07                3.03      13.3
1969-05-01       0.0                3.93     18.53
