1998-07-01     51.33                2.26     22.27
1998-07-02     36.64                2.23     22.43
1998-07-03       3.7                3.25      24.4
1998-07-04       0.0                4.74     24.73
1998-07-05       0.0                4.72     25.17
1998-07-06      3.19                3.78     24.47
1998-07-07       1.6                2.82     25.17
1998-07-08      9.76                2.59     25.33
1998-07-09     41.98                2.26     24.27
1998-07-10     30.91                2.33     24.47
1998-07-11      4.28                3.11      24.6
1998-07-12       0.3                3.84     21.47
1998-07-13      0.08                3.89     21.27
1998-07-14      0.39                3.36     21.73
1998-07-15      4.93                2.82      22.3
1998-07-16      6.94                3.77     20.47
1998-07-17      0.02                5.68     21.07
1998-07-18     12.86                 5.1      20.9
1998-07-19     15.93                2.11      20.6
1998-07-20      0.44                4.95      23.3
1998-07-21      4.33                 4.2     22.57
1998-07-22      3.38                4.24     21.97
1998-07-23      5.17                5.08     21.87
1998-07-24      2.66                4.64     21.03
1998-07-25     11.69                3.88      20.9
1998-07-26      27.6                2.94      19.7
1998-07-27      6.22                2.94     21.37
1998-07-28      3.41                2.96     21.83
1998-07-29      0.09                5.54     23.07
1998-07-30      1.82                4.66      25.1
1998-07-31     19.43                2.24      21.9
1998-08-01     32.73                2.38     24.27
1998-08-02     12.38                 4.1      25.9
1998-08-03     27.38                2.53     25.77
1998-08-04       8.7                2.98     24.87
1998-08-05     42.92                 2.7     26.07
1998-08-06     54.59                2.51     24.73
1998-08-07     28.63                2.99     23.53
1998-08-08     81.56                2.04     22.17
1998-08-09     13.28                2.36     22.87
1998-08-10     20.71                 2.1     23.13
1998-08-11     19.78                3.55     25.13
1998-08-12      2.78                2.47     25.43
1998-08-13      0.02                4.43      26.4
1998-08-14     35.39                3.36     25.97
1998-08-15     53.86                2.06     22.57
1998-08-16      1.61                4.21     22.47
1998-08-17      1.86                2.84     23.53
1998-08-18      3.09                 2.6     23.73
1998-08-19       3.0                4.36      24.6
1998-08-20       0.0                 4.5     24.03
1998-08-21       0.0                4.16     23.77
1998-08-22      0.68                3.28      23.1
1998-08-23     23.92                2.55     23.53
1998-08-24      2.99                2.64      23.2
1998-08-25      0.61                4.02     22.77
1998-08-26       0.0                3.52      23.1
1998-08-27      5.31                2.66     22.47
1998-08-28      0.36                3.89     22.13
1998-08-29      0.08                4.32      22.4
1998-08-30      3.78                3.94      22.2
1998-08-31      1.08                 3.9     22.07
1998-09-01      9.01                2.75     21.67
1998-09-02       0.9                 3.1     21.23
1998-09-03      0.04                3.27     22.07
1998-09-04       0.0                 2.7     21.77
1998-09-05      0.84                1.96     21.17
1998-09-06       0.0                3.65     22.57
1998-09-07      0.03                3.87     23.73
1998-09-08      0.01                 3.3     23.27
1998-09-09       0.0                3.29      24.2
1998-09-10       0.0                3.05     25.07
1998-09-11       0.0                 3.2     24.77
1998-09-12      0.15                3.52     24.47
1998-09-13       0.0                3.66      24.7
1998-09-14      0.09                2.86     24.27
1998-09-15      2.01                3.03     21.53
1998-09-16      0.18                3.56     16.87
1998-09-17       0.0                3.27     17.53
1998-09-18       0.0                 3.3     20.57
1998-09-19       0.0                2.01      19.8
1998-09-20      6.43                3.18      23.5
1998-09-21     13.79                1.66     19.73
1998-09-22      0.81                3.25      16.0
1998-09-23      0.07                2.46     16.53
1998-09-24      0.16                 2.1     19.57
1998-09-25       0.0                 1.8     19.97
1998-09-26       0.0                2.03     21.27
1998-09-27       0.0                2.33      19.7
1998-09-28       0.0                2.08     18.63
1998-09-29     19.13                1.44     17.23
1998-09-30     52.63                1.37     17.13
1998-10-01      8.55                2.56     17.07
1998-10-02      0.06                2.08     19.53
1998-10-03       0.0                2.36     17.43
1998-10-04       0.0                2.56     16.23
1998-10-05       0.0                2.02     17.47
1998-10-06      0.25                1.69     17.93
1998-10-07      0.62                 2.1     16.73
1998-10-08      0.01                2.09      17.7
1998-10-09       0.0                1.59     17.47
1998-10-10       0.0                1.82     19.53
1998-10-11       0.0                2.04     19.33
1998-10-12      7.32                1.51     18.77
1998-10-13      8.03                1.44     18.47
1998-10-14      7.56                1.24     17.53
1998-10-15      0.04                2.23     15.67
1998-10-16       0.0                1.05      13.2
1998-10-17      1.45                1.87     14.27
1998-10-18      1.59                2.52      15.4
1998-10-19       0.0                2.13      8.97
1998-10-20      0.02                1.47      9.44
1998-10-21       0.0                1.45     11.64
1998-10-22      0.14                1.42      11.7
1998-10-23      0.04                1.78      14.1
1998-10-24       0.2                1.35      13.9
1998-10-25       0.0                1.36     12.67
1998-10-26       0.0                1.04     11.77
1998-10-27      0.14                1.58      13.0
1998-10-28       0.0                 1.0      10.7
1998-10-29      0.04                1.18     12.47
1998-10-30       0.0                0.89     12.77
1998-10-31      0.01                1.69      13.6
1998-11-01       0.0                1.31       7.2
1998-11-02      10.9                0.65      6.37
1998-11-03      0.08                1.06       9.8
1998-11-04       0.0                1.38     10.87
1998-11-05      0.33                1.42      8.33
1998-11-06       0.0                1.04      10.6
1998-11-07       0.0                1.14     10.23
1998-11-08      0.67                1.14       9.2
1998-11-09      1.82                1.49      6.87
1998-11-10       0.0                0.98      3.53
1998-11-11      0.08                1.14      7.97
1998-11-12      0.78                1.01      7.27
1998-11-13      0.35                0.88     10.77
1998-11-14      0.11                1.08     15.27
1998-11-15      0.47                 0.8     14.14
1998-11-16      22.9                0.75     11.73
1998-11-17      1.15                2.09       3.1
1998-11-18       0.0                1.33     -2.23
1998-11-19      1.51                0.65     -2.93
1998-11-20      0.45                0.66     -2.77
1998-11-21      0.28                0.84      1.53
1998-11-22      0.01                0.72       1.2
1998-11-23      2.44                0.44      0.74
1998-11-24      2.86                0.48       1.8
1998-11-25      0.05                0.51       2.1
1998-11-26      1.16                0.59       3.5
1998-11-27      5.01                0.49      3.57
1998-11-28       0.0                0.54      2.93
1998-11-29      0.17                0.44      2.94
1998-11-30       0.0                0.52       4.0
1998-12-01      3.42                0.57      3.97
1998-12-02       0.4                0.85       1.9
1998-12-03      0.11                0.57       0.8
1998-12-04       0.0                 0.4     -0.43
1998-12-05      0.58                0.46      1.33
1998-12-06      0.16                 0.5       3.2
1998-12-07      0.23                 0.9      3.63
1998-12-08      2.91                 1.0      -2.3
1998-12-09       0.0                0.62     -3.63
1998-12-10      0.14                0.52     -4.57
1998-12-11      0.16                0.53     -3.23
1998-12-12      0.44                0.43     -2.96
1998-12-13      0.12                0.56      3.17
1998-12-14      0.54                0.55      3.87
1998-12-15       0.0                0.77       1.7
1998-12-16       0.0                1.05       5.5
1998-12-17      0.08                0.45       3.9
1998-12-18       0.0                0.45      3.64
1998-12-19      0.25                1.39      6.07
1998-12-20      1.31                0.49      1.23
1998-12-21       0.0                 0.4      1.67
1998-12-22      0.24                0.53       3.9
1998-12-23       0.0                0.41       1.6
1998-12-24       0.0                0.38       1.3
1998-12-25      0.08                0.42      0.27
1998-12-26      0.32                0.38      0.74
1998-12-27       0.0                0.41      1.64
1998-12-28       0.0                0.37      0.54
1998-12-29       0.2                1.14      1.67
1998-12-30       0.0                0.51     -4.13
1998-12-31       0.0                0.48     -4.73
1999-01-01       0.0                0.57     -4.13
1999-01-02      0.12                0.75       0.3
1999-01-03       0.0                0.43     -0.43
1999-01-04       0.0                0.44      0.17
1999-01-05       0.0                 0.4       0.7
1999-01-06      0.48                0.41      1.37
1999-01-07       0.0                1.07      -4.7
1999-01-08       0.0                0.81      -9.1
1999-01-09       0.0                0.68    -10.23
1999-01-10       0.0                0.63     -7.56
1999-01-11       0.0                0.62      -7.5
1999-01-12       0.0                 0.6     -7.06
1999-01-13       0.0                0.68     -5.66
1999-01-14       0.0                0.56      -4.8
1999-01-15       0.0                0.72     -3.83
1999-01-16       0.0                0.62     -3.43
1999-01-17       0.0                0.52     -4.43
1999-01-18       0.0                0.55     -0.63
1999-01-19       0.0                0.79       2.3
1999-01-20       0.0                0.94     -3.36
1999-01-21       0.0                0.71     -4.73
1999-01-22      0.08                0.55      3.27
1999-01-23      0.11                0.71      4.13
1999-01-24       0.2                0.91      5.63
1999-01-25      2.42                1.35      3.47
1999-01-26      0.17                1.07      0.57
1999-01-27      1.36                1.01      2.77
1999-01-28      0.03                1.31     -2.17
1999-01-29      0.21                0.84     -4.86
1999-01-30       0.0                0.71     -6.26
1999-01-31       0.0                0.55      -2.8
1999-02-01       0.0                0.89      1.77
