1974-03-01       0.0                1.49     -2.23
1974-03-02       0.0                1.56      0.87
1974-03-03       0.0                0.98      1.73
1974-03-04      1.28                1.17       4.5
1974-03-05      1.28                 1.8      5.47
1974-03-06     13.37                1.22      3.53
1974-03-07       2.9                1.51       2.6
1974-03-08      0.33                 1.7      4.17
1974-03-09      1.77                1.14      3.93
1974-03-10      0.51                2.43      0.73
1974-03-11      0.53                1.65      -4.9
1974-03-12       0.0                1.82      -6.6
1974-03-13       0.0                1.76     -4.06
1974-03-14       0.0                1.69       1.1
1974-03-15      0.02                1.41      2.14
1974-03-16      0.04                1.63       2.8
1974-03-17      0.03                2.05       1.8
1974-03-18      0.58                2.31       0.6
1974-03-19       0.0                2.25     -0.57
1974-03-20      1.09                1.88      2.67
1974-03-21      1.92                1.53      0.87
1974-03-22       0.4                2.45      -0.6
1974-03-23       0.0                 2.2     -0.03
1974-03-24       0.0                1.68      1.57
1974-03-25      0.09                 2.4       4.7
1974-03-26      1.32                2.45       5.7
1974-03-27      3.65                2.56      5.13
1974-03-28       0.0                2.52       4.8
1974-03-29       0.0                2.38       6.5
1974-03-30      0.83                2.88      9.43
1974-03-31      8.41                1.48      5.37
1974-04-01      1.69                2.45       3.1
1974-04-02       0.0                3.54       4.7
1974-04-03      0.45                 3.7      8.64
1974-04-04      8.74                1.43      8.07
1974-04-05      2.98                2.53      9.37
1974-04-06      4.63                 3.3     11.97
1974-04-07     26.67                2.23      8.47
1974-04-08       0.0                4.34      5.67
1974-04-09       0.0                3.49      8.07
1974-04-10       0.0                3.44      8.43
1974-04-11       0.0                2.66      8.43
1974-04-12       0.8                3.59     10.93
1974-04-13       8.7                1.54     10.13
1974-04-14      0.34                4.33     12.43
1974-04-15       0.0                4.19     12.23
1974-04-16      0.25                4.26     12.17
1974-04-17      2.18                1.96      8.47
1974-04-18      1.13                4.06     11.17
1974-04-19      1.89                3.95      9.37
1974-04-20      3.75                2.95      10.0
1974-04-21     19.82                 4.1       9.0
1974-04-22       4.6                1.37       4.5
1974-04-23      0.91                3.36     10.03
1974-04-24      1.03                2.14     11.83
1974-04-25      3.33                 3.4     10.47
1974-04-26      0.44                2.15      6.07
1974-04-27      1.66                4.26     12.73
1974-04-28      10.7                1.64     10.77
1974-04-29      0.03                4.09     12.14
1974-04-30       0.0                2.92      13.1
1974-05-01       0.0                4.15     11.27
1974-05-02       0.0                 4.6     13.27
1974-05-03       0.0                4.59     15.04
1974-05-04       0.0                4.01     13.84
1974-05-05       0.0                4.71      12.1
1974-05-06       0.0                4.52     12.67
1974-05-07      4.09                3.93     13.67
1974-05-08     37.34                1.62     10.43
1974-05-09       1.0                5.11     14.73
1974-05-10       0.0                4.67     14.37
1974-05-11       0.0                4.66     15.37
1974-05-12      3.49                4.47      16.1
1974-05-13     13.47                2.32     14.23
1974-05-14     39.94                2.53     14.87
1974-05-15       0.0                5.25      12.7
1974-05-16       0.0                3.62      15.1
1974-05-17      0.43                4.95      18.8
1974-05-18      8.08                2.45      18.7
1974-05-19     36.59                2.31      18.1
1974-05-20     16.62                2.28     16.67
1974-05-21      0.41                5.75     18.67
1974-05-22      0.95                5.79      20.4
1974-05-23       0.0                5.57     15.73
1974-05-24      0.51                5.31      14.8
1974-05-25      8.08                1.93     10.73
1974-05-26      3.87                 5.2      15.2
1974-05-27      0.01                5.01     14.87
1974-05-28       0.0                4.94      19.9
1974-05-29       0.0                4.91     22.53
1974-05-30      3.76                4.57     20.46
1974-05-31     10.54                3.72      15.2
1974-06-01      5.73                5.33     15.33
1974-06-02      3.14                 4.4     18.03
1974-06-03     13.69                 4.2      15.2
1974-06-04      0.82                3.66     11.07
1974-06-05      2.57                3.76     10.47
1974-06-06      0.18                3.71      13.9
1974-06-07       0.0                3.82     16.77
1974-06-08       0.0                4.85      18.5
1974-06-09       1.3                4.68     20.67
1974-06-10     11.15                2.42     17.07
1974-06-11       0.0                5.27     18.23
1974-06-12       0.0                5.49     18.83
1974-06-13       0.0                4.62      19.3
1974-06-14       0.0                5.53     20.53
1974-06-15       0.0                 6.1     21.97
1974-06-16       0.0                4.31     19.97
1974-06-17      0.07                 4.3     20.07
1974-06-18      2.46                6.48      20.0
1974-06-19      0.09                5.23      18.5
1974-06-20      1.16                2.56     16.43
1974-06-21       0.6                2.64     14.27
1974-06-22       0.0                5.35     16.87
1974-06-23      0.78                4.55     18.17
1974-06-24      2.19                5.01      19.0
1974-06-25      1.19                4.15     19.83
1974-06-26      1.47                5.66     21.33
1974-06-27      7.14                4.28     19.97
1974-06-28      0.89                3.82      17.9
1974-06-29      0.15                3.87     19.13
1974-06-30       0.0                 4.2     20.33
1974-07-01      0.77                5.46     21.47
1974-07-02      0.16                4.85     21.57
1974-07-03      4.81                3.29      19.7
1974-07-04      4.98                2.98     17.87
1974-07-05      0.97                4.44     17.67
1974-07-06       2.2                 5.2     16.47
1974-07-07     20.31                3.71     17.13
1974-07-08      19.9                2.25     19.23
1974-07-09     62.24                2.42      20.8
1974-07-10      7.45                4.27     19.93
1974-07-11       0.5                3.91     19.23
1974-07-12       1.0                2.81     16.93
1974-07-13      0.55                 3.1      18.0
1974-07-14      14.5                2.22      18.1
1974-07-15       0.4                 2.9      22.0
1974-07-16     10.52                4.45      22.4
1974-07-17      0.34                4.21     22.27
1974-07-18      0.42                4.68     23.47
1974-07-19       0.8                3.69     23.83
1974-07-20      3.23                2.36     23.37
1974-07-21     12.52                4.07      24.9
1974-07-22      0.89                6.04     21.03
1974-07-23      0.19                5.64     20.63
1974-07-24       0.0                 4.9     20.87
1974-07-25       0.0                5.05     21.13
1974-07-26      0.02                3.25      21.0
1974-07-27      2.89                4.32      24.1
1974-07-28     21.27                2.85     23.43
1974-07-29     11.91                3.21     22.63
1974-07-30       3.2                4.24     24.37
1974-07-31      5.78                3.66     25.53
1974-08-01      2.13                 3.1     24.57
1974-08-02      4.07                4.36     27.03
1974-08-03     88.69                2.34     23.77
1974-08-04       0.6                3.48     25.03
1974-08-05      1.58                3.15     25.43
1974-08-06      5.84                2.23      23.9
1974-08-07      3.48                4.86     25.67
1974-08-08       0.0                4.48      24.5
1974-08-09       0.0                 5.0     25.63
1974-08-10      1.78                4.04     25.37
1974-08-11      0.17                4.51     26.13
1974-08-12      0.04                4.81      25.6
1974-08-13       0.0                3.47     25.87
1974-08-14      1.43                2.68      24.1
1974-08-15     10.23                 2.2     22.57
1974-08-16     13.66                3.95      25.1
1974-08-17      0.25                4.59     23.03
1974-08-18       0.0                5.57      21.8
1974-08-19       0.0                5.48      23.5
1974-08-20       0.0                5.36      26.1
1974-08-21       0.0                5.34     23.83
1974-08-22      8.37                3.61     24.77
1974-08-23     65.56                2.26     20.67
1974-08-24      5.97                2.45      17.9
1974-08-25       0.0                 4.4     17.83
1974-08-26       0.0                4.36     19.43
1974-08-27       0.6                4.74      20.1
1974-08-28      0.48                4.24     17.83
1974-08-29       8.3                2.57      18.0
1974-08-30       0.0                3.49     24.23
1974-08-31      2.14                3.11     22.23
1974-09-01      7.32                 3.4      21.5
1974-09-02     31.14                1.94     19.33
1974-09-03      8.89                4.28      22.7
1974-09-04       0.0                3.81     22.63
1974-09-05       0.3                3.94     21.73
1974-09-06      0.24                3.42     21.37
1974-09-07      1.46                2.84     20.67
1974-09-08       0.0                3.82      20.9
1974-09-09       0.0                4.09     17.87
1974-09-10       0.0                3.78     18.07
1974-09-11       0.0                3.23     18.87
1974-09-12       0.0                3.25     20.67
1974-09-13       0.0                3.33      19.0
1974-09-14     29.78                 2.8      19.0
1974-09-15       0.0                3.58      15.8
1974-09-16       0.0                2.83      14.5
1974-09-17      2.74                2.76     16.83
1974-09-18       0.0                3.17     13.93
1974-09-19       0.0                2.42      12.8
1974-09-20       0.0                 2.4     13.73
1974-09-21       0.0                 2.8      15.9
1974-09-22       0.0                2.68     16.07
1974-09-23       0.0                2.71      17.3
1974-09-24      0.28                 2.4     16.93
1974-09-25       0.0                2.48      17.2
1974-09-26       0.0                2.42     17.73
1974-09-27       0.0                 2.5     17.53
1974-09-28      3.27                2.67      16.6
1974-09-29       0.0                2.57     15.33
1974-09-30      3.33                 1.7      13.8
1974-10-01       8.4                1.33     14.87
