1969-07-01      4.46                3.02     20.76
1969-07-02      3.16                 5.4      23.5
1969-07-03      0.01                4.88      23.3
1969-07-04      0.02                5.52     23.07
1969-07-05      2.33                3.23      20.3
1969-07-06      1.25                5.96     21.03
1969-07-07      6.18                3.86     20.67
1969-07-08      16.8                2.52     18.17
1969-07-09      1.29                5.46      20.1
1969-07-10      0.43                3.18     18.73
1969-07-11      0.36                2.55     19.73
1969-07-12     23.02                3.67     21.37
1969-07-13      25.9                4.44     21.06
1969-07-14      0.59                3.34     23.37
1969-07-15     38.83                2.22      23.1
1969-07-16     32.06                2.29     22.97
1969-07-17     10.58                3.26     25.27
1969-07-18      9.89                2.41      24.6
1969-07-19     16.63                2.71      25.7
1969-07-20      7.26                4.74     25.57
1969-07-21      5.79                2.87      25.9
1969-07-22      2.93                2.58     26.07
1969-07-23      0.35                3.69     26.03
1969-07-24      0.66                 2.9     26.87
1969-07-25      1.95                2.58      27.3
1969-07-26      0.38                2.46      27.3
1969-07-27      0.26                3.74     27.17
1969-07-28      4.35                2.84     29.07
1969-07-29     43.18                3.01     27.43
1969-07-30    108.49                2.26     24.03
1969-07-31     41.11                3.78     23.73
1969-08-01      8.76                2.63     24.27
1969-08-02      27.2                2.03      21.7
1969-08-03     57.32                2.14     21.57
1969-08-04      9.86                2.68      21.5
1969-08-05       7.5                2.95     22.83
1969-08-06     34.01                2.13      23.0
1969-08-07     22.56                2.52     25.33
1969-08-08     54.05                2.08      24.4
1969-08-09     15.55                2.07      25.1
1969-08-10      5.97                2.19     25.87
1969-08-11      7.41                3.26     27.57
1969-08-12       4.0                2.26      28.7
1969-08-13      3.78                3.45      28.9
1969-08-14      3.43                4.59     28.34
1969-08-15       0.0                 4.0     26.57
1969-08-16       0.0                4.08      26.2
1969-08-17       0.0                3.32      25.6
1969-08-18      0.16                4.51     26.87
1969-08-19      5.36                3.44     26.57
1969-08-20       0.0                4.31      25.7
1969-08-21      0.03                3.64      25.0
1969-08-22      6.45                2.68      25.0
1969-08-23      2.19                4.63     25.97
1969-08-24      1.53                4.02      25.6
1969-08-25      0.61                3.51     23.93
1969-08-26      3.56                3.92      22.2
1969-08-27      2.37                4.35      23.7
1969-08-28      0.36                3.58     23.47
1969-08-29     28.94                3.45     23.63
1969-08-30     11.06                3.14      21.7
1969-08-31      1.78                1.91     22.03
1969-09-01      1.73                2.28     23.27
1969-09-02      0.65                3.53     23.53
1969-09-03     20.79                 2.7     24.87
1969-09-04     12.11                1.83     22.73
1969-09-05     18.74                1.65     20.27
1969-09-06      8.14                 1.7     21.27
1969-09-07       0.0                3.48     19.53
1969-09-08       0.0                3.86      18.1
1969-09-09       0.0                3.07     18.57
1969-09-10       0.0                3.75     20.13
1969-09-11       0.0                 3.3     20.43
1969-09-12       0.0                3.92     20.53
1969-09-13      1.64                3.27     19.67
1969-09-14      1.82                2.16      20.1
1969-09-15     14.46                1.59     19.37
1969-09-16      8.81                 2.3     20.37
1969-09-17      0.53                3.67     20.83
1969-09-18      1.88                3.52      22.9
1969-09-19      3.31                1.84      22.0
1969-09-20      0.89                3.24     20.77
1969-09-21      1.44                1.39     19.37
1969-09-22      2.88                2.95     19.33
1969-09-23      2.41                1.63     18.97
1969-09-24      2.07                2.58      19.2
1969-09-25       0.0                2.39     19.57
1969-09-26       0.0                3.46     17.53
1969-09-27       0.0                2.33     16.07
1969-09-28      0.02                1.75      16.2
1969-09-29       0.6                1.68     15.67
1969-09-30      5.82                1.23      14.8
1969-10-01      1.65                3.03     15.84
1969-10-02       0.0                2.32     12.74
1969-10-03       0.0                 2.1     12.97
1969-10-04       0.0                2.12     12.73
1969-10-05      0.01                2.38      13.3
1969-10-06       0.0                2.11      13.1
1969-10-07      0.13                2.47      15.3
1969-10-08       1.7                2.36      16.2
1969-10-09      0.55                2.98      9.97
1969-10-10       0.0                 1.8      8.67
1969-10-11       0.0                1.83     10.13
1969-10-12       0.0                1.67      11.4
1969-10-13       0.0                1.48      13.2
1969-10-14      0.04                1.33     14.37
1969-10-15      2.83                1.83      18.2
1969-10-16      2.85                 3.3      17.1
1969-10-17       0.0                1.83     13.07
1969-10-18       0.0                1.48      13.2
1969-10-19       0.0                2.29     14.87
1969-10-20       0.0                3.21     16.27
1969-10-21       0.0                2.55      15.9
1969-10-22       0.0                2.71     15.27
1969-10-23       0.0                2.28     13.87
1969-10-24      0.51                1.09      14.5
1969-10-25       0.0                1.86     14.57
1969-10-26       0.0                2.34     14.17
1969-10-27       0.0                1.78     11.43
1969-10-28       0.0                1.49     13.54
1969-10-29      0.02                1.29     14.54
1969-10-30       0.0                1.44     13.97
1969-10-31      0.03                0.81     14.57
1969-11-01      0.12                1.87     11.64
1969-11-02       0.0                1.64      8.07
1969-11-03       0.0                1.43      6.37
1969-11-04       0.0                1.44      4.74
1969-11-05       0.0                1.04       4.7
1969-11-06       0.0                0.79      8.84
1969-11-07       0.0                1.04     11.67
1969-11-08      0.37                 1.0      11.6
1969-11-09      0.77                1.86     13.74
1969-11-10       0.4                1.61       5.3
1969-11-11      0.51                1.05      6.54
1969-11-12      2.55                0.77     12.67
1969-11-13      0.18                0.89     13.13
1969-11-14      1.83                 0.6     11.44
1969-11-15      3.54                0.68     10.67
1969-11-16      0.01                1.05      7.83
1969-11-17       0.0                1.51      2.27
1969-11-18      0.01                0.98      0.73
1969-11-19      1.12                0.68       5.4
1969-11-20      0.27                1.33       5.9
1969-11-21       0.0                0.55       2.7
1969-11-22       0.0                0.92      5.17
1969-11-23      0.11                0.81      3.07
1969-11-24      0.04                1.15      -0.4
1969-11-25       0.0                0.78      -0.7
1969-11-26      0.13                0.62       4.6
1969-11-27      0.58                0.54      5.73
1969-11-28      0.04                0.49      3.23
1969-11-29      0.15                0.39      2.67
1969-11-30      0.79                0.44      4.87
1969-12-01      0.06                0.42      4.07
1969-12-02      1.95                0.85     -0.03
1969-12-03      0.46                1.05     -3.46
1969-12-04       0.0                0.84      0.94
1969-12-05      0.07                0.41      3.34
1969-12-06      0.83                0.53      8.14
1969-12-07      2.08                0.63      4.77
1969-12-08      0.33                1.25     -2.73
1969-12-09      0.05                0.66     -3.57
1969-12-10      0.72                0.51      0.07
1969-12-11      1.42                0.37      3.07
1969-12-12      1.57                 1.1     -1.06
1969-12-13       0.0                0.68     -7.26
1969-12-14      0.13                 0.5      -4.6
1969-12-15       0.0                0.88      -2.5
1969-12-16      0.01                 0.6     -3.23
1969-12-17      0.01                0.44      -1.2
1969-12-18      0.04                0.45     -1.76
1969-12-19       0.0                0.31     -2.23
1969-12-20       0.0                0.37       0.6
1969-12-21      0.42                0.38      4.74
1969-12-22      0.07                1.21      3.27
1969-12-23       0.0                0.27      -1.6
1969-12-24      0.51                0.31      -0.3
1969-12-25       0.0                0.33       2.0
1969-12-26       0.0                1.11     -3.66
1969-12-27      0.03                0.59     -8.56
1969-12-28      0.04                0.54     -4.96
1969-12-29      0.15                0.66     -0.66
1969-12-30      0.66                0.28     -4.69
1969-12-31      0.49                0.25     -2.86
1970-01-01       0.0                0.32     -0.36
1970-01-02       0.0                0.31      -0.1
1970-01-03      1.16                0.58     -2.23
1970-01-04       0.0                 0.6     -9.43
1970-01-05      0.01                0.29    -11.43
1970-01-06      0.86                0.71     -1.63
1970-01-07      0.03                 0.4     -4.23
1970-01-08      0.08                0.63      -2.8
1970-01-09      0.06                0.31      -6.3
1970-01-10      3.01                0.26     -3.89
1970-01-11      0.69                0.24     -2.26
1970-01-12      0.55                1.03      1.43
1970-01-13       0.0                0.88     -6.33
1970-01-14       0.0                0.28      -8.9
1970-01-15       0.0                0.31      -9.6
1970-01-16       0.0                 0.5     -9.13
1970-01-17       0.0                 0.3     -8.63
1970-01-18       0.0                 0.3     -6.49
1970-01-19       0.0                0.31     -4.86
1970-01-20       0.0                0.34     -4.73
1970-01-21       0.0                0.37     -2.29
1970-01-22       0.0                0.41      0.44
1970-01-23       0.0                0.68     -1.23
1970-01-24       0.0                0.39     -5.06
1970-01-25       0.0                0.42     -2.83
1970-01-26       0.0                0.45     -0.19
1970-01-27       0.0                0.52     -0.43
1970-01-28       0.0                0.52       2.0
1970-01-29      0.37                0.54      0.94
1970-01-30       2.3                1.16      0.83
1970-01-31      0.21                1.18     -1.03
1970-02-01       0.0                0.94       0.5
