1999-11-01      7.59                0.84      6.83
1999-11-02      0.12                1.24       5.1
1999-11-03       0.0                1.08      4.73
1999-11-04       0.0                0.92       5.8
1999-11-05      0.25                0.88      10.7
1999-11-06       0.0                0.92     10.77
1999-11-07      0.01                0.65      9.54
1999-11-08      0.38                1.33      9.43
1999-11-09      0.03                1.47       7.7
1999-11-10       0.0                0.74       7.6
1999-11-11      1.67                0.59       8.3
1999-11-12      4.05                1.11      10.8
1999-11-13      0.13                 0.8      8.93
1999-11-14       0.0                0.93       8.2
1999-11-15      0.39                1.29      7.13
1999-11-16      0.06                1.14      4.33
1999-11-17      0.01                0.68       2.4
1999-11-18       0.0                 1.1      4.93
1999-11-19       0.0                0.67      4.64
1999-11-20       0.0                0.63      5.87
1999-11-21       0.0                0.64      6.97
1999-11-22       0.0                0.61       7.0
1999-11-23       0.0                0.62      8.47
1999-11-24       0.2                0.59      7.37
1999-11-25      0.53                1.42       5.1
1999-11-26       0.0                1.06     -3.36
1999-11-27      0.01                0.68     -1.66
1999-11-28       0.0                0.85     -1.93
1999-11-29       0.0                0.78      -2.1
1999-11-30       0.0                0.91      2.77
1999-12-01       0.0                0.43     -0.63
1999-12-02       0.0                0.56      3.83
1999-12-03       0.0                0.51      2.07
1999-12-04       0.0                0.58       1.9
1999-12-05       0.0                 0.7      2.87
1999-12-06       0.0                0.82     -0.77
1999-12-07       0.0                0.55      -0.8
1999-12-08       0.1                0.41      3.64
1999-12-09      0.34                1.36       3.0
1999-12-10      0.08                1.06      3.44
1999-12-11       0.0                0.96     -0.87
1999-12-12      0.01                0.62      -1.9
1999-12-13       0.0                0.68      0.44
1999-12-14      0.03                0.59     -2.43
1999-12-15      0.24                0.69      0.13
1999-12-16      3.86                0.38     -0.33
1999-12-17      0.16                0.53     -4.06
1999-12-18       0.0                0.49      -7.2
1999-12-19       0.0                0.62      -9.2
1999-12-20       0.0                0.41     -9.63
1999-12-21       0.0                0.33     -8.03
1999-12-22      0.03                0.47     -7.43
1999-12-23      0.26                0.34     -5.26
1999-12-24      3.74                 0.6     -1.17
1999-12-25      0.55                0.56     -4.93
1999-12-26       0.0                0.37     -6.13
1999-12-27       0.0                0.38      -3.3
1999-12-28      0.31                0.43      1.57
1999-12-29       0.0                0.33     -1.23
1999-12-30       0.0                0.35     -1.36
1999-12-31      0.01                 0.4     -1.33
2000-01-01      0.19                0.44      1.07
2000-01-02      7.73                0.78      2.43
2000-01-03      0.02                0.77      -1.5
2000-01-04      0.18                0.43     -2.26
2000-01-05       5.5                0.43     -0.07
2000-01-06      9.42                0.69      0.53
2000-01-07      0.03                0.92      -7.6
2000-01-08       0.0                0.68      -4.4
2000-01-09       0.0                 0.4      -4.2
2000-01-10      0.09                0.56     -1.43
2000-01-11      0.02                0.67     -2.83
2000-01-12      2.49                0.64       1.5
2000-01-13       2.7                0.52       0.7
2000-01-14      0.04                0.65     -1.03
2000-01-15      0.07                0.56     -1.63
2000-01-16       0.1                0.78       0.9
2000-01-17      0.14                0.51      -0.2
2000-01-18      0.26                0.54     -1.23
2000-01-19      0.61                0.57     -5.63
2000-01-20      0.01                0.59     -9.53
2000-01-21       0.0                0.42     -8.97
2000-01-22       1.2                0.45     -4.27
2000-01-23      0.66                0.58      2.17
2000-01-24      0.16                0.59      -0.9
2000-01-25      0.12                 0.6     -5.83
2000-01-26      0.06                0.48     -8.47
2000-01-27       0.0                0.52     -6.57
2000-01-28       0.0                0.55     -5.06
2000-01-29       0.0                0.51      -4.5
2000-01-30      0.01                0.79      -4.4
2000-01-31      0.13                0.55     -8.03
2000-02-01       0.0                0.57     -8.33
2000-02-02       0.0                0.63     -5.83
2000-02-03      0.08                0.54      -5.0
2000-02-04      0.19                0.63     -4.03
2000-02-05      0.05                0.51      -3.1
2000-02-06      0.05                0.72      0.17
2000-02-07      0.65                 0.7      -1.7
2000-02-08      0.02                 0.6     -8.53
2000-02-09       0.0                0.73     -7.33
2000-02-10       0.0                0.78      -5.0
2000-02-11       0.0                0.86      -1.4
2000-02-12      0.04                0.83      -1.0
2000-02-13      0.12                0.59     -0.36
2000-02-14      0.44                1.36       0.1
2000-02-15       0.0                1.46     -5.53
2000-02-16       0.0                1.48      -4.8
2000-02-17      0.22                1.03     -6.37
2000-02-18       0.0                1.09      -4.8
2000-02-19       0.0                1.17     -0.83
2000-02-20       0.0                 1.4     -1.53
2000-02-21       0.0                1.24     -3.37
2000-02-22      0.09                1.05     -3.33
2000-02-23       0.0                0.92      -1.2
2000-02-24       0.0                 1.1     -4.47
2000-02-25      0.06                0.78     -5.43
2000-02-26       0.3                0.98     -1.03
2000-02-27      1.45                0.87     -2.06
2000-02-28      1.11                1.17     -4.27
2000-02-29       0.0                1.13      -4.1
2000-03-01       0.0                1.23       0.4
2000-03-02       0.0                1.29       4.6
2000-03-03       0.0                1.53      6.43
2000-03-04       0.0                1.63      6.57
2000-03-05      0.14                1.32      3.53
2000-03-06      0.27                1.48      2.27
2000-03-07       0.0                1.66     -1.23
2000-03-08      0.01                1.17     -3.03
2000-03-09       0.0                1.52     -0.93
2000-03-10       0.0                1.49       0.7
2000-03-11       0.0                0.82       3.7
2000-03-12       0.0                1.55       4.7
2000-03-13       0.0                1.73       3.6
2000-03-14       0.0                 1.7       4.0
2000-03-15      0.35                 1.3      4.43
2000-03-16      0.11                1.24      3.17
2000-03-17       0.0                1.86      4.13
2000-03-18      0.47                1.94      8.87
2000-03-19      0.97                1.25      4.67
2000-03-20       0.0                1.71       5.6
2000-03-21       0.0                1.53      6.47
2000-03-22      0.02                2.24      6.37
2000-03-23      0.08                1.54       6.6
2000-03-24       0.0                2.32      4.07
2000-03-25      0.03                2.04       3.8
2000-03-26      0.15                2.15      6.27
2000-03-27      0.76                2.13      7.87
2000-03-28      7.74                 1.4     10.03
2000-03-29      2.24                1.41      5.67
2000-03-30       0.0                2.42       7.7
2000-03-31       0.0                2.28      8.83
2000-04-01       0.0                2.36      6.73
2000-04-02       0.0                1.68      7.77
2000-04-03       0.0                2.58       8.8
2000-04-04       0.0                2.43     10.63
2000-04-05      0.01                2.43      8.43
2000-04-06       0.0                2.58      6.57
2000-04-07       0.0                2.77      9.27
2000-04-08       0.0                2.57       7.6
2000-04-09      1.43                2.06      9.77
2000-04-10      2.17                2.51      6.67
2000-04-11       0.0                2.87       7.7
2000-04-12       0.0                2.22     11.57
2000-04-13       0.0                2.67     12.74
2000-04-14      0.05                2.56      10.7
2000-04-15      0.29                1.87       6.8
2000-04-16      0.01                2.56      7.83
2000-04-17      0.03                2.51      8.97
2000-04-18      0.38                 1.9     13.57
2000-04-19      1.95                1.79     10.83
2000-04-20      0.54                3.04     12.67
2000-04-21      5.38                1.74     11.43
2000-04-22       8.7                1.95      10.5
2000-04-23      0.01                3.04      9.14
2000-04-24       0.0                4.59      11.7
2000-04-25       0.1                2.61     12.27
2000-04-26      3.22                2.05      10.6
2000-04-27      1.52                1.69      6.67
2000-04-28      0.03                2.74      10.6
2000-04-29      0.01                3.36     13.83
2000-04-30       0.0                 2.8     14.87
2000-05-01      2.04                2.29     12.17
2000-05-02       0.0                2.79     11.13
2000-05-03       0.0                 3.6      13.3
2000-05-04      0.16                3.06     15.37
2000-05-05      5.55                2.02     15.03
2000-05-06      4.04                3.52      13.1
2000-05-07       0.0                3.67     13.73
2000-05-08      0.01                3.82     16.33
2000-05-09      0.23                3.15     13.87
2000-05-10     15.04                1.81      11.6
2000-05-11      1.34                1.66     11.27
2000-05-12       0.0                2.75     14.07
2000-05-13      0.01                3.46     15.67
2000-05-14      1.63                3.56     15.97
2000-05-15      6.93                 2.2     15.87
2000-05-16       2.2                2.08     14.37
2000-05-17      0.08                3.48     16.73
2000-05-18      3.33                3.23      17.0
2000-05-19     24.13                2.74     16.47
2000-05-20      8.04                2.25     14.73
2000-05-21       0.0                3.08     16.67
2000-05-22      0.03                2.61      18.6
2000-05-23      3.49                2.59     19.07
2000-05-24       0.0                3.49     21.07
2000-05-25       0.0                3.97      22.8
2000-05-26      4.15                2.78     20.67
2000-05-27      9.67                1.98     16.67
2000-05-28      0.46                2.92      17.1
2000-05-29       0.0                3.78     19.47
2000-05-30       0.0                2.17      16.2
2000-05-31      0.03                3.43      19.8
2000-06-01      0.43                3.87      18.0
