1985-01-01       0.0                0.53     -3.17
1985-01-02       0.0                0.33     -4.37
1985-01-03       0.0                0.33      -4.0
1985-01-04      0.04                0.33     -6.23
1985-01-05       0.0                0.48      -9.0
1985-01-06       0.0                0.66     -7.17
1985-01-07       0.0                0.31     -9.57
1985-01-08      0.04                 0.4     -9.93
1985-01-09      0.87                0.53     -7.63
1985-01-10       0.3                0.66      -8.8
1985-01-11      1.49                0.33     -9.63
1985-01-12      0.54                0.81     -8.63
1985-01-13      0.27                 0.6     -14.5
1985-01-14      0.34                0.43    -14.26
1985-01-15      1.38                0.42      -9.8
1985-01-16       0.0                0.48    -11.16
1985-01-17       0.0                0.36    -12.86
1985-01-18      0.32                0.31      -9.4
1985-01-19      2.55                0.31     -5.43
1985-01-20       0.4                0.61      -6.0
1985-01-21       0.0                0.35      -9.3
1985-01-22      0.01                0.48     -3.23
1985-01-23       0.0                0.37     -6.73
1985-01-24       0.0                0.58     -6.17
1985-01-25      0.07                 0.4    -10.26
1985-01-26      0.57                0.53      -4.9
1985-01-27      1.25                0.69      -2.5
1985-01-28      0.07                0.54     -8.76
1985-01-29      0.08                0.51     -13.7
1985-01-30      0.02                0.46     -15.1
1985-01-31       0.3                0.47     -7.33
1985-02-01      0.07                1.08      -0.6
1985-02-02      0.02                0.84     -3.73
1985-02-03       0.0                0.88      0.24
1985-02-04       0.0                0.57     -2.06
1985-02-05       0.0                0.86       1.7
1985-02-06       0.0                0.82      1.54
1985-02-07       0.0                0.87      0.93
1985-02-08       1.1                1.15      1.17
1985-02-09      4.44                1.18      1.93
1985-02-10       1.0                 0.8       0.9
1985-02-11       0.1                1.16      2.73
1985-02-12      0.69                0.89       0.1
1985-02-13      0.75                 0.9      -2.5
1985-02-14       0.0                1.04     -6.16
1985-02-15      0.57                1.04      0.27
1985-02-16      1.34                1.04     -0.53
1985-02-17      0.37                1.16      -2.9
1985-02-18      0.79                0.69       0.0
1985-02-19      1.59                1.35      3.23
1985-02-20      1.16                 1.2     -4.07
1985-02-21      0.15                1.23     -8.97
1985-02-22      0.03                1.23     -8.03
1985-02-23       0.0                1.16      -9.0
1985-02-24       0.0                 1.0     -8.43
1985-02-25       0.0                1.13     -6.23
1985-02-26      0.06                1.25     -2.47
1985-02-27      0.11                 1.8      -1.0
1985-02-28      0.01                1.44      2.23
1985-03-01       0.0                0.88      2.43
1985-03-02      0.09                1.14      3.37
1985-03-03       0.0                1.75      2.67
1985-03-04       0.0                1.87      1.73
1985-03-05       0.0                1.91      -1.1
1985-03-06       0.0                1.48     -2.43
1985-03-07      1.82                1.78      2.17
1985-03-08      6.68                 1.0       1.1
1985-03-09      0.22                2.17     -0.33
1985-03-10      0.04                1.53     -3.83
1985-03-11       0.0                1.95      1.23
1985-03-12       0.0                1.92      -0.4
1985-03-13       0.0                1.58      2.07
1985-03-14       0.0                2.16       2.7
1985-03-15       0.0                2.45      2.23
1985-03-16       0.0                1.74      2.83
1985-03-17       0.0                2.36      6.63
1985-03-18       0.0                2.18       4.3
1985-03-19       0.0                2.75       8.2
1985-03-20       0.0                2.12      6.33
1985-03-21       0.0                2.45      5.63
1985-03-22       0.0                2.49       3.9
1985-03-23       0.0                2.45       6.1
1985-03-24      2.75                2.87      7.53
1985-03-25     15.16                1.21       6.0
1985-03-26      1.85                 2.2       6.4
1985-03-27      1.55                1.24       4.5
1985-03-28       0.0                1.81      4.43
1985-03-29       0.0                2.36      2.33
1985-03-30       0.0                2.56      1.67
1985-03-31       0.0                 2.5      2.57
1985-04-01       0.0                2.78      4.97
1985-04-02       0.2                2.78      7.53
1985-04-03      11.4                1.26       5.7
1985-04-04       4.9                1.18      3.63
1985-04-05      0.52                3.33      8.37
1985-04-06       0.0                2.37      7.97
1985-04-07       0.0                3.19      9.63
1985-04-08       0.0                3.68     12.73
1985-04-09       0.0                3.85     14.27
1985-04-10      0.17                2.87     10.53
1985-04-11      0.53                3.38       6.8
1985-04-12      0.09                4.82      7.47
1985-04-13       0.0                5.01      9.73
1985-04-14       0.0                3.36      8.97
1985-04-15       0.0                3.95     10.27
1985-04-16      0.04                3.19      11.3
1985-04-17       4.1                1.65      9.47
1985-04-18      2.73                 2.5     11.07
1985-04-19      9.43                2.34     11.53
1985-04-20      0.62                2.42     12.57
1985-04-21      0.07                3.57      13.5
1985-04-22       2.6                2.37      14.1
1985-04-23      1.97                1.94       8.6
1985-04-24      0.77                2.79     10.63
1985-04-25      2.14                2.67      13.7
1985-04-26      15.6                2.16     10.37
1985-04-27      0.31                3.97       9.8
1985-04-28      0.05                2.98      9.27
1985-04-29       0.0                3.35     11.63
1985-04-30       0.0                 4.8     16.43
1985-05-01       0.0                2.76      17.2
1985-05-02       0.0                4.39      18.4
1985-05-03       0.0                3.53      17.7
1985-05-04      5.42                2.89     18.43
1985-05-05      17.5                1.86     16.43
1985-05-06      8.39                2.14     12.83
1985-05-07      1.74                2.68     12.33
1985-05-08       0.1                3.74     16.33
1985-05-09      0.08                4.32     17.37
1985-05-10       0.0                4.59     17.47
1985-05-11       0.0                4.57     18.67
1985-05-12     30.73                4.46     19.47
1985-05-13      45.4                2.45     12.83
1985-05-14      0.25                4.98      13.2
1985-05-15       0.0                4.66     15.53
1985-05-16       0.0                4.84     17.13
1985-05-17       0.0                5.08     18.27
1985-05-18      5.58                2.44     16.57
1985-05-19      5.92                1.86     15.13
1985-05-20      6.82                1.93     12.53
1985-05-21      0.86                4.35     12.53
1985-05-22       0.0                 4.1     14.97
1985-05-23       0.0                4.06     17.03
1985-05-24       0.0                4.53     16.87
1985-05-25       0.0                3.73      16.5
1985-05-26       0.0                 5.3     18.27
1985-05-27       0.0                4.83     17.53
1985-05-28       0.0                6.22      15.9
1985-05-29       0.0                5.73     15.33
1985-05-30      0.16                4.43      14.5
1985-05-31       0.0                3.51     17.53
1985-06-01       0.0                 3.1     15.73
1985-06-02       0.0                5.15      18.4
1985-06-03      1.49                3.45     16.23
1985-06-04      0.25                4.82     19.27
1985-06-05       0.0                5.31     19.83
1985-06-06      0.45                 4.9     20.27
1985-06-07      0.84                2.17     17.67
1985-06-08      0.38                4.93     17.93
1985-06-09      1.85                2.85      18.1
1985-06-10      1.56                4.14     21.17
1985-06-11      5.86                 3.4     19.57
1985-06-12      8.92                3.29     18.87
1985-06-13      3.48                3.45     15.27
1985-06-14      0.35                 4.9     14.83
1985-06-15       0.0                5.03     16.13
1985-06-16      2.42                5.12     17.97
1985-06-17      2.12                 3.8      20.4
1985-06-18      2.78                4.26      21.3
1985-06-19      0.01                 5.1     22.33
1985-06-20       0.0                5.15     22.17
1985-06-21       0.0                3.57     21.33
1985-06-22      0.38                3.03     21.63
1985-06-23      0.36                4.17     22.47
1985-06-24       0.2                3.29      21.6
1985-06-25       0.0                5.47     23.73
1985-06-26       0.0                5.95      23.4
1985-06-27      0.06                3.58     20.43
1985-06-28      0.17                5.73      22.3
1985-06-29      0.02                4.33     23.97
1985-06-30      1.96                3.15      21.6
1985-07-01      2.03                4.63      22.7
1985-07-02      0.33                4.59      24.1
1985-07-03      3.85                2.33      20.9
1985-07-04      0.82                3.98     22.87
1985-07-05      0.06                5.07     23.53
1985-07-06       2.4                3.74     23.93
1985-07-07      2.74                2.57     24.33
1985-07-08      0.17                3.86      25.3
1985-07-09      1.23                 3.1      26.4
1985-07-10     19.46                2.59     24.97
1985-07-11      1.14                 3.0     24.83
1985-07-12     30.44                 2.2      21.4
1985-07-13      8.34                2.79     22.13
1985-07-14      3.73                2.61     23.37
1985-07-15      3.03                4.38      24.8
1985-07-16      7.25                3.03     23.63
1985-07-17     18.77                2.52     24.33
1985-07-18      0.31                4.76     24.27
1985-07-19      2.07                2.65     23.83
1985-07-20      2.14                4.52     25.77
1985-07-21       0.0                3.28     25.73
1985-07-22       0.0                4.85     26.47
1985-07-23       0.0                3.68      26.0
1985-07-24      0.05                5.05     27.27
1985-07-25      0.26                5.08      26.5
1985-07-26      2.53                4.65      27.6
1985-07-27      1.57                5.18     27.07
1985-07-28       0.0                5.43     27.47
1985-07-29       0.0                4.83      28.4
1985-07-30      1.09                4.52      27.8
1985-07-31       0.8                5.02      27.7
1985-08-01       0.1                4.07     26.43
