1985-04-01       0.0                2.78      4.97
1985-04-02       0.2                2.78      7.53
1985-04-03      11.4                1.26       5.7
1985-04-04       4.9                1.18      3.63
1985-04-05      0.52                3.33      8.37
1985-04-06       0.0                2.37      7.97
1985-04-07       0.0                3.19      9.63
1985-04-08       0.0                3.68     12.73
1985-04-09       0.0                3.85     14.27
1985-04-10      0.17                2.87     10.53
1985-04-11      0.53                3.38       6.8
1985-04-12      0.09                4.82      7.47
1985-04-13       0.0                5.01      9.73
1985-04-14       0.0                3.36      8.97
1985-04-15       0.0                3.95     10.27
1985-04-16      0.04                3.19      11.3
1985-04-17       4.1                1.65      9.47
1985-04-18      2.73                 2.5     11.07
1985-04-19      9.43                2.34     11.53
1985-04-20      0.62                2.42     12.57
1985-04-21      0.07                3.57      13.5
1985-04-22       2.6                2.37      14.1
1985-04-23      1.97                1.94       8.6
1985-04-24      0.77                2.79     10.63
1985-04-25      2.14                2.67      13.7
1985-04-26      15.6                2.16     10.37
1985-04-27      0.31                3.97       9.8
1985-04-28      0.05                2.98      9.27
1985-04-29       0.0                3.35     11.63
1985-04-30       0.0                 4.8     16.43
1985-05-01       0.0                2.76      17.2
1985-05-02       0.0                4.39      18.4
1985-05-03       0.0                3.53      17.7
1985-05-04      5.42                2.89     18.43
1985-05-05      17.5                1.86     16.43
1985-05-06      8.39                2.14     12.83
1985-05-07      1.74                2.68     12.33
1985-05-08       0.1                3.74     16.33
1985-05-09      0.08                4.32     17.37
1985-05-10       0.0                4.59     17.47
1985-05-11       0.0                4.57     18.67
1985-05-12     30.73                4.46     19.47
1985-05-13      45.4                2.45     12.83
1985-05-14      0.25                4.98      13.2
1985-05-15       0.0                4.66     15.53
1985-05-16       0.0                4.84     17.13
1985-05-17       0.0                5.08     18.27
1985-05-18      5.58                2.44     16.57
1985-05-19      5.92                1.86     15.13
1985-05-20      6.82                1.93     12.53
1985-05-21      0.86                4.35     12.53
1985-05-22       0.0                 4.1     14.97
1985-05-23       0.0                4.06     17.03
1985-05-24       0.0                4.53     16.87
1985-05-25       0.0                3.73      16.5
1985-05-26       0.0                 5.3     18.27
1985-05-27       0.0                4.83     17.53
1985-05-28       0.0                6.22      15.9
1985-05-29       0.0                5.73     15.33
1985-05-30      0.16                4.43      14.5
1985-05-31       0.0                3.51     17.53
1985-06-01       0.0                 3.1     15.73
1985-06-02       0.0                5.15      18.4
1985-06-03      1.49                3.45     16.23
1985-06-04      0.25                4.82     19.27
1985-06-05       0.0                5.31     19.83
1985-06-06      0.45                 4.9     20.27
1985-06-07      0.84                2.17     17.67
1985-06-08      0.38                4.93     17.93
1985-06-09      1.85                2.85      18.1
1985-06-10      1.56                4.14     21.17
1985-06-11      5.86                 3.4     19.57
1985-06-12      8.92                3.29     18.87
1985-06-13      3.48                3.45     15.27
1985-06-14      0.35                 4.9     14.83
1985-06-15       0.0                5.03     16.13
1985-06-16      2.42                5.12     17.97
1985-06-17      2.12                 3.8      20.4
1985-06-18      2.78                4.26      21.3
1985-06-19      0.01                 5.1     22.33
1985-06-20       0.0                5.15     22.17
1985-06-21       0.0                3.57     21.33
1985-06-22      0.38                3.03     21.63
1985-06-23      0.36                4.17     22.47
1985-06-24       0.2                3.29      21.6
1985-06-25       0.0                5.47     23.73
1985-06-26       0.0                5.95      23.4
1985-06-27      0.06                3.58     20.43
1985-06-28      0.17                5.73      22.3
1985-06-29      0.02                4.33     23.97
1985-06-30      1.96                3.15      21.6
1985-07-01      2.03                4.63      22.7
1985-07-02      0.33                4.59      24.1
1985-07-03      3.85                2.33      20.9
1985-07-04      0.82                3.98     22.87
1985-07-05      0.06                5.07     23.53
1985-07-06       2.4                3.74     23.93
1985-07-07      2.74                2.57     24.33
1985-07-08      0.17                3.86      25.3
1985-07-09      1.23                 3.1      26.4
1985-07-10     19.46                2.59     24.97
1985-07-11      1.14                 3.0     24.83
1985-07-12     30.44                 2.2      21.4
1985-07-13      8.34                2.79     22.13
1985-07-14      3.73                2.61     23.37
1985-07-15      3.03                4.38      24.8
1985-07-16      7.25                3.03     23.63
1985-07-17     18.77                2.52     24.33
1985-07-18      0.31                4.76     24.27
1985-07-19      2.07                2.65     23.83
1985-07-20      2.14                4.52     25.77
1985-07-21       0.0                3.28     25.73
1985-07-22       0.0                4.85     26.47
1985-07-23       0.0                3.68      26.0
1985-07-24      0.05                5.05     27.27
1985-07-25      0.26                5.08      26.5
1985-07-26      2.53                4.65      27.6
1985-07-27      1.57                5.18     27.07
1985-07-28       0.0                5.43     27.47
1985-07-29       0.0                4.83      28.4
1985-07-30      1.09                4.52      27.8
1985-07-31       0.8                5.02      27.7
1985-08-01       0.1                4.07     26.43
1985-08-02      5.31                2.53      24.7
1985-08-03       1.7                2.57      25.4
1985-08-04     12.08                3.38     25.87
1985-08-05     29.01                2.57     21.93
1985-08-06      0.32                4.23     26.23
1985-08-07      0.09                4.22     26.87
1985-08-08      1.32                4.78      27.7
1985-08-09     33.48                2.14      23.5
1985-08-10     43.96                2.03     21.37
1985-08-11      4.62                4.72     23.87
1985-08-12      3.89                4.45     25.47
1985-08-13      3.22                3.58      27.3
1985-08-14      7.06                3.04      26.2
1985-08-15     12.94                4.12     24.23
1985-08-16     27.28                3.11      23.6
1985-08-17      5.77                3.41     23.07
1985-08-18      0.56                4.46     26.57
1985-08-19       0.0                4.41     27.27
1985-08-20       0.0                4.26     27.13
1985-08-21       0.0                4.52     27.33
1985-08-22       0.0                 4.2      27.5
1985-08-23      0.27                4.36     27.37
1985-08-24      2.24                4.47     27.63
1985-08-25       0.0                3.96      26.7
1985-08-26      0.29                4.41      27.0
1985-08-27      5.73                1.98     24.43
1985-08-28      10.0                2.21      24.3
1985-08-29      2.43                3.23     22.87
1985-08-30      7.76                4.66     23.97
1985-08-31       9.7                2.38     21.37
1985-09-01      3.64                3.15     23.37
1985-09-02      7.23                1.85     20.67
1985-09-03     15.88                2.58      24.5
1985-09-04     14.53                2.59     23.63
1985-09-05     11.49                3.92     24.43
1985-09-06     36.07                1.89     22.77
1985-09-07      5.77                3.76      22.7
1985-09-08       0.0                2.82     22.13
1985-09-09      5.32                2.32     22.33
1985-09-10     20.62                1.62     18.47
1985-09-11      2.79                1.86      20.4
1985-09-12       0.0                2.64      20.8
1985-09-13      0.53                2.18     18.73
1985-09-14      5.15                1.79      17.4
1985-09-15     10.71                1.49      16.3
1985-09-16      7.45                2.11     17.67
1985-09-17      27.7                1.56     17.07
1985-09-18     10.43                2.06      20.1
1985-09-19      12.9                1.57     16.93
1985-09-20      1.32                1.47     16.97
1985-09-21      0.26                1.65      17.8
1985-09-22      0.36                2.56     16.77
1985-09-23      0.92                2.21     14.27
1985-09-24       4.1                2.62      18.0
1985-09-25      0.34                2.61      15.0
1985-09-26       0.0                2.67      15.1
1985-09-27      0.06                2.06     16.23
1985-09-28       0.0                1.55      16.6
1985-09-29       0.0                2.47     14.07
1985-09-30       3.3                2.47      11.2
1985-10-01      0.12                1.97      10.7
1985-10-02       0.0                2.07      11.6
1985-10-03       0.0                1.84     13.94
1985-10-04      3.09                1.33     15.67
1985-10-05     46.94                1.85      15.8
1985-10-06     23.18                1.62     13.33
1985-10-07      0.85                2.64     15.47
1985-10-08       0.0                1.69      15.5
1985-10-09      1.28                1.82     18.07
1985-10-10     19.84                1.15     14.77
1985-10-11      2.21                2.17     19.83
1985-10-12     58.43                1.23     17.37
1985-10-13      5.79                2.07     15.37
1985-10-14       0.0                 1.7      12.6
1985-10-15       0.0                1.67     14.33
1985-10-16       0.0                1.12     13.93
1985-10-17       0.0                1.52      11.1
1985-10-18       0.0                1.48      8.53
1985-10-19       0.0                1.29       7.1
1985-10-20       0.0                1.36      9.13
1985-10-21       0.0                 1.3      7.93
1985-10-22       0.0                 1.7      12.7
1985-10-23       0.0                1.49     11.73
1985-10-24       0.0                1.64     12.63
1985-10-25       0.0                1.34     10.73
1985-10-26       0.0                1.29     11.27
1985-10-27      0.03                1.72     11.67
1985-10-28       0.0                1.54     13.13
1985-10-29       0.0                1.32     13.77
1985-10-30       0.0                1.18     13.77
1985-10-31      7.16                0.96     12.77
1985-11-01      3.29                1.21       7.0
