1995-12-01      0.06                0.58      0.63
1995-12-02       0.0                 0.5     -0.36
1995-12-03       0.0                0.48      -0.9
1995-12-04       0.0                0.68     -2.36
1995-12-05       0.0                0.68     -5.13
1995-12-06       0.0                0.39     -4.96
1995-12-07       0.0                0.48      -4.3
1995-12-08       0.0                0.42     -4.17
1995-12-09       0.0                0.42     -3.36
1995-12-10       0.0                 0.4     -1.77
1995-12-11      0.17                0.35     -0.93
1995-12-12      0.07                0.49      0.63
1995-12-13       0.0                0.37      -0.8
1995-12-14      0.03                0.56      1.07
1995-12-15       0.0                 0.8     -1.03
1995-12-16       0.0                0.55     -3.26
1995-12-17       0.0                0.42      -4.1
1995-12-18       0.0                0.36     -4.33
1995-12-19       0.0                0.42      -2.8
1995-12-20      0.28                0.35     -3.76
1995-12-21       0.0                0.42     -3.73
1995-12-22       0.0                0.43     -4.36
1995-12-23      1.44                0.72       0.1
1995-12-24      0.17                 1.1      -6.4
1995-12-25       0.0                0.39     -9.83
1995-12-26       0.0                0.33     -8.56
1995-12-27      0.26                0.36     -6.06
1995-12-28      0.97                0.42      -3.5
1995-12-29      0.12                0.87     -7.17
1995-12-30      0.07                 0.5      -9.6
1995-12-31      0.11                0.37     -6.06
1996-01-01       0.0                0.36      -6.5
1996-01-02       0.0                0.34     -3.03
1996-01-03       0.0                1.31     -4.03
1996-01-04       0.0                0.41     -8.86
1996-01-05      1.36                0.35      -4.6
1996-01-06      0.11                 0.5       0.7
1996-01-07      1.71                0.42      -1.9
1996-01-08      0.73                1.27     -5.13
1996-01-09       0.0                0.76      -9.1
1996-01-10       0.0                0.49     -7.66
1996-01-11       0.0                0.43     -6.53
1996-01-12       0.0                0.51     -3.36
1996-01-13      0.31                0.52     -1.77
1996-01-14      6.79                0.36     -1.87
1996-01-15      6.68                0.43      0.83
1996-01-16      0.01                1.03     -4.43
1996-01-17       0.0                0.65     -6.83
1996-01-18       0.0                0.52     -7.03
1996-01-19       0.0                0.48      -5.9
1996-01-20       0.0                0.66      -5.6
1996-01-21       0.0                0.61     -4.03
1996-01-22      0.23                0.62      -4.4
1996-01-23       0.0                0.93      -5.4
1996-01-24       0.0                0.75     -6.66
1996-01-25       0.0                 0.7     -8.53
1996-01-26       0.0                0.56      -9.3
1996-01-27      0.44                0.51      -6.5
1996-01-28      0.22                 0.7     -1.33
1996-01-29      0.02                1.07      -3.1
1996-01-30       0.0                1.25     -7.23
1996-01-31      0.95                0.72     -9.83
1996-02-01       0.0                 1.0      -9.6
1996-02-02       0.0                0.67    -11.17
1996-02-03      0.07                0.77     -8.76
1996-02-04      2.54                0.42     -4.53
1996-02-05       0.0                 1.3     -5.93
1996-02-06       0.0                0.61      -9.8
1996-02-07       0.0                0.44     -8.63
1996-02-08      0.69                0.63     -6.73
1996-02-09      0.25                0.65     -8.06
1996-02-10       0.0                0.83      -8.1
1996-02-11       0.0                0.77     -5.26
1996-02-12       0.0                1.17       4.9
1996-02-13       0.0                0.84       6.3
1996-02-14       0.0                0.83      6.53
1996-02-15      0.85                1.52       1.0
1996-02-16      8.39                1.06      -1.7
1996-02-17      1.19                1.35     -2.63
1996-02-18      2.46                0.92     -2.57
1996-02-19       0.0                0.99     -4.33
1996-02-20      1.23                1.13     -6.17
1996-02-21       0.0                1.15      -6.8
1996-02-22       0.0                1.28      -5.2
1996-02-23      0.38                1.22      -2.9
1996-02-24       0.0                1.13     -2.47
1996-02-25      0.01                0.91     -1.53
1996-02-26      0.17                1.13      -1.3
1996-02-27       0.0                1.82     -2.03
1996-02-28       0.0                1.36      -2.4
1996-02-29       0.3                1.12      1.13
1996-03-01      0.22                1.82      0.07
1996-03-02       0.0                1.62     -1.13
1996-03-03      0.03                1.74     -0.87
1996-03-04      3.57                1.11     -0.77
1996-03-05      0.32                1.48     -1.93
1996-03-06       1.1                1.01       0.7
1996-03-07      8.54                0.78      1.87
1996-03-08      0.92                1.53       1.9
1996-03-09      0.34                0.98      0.13
1996-03-10      0.14                1.92      1.27
1996-03-11      0.35                1.49     -1.53
1996-03-12       0.0                1.51      -2.2
1996-03-13      0.11                1.14      0.63
1996-03-14      0.02                1.41       7.0
1996-03-15      0.33                1.61      2.37
1996-03-16     11.71                0.96       0.7
1996-03-17      1.84                1.83      4.57
1996-03-18      0.66                1.79      0.17
1996-03-19       0.2                1.78     -0.87
1996-03-20       0.0                1.97      2.43
1996-03-21      7.21                1.27      3.23
1996-03-22       2.2                1.69      3.63
1996-03-23      0.41                1.87      1.43
1996-03-24      0.08                1.07       1.8
1996-03-25      0.47                2.34      5.47
1996-03-26      0.83                2.29       5.6
1996-03-27       0.0                2.29       5.9
1996-03-28       0.0                2.27      4.07
1996-03-29      9.46                2.12      8.03
1996-03-30     16.22                1.34      7.13
1996-03-31      1.18                1.91      4.07
1996-04-01       0.0                1.87      2.43
1996-04-02       0.0                2.54      0.67
1996-04-03       0.0                2.63      1.17
1996-04-04       0.0                2.49      2.67
1996-04-05       0.0                2.99      7.04
1996-04-06      3.92                1.29      6.43
1996-04-07      3.18                2.22      9.07
1996-04-08       0.0                3.05       8.3
1996-04-09       0.0                3.05      7.27
1996-04-10       0.0                 3.2      5.03
1996-04-11       0.0                2.52       2.3
1996-04-12       0.0                2.75      3.13
1996-04-13       0.0                3.05      5.67
1996-04-14       0.0                2.99      8.14
1996-04-15      0.07                2.63      9.04
1996-04-16       2.4                3.17     10.43
1996-04-17     20.48                1.47      7.97
1996-04-18       0.4                4.08      7.87
1996-04-19       0.0                2.62      6.03
1996-04-20      0.49                2.54      6.33
1996-04-21      0.51                2.24      8.13
1996-04-22       0.0                3.21      9.84
1996-04-23       0.0                3.81      12.6
1996-04-24       0.0                3.77      12.2
1996-04-25       0.0                3.46     14.87
1996-04-26       0.0                4.01      16.0
1996-04-27       0.0                4.03      17.8
1996-04-28       0.0                3.98      17.8
1996-04-29       5.4                2.11      16.7
1996-04-30     19.32                1.57      12.5
1996-05-01      2.61                1.84     12.63
1996-05-02      1.47                 4.4      15.3
1996-05-03      0.17                3.21      15.0
1996-05-04      0.99                1.77     13.43
1996-05-05       0.0                3.67      12.9
1996-05-06       0.0                2.58      12.7
1996-05-07      1.33                2.84     14.07
1996-05-08      3.49                3.33     12.13
1996-05-09      0.32                3.99     12.53
1996-05-10      0.06                3.71     13.43
1996-05-11       3.9                3.32     13.47
1996-05-12      0.01                3.92      13.8
1996-05-13      0.18                3.28     13.73
1996-05-14       0.0                4.03     13.03
1996-05-15       0.0                4.76     17.03
1996-05-16       0.0                4.37     18.43
1996-05-17       0.0                3.94     17.63
1996-05-18       0.0                3.95     17.53
1996-05-19       0.0                 3.3     16.73
1996-05-20      3.03                2.03     15.13
1996-05-21      1.05                3.63      15.6
1996-05-22       0.0                4.33     15.17
1996-05-23       0.0                4.34     17.63
1996-05-24       0.0                4.77      18.7
1996-05-25       0.0                4.43      18.2
1996-05-26      0.03                4.51     19.84
1996-05-27       0.0                4.75     19.77
1996-05-28      0.01                3.41     20.33
1996-05-29      0.22                2.74      18.9
1996-05-30      0.01                3.35     20.33
1996-05-31       0.0                4.46     23.07
1996-06-01       0.0                4.75      22.5
1996-06-02       0.0                3.46     22.27
1996-06-03       0.0                 2.2     19.97
1996-06-04       0.0                4.23     20.57
1996-06-05       0.0                5.21     20.57
1996-06-06       0.0                 4.1     20.23
1996-06-07       0.0                2.27     20.93
1996-06-08       0.0                5.02     21.87
1996-06-09      0.65                2.91     18.97
1996-06-10      7.22                2.08      17.3
1996-06-11      0.48                 3.4      20.2
1996-06-12       0.0                3.76     21.17
1996-06-13       0.0                3.73      22.5
1996-06-14       0.0                4.02     22.33
1996-06-15      2.93                3.77     22.47
1996-06-16     11.65                2.71      22.4
1996-06-17     61.49                1.99     18.43
1996-06-18     23.79                2.93      17.6
1996-06-19      0.18                3.08     21.23
1996-06-20      6.12                2.28     20.23
1996-06-21      18.1                2.36     21.03
1996-06-22      4.83                 2.6     19.57
1996-06-23      0.94                4.08     20.83
1996-06-24     13.69                2.09      16.8
1996-06-25      1.54                2.77     17.97
1996-06-26      0.27                5.07      20.9
1996-06-27     10.93                2.09     18.77
1996-06-28      2.86                2.36      20.3
1996-06-29     33.15                2.39      21.5
1996-06-30       3.3                2.17     21.94
1996-07-01      0.58                4.37     23.33
