1973-07-01       0.0                4.67      21.5
1973-07-02       0.0                5.08      23.5
1973-07-03      0.08                6.09     22.47
1973-07-04       1.7                4.08     23.93
1973-07-05       1.9                5.54     26.43
1973-07-06      1.36                4.92     26.37
1973-07-07      1.11                5.42      26.5
1973-07-08     13.17                5.04     26.73
1973-07-09       0.3                5.34     26.57
1973-07-10       0.4                5.55     26.07
1973-07-11      2.08                 2.5     23.37
1973-07-12      0.47                4.38     25.37
1973-07-13      1.22                3.66     26.63
1973-07-14     12.56                2.66     25.63
1973-07-15       9.8                3.88     26.67
1973-07-16       0.0                5.98     26.67
1973-07-17       0.0                5.99     26.77
1973-07-18      2.61                6.13      25.9
1973-07-19     15.08                2.82     25.33
1973-07-20      0.48                5.59     27.07
1973-07-21      2.29                 4.1     27.53
1973-07-22     14.86                3.38     25.57
1973-07-23       0.0                5.92      25.3
1973-07-24       0.0                5.97     25.43
1973-07-25      0.18                6.03     27.07
1973-07-26      2.25                5.14     27.27
1973-07-27       9.0                3.91     27.33
1973-07-28      0.01                5.61      26.1
1973-07-29      5.12                2.69     25.43
1973-07-30     17.18                3.87     24.53
1973-07-31      2.14                5.29     24.53
1973-08-01      7.48                 2.3      23.7
1973-08-02      1.02                2.22      23.1
1973-08-03      3.52                 4.3      25.3
1973-08-04     14.57                2.09     24.67
1973-08-05     18.17                2.24      24.6
1973-08-06      1.43                4.03     26.63
1973-08-07       0.0                4.77     25.97
1973-08-08       0.0                4.53     27.03
1973-08-09       0.0                4.99     27.03
1973-08-10       0.0                4.63     28.63
1973-08-11       0.0                 5.2     28.17
1973-08-12       0.0                4.28      27.2
1973-08-13       0.0                4.58      26.6
1973-08-14       0.0                4.68     25.87
1973-08-15      0.27                5.69     25.77
1973-08-16       6.4                5.68     26.43
1973-08-17     30.38                2.22      25.1
1973-08-18      0.87                5.03      25.7
1973-08-19      1.87                4.35      24.9
1973-08-20      2.09                3.01      24.8
1973-08-21      0.14                4.66     25.37
1973-08-22      19.8                2.64      24.2
1973-08-23     18.42                1.93      21.6
1973-08-24      0.03                3.31     22.57
1973-08-25       0.0                4.06     24.37
1973-08-26      0.31                2.92     24.53
1973-08-27      4.61                 4.1     24.97
1973-08-28      20.8                2.04     23.93
1973-08-29     29.87                3.39     24.63
1973-08-30      5.54                4.55      23.8
1973-08-31      8.42                1.98     20.17
1973-09-01     32.72                2.32     21.97
1973-09-02      4.32                2.19     20.13
1973-09-03      2.06                3.68     20.57
1973-09-04       0.0                3.33     21.03
1973-09-05      0.42                3.83     20.17
1973-09-06      0.16                4.27     18.83
1973-09-07      3.44                3.45      19.6
1973-09-08      1.14                3.29      19.3
1973-09-09     16.52                1.88     19.17
1973-09-10     31.83                1.67      17.0
1973-09-11       0.0                 3.7     18.23
1973-09-12       0.0                 2.8      16.2
1973-09-13       0.0                 2.8     18.33
1973-09-14       0.0                2.97     18.37
1973-09-15       0.0                2.69     19.57
1973-09-16      0.14                2.78     19.03
1973-09-17       0.0                2.99     19.77
1973-09-18      0.53                2.44      18.9
1973-09-19      0.47                2.35     19.67
1973-09-20      1.51                2.77     20.33
1973-09-21      2.24                3.44     20.13
1973-09-22      3.62                 3.5     18.67
1973-09-23      0.94                 2.3     18.93
1973-09-24      3.94                2.85      18.3
1973-09-25      5.41                1.89     18.43
1973-09-26     10.76                2.12     12.27
1973-09-27      0.22                2.42      10.8
1973-09-28      0.28                2.21     14.34
1973-09-29      2.83                1.33     12.53
1973-09-30       1.0                2.51     15.87
1973-10-01      0.34                 2.5     15.64
1973-10-02       0.8                1.94      13.5
1973-10-03      3.06                2.45      16.4
1973-10-04      0.43                2.09     14.43
1973-10-05      1.88                1.51     11.33
1973-10-06      0.96                 1.4     11.57
1973-10-07      4.56                1.75     12.53
1973-10-08       0.0                2.53      11.4
1973-10-09       0.0                2.26      11.9
1973-10-10       0.0                1.37     11.13
1973-10-11      0.02                2.56     13.77
1973-10-12      0.11                1.34     14.37
1973-10-13      1.85                 1.2      12.0
1973-10-14       0.0                2.14      7.07
1973-10-15       0.0                1.88       7.4
1973-10-16       0.0                1.88      8.53
1973-10-17       0.0                2.32      11.1
1973-10-18       0.0                1.89      6.57
1973-10-19      0.01                1.91       9.8
1973-10-20      1.22                1.06     11.07
1973-10-21      4.48                1.82      13.6
1973-10-22      0.27                3.47      10.8
1973-10-23      0.13                2.08      9.03
1973-10-24      0.69                2.03      6.67
1973-10-25       0.0                2.06       7.1
1973-10-26      1.11                1.12       4.7
1973-10-27      7.52                1.76      10.2
1973-10-28      9.36                1.84      11.3
1973-10-29       0.0                1.43      9.73
1973-10-30       0.0                1.36      9.93
1973-10-31      0.08                0.94      8.17
1973-11-01      5.68                1.45       9.5
1973-11-02      7.47                1.58      6.07
1973-11-03       0.0                 1.1       6.0
1973-11-04      0.04                0.68       6.3
1973-11-05       0.0                1.14      7.47
1973-11-06       0.0                1.17      4.43
1973-11-07      0.03                1.05      5.23
1973-11-08      0.51                0.73      5.83
1973-11-09       2.3                1.11      9.47
1973-11-10      0.19                1.34       4.7
1973-11-11       0.0                1.67       2.3
1973-11-12       0.0                1.02      1.93
1973-11-13      0.03                0.93      4.53
1973-11-14      0.45                1.07      6.73
1973-11-15      3.57                 1.3       6.6
1973-11-16      6.43                1.76      7.37
1973-11-17      1.72                1.55      1.83
1973-11-18      0.75                1.19     -1.17
1973-11-19      0.86                1.59      -3.1
1973-11-20      4.06                0.41      -4.7
1973-11-21      0.22                0.75     -2.73
1973-11-22       0.0                 0.6     -5.06
1973-11-23      0.27                0.66       1.1
1973-11-24       1.5                0.63      2.74
1973-11-25      0.14                1.15      -0.7
1973-11-26       0.0                0.81       0.2
1973-11-27      0.12                1.91      3.73
1973-11-28       0.0                0.83      -1.6
1973-11-29       0.0                0.51     -0.63
1973-11-30       0.0                1.44      1.17
1973-12-01      0.11                0.64     -1.96
1973-12-02      0.87                0.74      3.87
1973-12-03       0.0                1.51      -2.0
1973-12-04      0.03                1.27      -7.3
1973-12-05      0.49                 0.5     -6.13
1973-12-06      0.53                 1.3     -4.73
1973-12-07       0.0                 0.9     -7.77
1973-12-08      0.01                0.57     -5.83
1973-12-09       0.0                0.84      -5.4
1973-12-10       0.0                0.59     -2.83
1973-12-11      0.02                0.48     -3.56
1973-12-12       0.2                0.51     -1.36
1973-12-13      0.01                0.65     -3.13
1973-12-14      0.03                0.54      -0.8
1973-12-15      0.01                 0.7      1.74
1973-12-16       0.0                0.74      -3.1
1973-12-17      0.05                 0.6     -6.33
1973-12-18       0.0                0.71     -4.23
1973-12-19       0.0                0.64     -3.66
1973-12-20       0.2                0.49     -0.83
1973-12-21      1.67                1.22     -2.23
1973-12-22      1.11                0.79      -8.3
1973-12-23      0.01                0.61      -9.7
1973-12-24       0.0                0.39    -12.56
1973-12-25       0.0                0.36    -10.43
1973-12-26      0.06                0.39      -6.8
1973-12-27      0.16                0.34     -3.83
1973-12-28       0.2                1.12      -2.9
1973-12-29      1.64                0.42     -8.06
1973-12-30      0.59                0.52     -6.46
1973-12-31       1.1                0.83      -3.1
1974-01-01       0.0                0.46      -2.1
1974-01-02       0.0                0.53      -1.2
1974-01-03       0.0                0.43     -0.73
1974-01-04       0.0                0.35     -2.17
1974-01-05       0.0                0.41      -1.3
1974-01-06       0.0                0.46     -2.83
1974-01-07       0.0                0.47     -3.33
1974-01-08      0.01                0.69     -0.93
1974-01-09      0.03                0.73     -0.77
1974-01-10      0.01                0.81     -2.13
1974-01-11      0.01                1.01     -3.53
1974-01-12       0.0                0.69     -4.23
1974-01-13       0.0                0.57     -4.96
1974-01-14       0.0                0.59      -3.7
1974-01-15       0.0                1.09     -2.43
1974-01-16       0.0                0.65      -7.4
1974-01-17      0.02                 0.9     -6.13
1974-01-18      0.02                0.79     -7.73
1974-01-19      0.45                0.81     -5.36
1974-01-20      0.39                 0.7      -4.4
1974-01-21      7.95                0.45     -1.53
1974-01-22      0.01                0.83     -2.43
1974-01-23       0.0                0.94    -11.16
1974-01-24       0.0                0.41    -14.63
1974-01-25       0.0                0.45    -13.16
1974-01-26      0.02                0.44    -11.43
1974-01-27      0.68                0.69      -8.4
1974-01-28       0.0                0.43    -11.86
1974-01-29      0.73                0.71      -8.4
1974-01-30      1.35                0.78      -4.3
1974-01-31       0.0                0.67     -3.93
1974-02-01      0.46                0.71      -5.9
