1986-11-01      0.21                0.69      4.67
1986-11-02      1.05                 1.1      7.53
1986-11-03       1.5                0.92      5.84
1986-11-04      0.28                 1.3      4.47
1986-11-05      0.37                0.99      5.24
1986-11-06      1.41                0.66       7.1
1986-11-07      2.85                1.74      8.47
1986-11-08       0.0                0.98      3.63
1986-11-09      0.67                0.64       4.9
1986-11-10      0.08                1.66      5.57
1986-11-11       0.0                0.86      3.83
1986-11-12      0.13                0.74      5.17
1986-11-13      0.28                0.59      8.17
1986-11-14      0.01                1.24      7.53
1986-11-15       0.0                1.21      2.24
1986-11-16       0.0                0.64      0.17
1986-11-17      0.08                0.71      2.17
1986-11-18       0.0                0.65      3.47
1986-11-19       0.0                0.67      3.13
1986-11-20       0.0                0.86      2.43
1986-11-21       0.0                0.66       3.3
1986-11-22       0.0                0.53      2.77
1986-11-23       2.0                0.91       5.5
1986-11-24      3.68                0.64      6.37
1986-11-25      0.03                1.45      1.67
1986-11-26      0.06                0.78      -2.4
1986-11-27       0.0                0.57     -3.03
1986-11-28      0.11                0.58     -1.43
1986-11-29       0.0                 0.7      -3.8
1986-11-30       0.0                0.91     -2.66
1986-12-01       0.0                0.81       3.3
1986-12-02       0.0                0.53      2.27
1986-12-03      1.19                 0.5      3.54
1986-12-04      0.79                0.88       0.6
1986-12-05      0.38                0.44      -0.4
1986-12-06      0.13                0.92       3.3
1986-12-07       0.0                0.57      -1.1
1986-12-08       0.0                0.44       0.0
1986-12-09      0.41                0.36      0.94
1986-12-10      0.28                0.99      2.47
1986-12-11      0.01                0.43      1.64
1986-12-12       0.0                0.39       3.2
1986-12-13      0.17                0.46      5.53
1986-12-14      0.94                0.68      5.43
1986-12-15      0.71                1.37     -0.17
1986-12-16       0.0                0.53      0.17
1986-12-17      1.45                0.47       0.7
1986-12-18      5.35                0.48      2.47
1986-12-19      2.66                0.53      2.07
1986-12-20      0.53                0.85      1.33
1986-12-21       0.0                1.03      0.27
1986-12-22       0.0                0.61      -3.3
1986-12-23       0.0                0.64     -2.46
1986-12-24       0.0                0.77      4.37
1986-12-25       0.0                 1.1     -1.06
1986-12-26       0.0                0.56      -5.9
1986-12-27      0.73                0.46     -5.43
1986-12-28       0.7                0.54     -7.17
1986-12-29      0.06                0.34     -6.96
1986-12-30      1.58                0.38     -1.63
1986-12-31      0.52                0.89      0.73
1987-01-01      1.32                0.48     -5.47
1987-01-02      2.56                0.48      -0.6
1987-01-03      0.52                0.64     -3.63
1987-01-04      0.13                 0.3     -8.03
1987-01-05       0.0                0.39     -4.86
1987-01-06      0.45                0.53     -1.76
1987-01-07      1.41                0.35     -3.43
1987-01-08      0.03                0.77     -0.36
1987-01-09      0.16                1.06     -3.26
1987-01-10       0.0                 0.5      -9.2
1987-01-11      0.98                0.47     -8.43
1987-01-12      1.14                0.49     -7.53
1987-01-13      0.69                0.41     -12.3
1987-01-14      0.05                0.29    -11.23
1987-01-15      0.41                0.46     -1.06
1987-01-16      3.32                0.54      2.03
1987-01-17      1.05                1.48      -3.0
1987-01-18       0.0                0.56      -6.1
1987-01-19      0.23                0.48      -6.9
1987-01-20       0.0                0.47     -6.73
1987-01-21       0.0                0.46     -4.26
1987-01-22      0.25                0.48      -2.0
1987-01-23      1.12                0.56     -0.63
1987-01-24      0.79                0.64      -7.0
1987-01-25       0.0                0.42     -9.66
1987-01-26       0.0                0.52     -7.73
1987-01-27       0.0                0.52      -1.8
1987-01-28       0.0                0.79     -0.66
1987-01-29       0.0                0.75       2.8
1987-01-30       0.0                1.06      -2.9
1987-01-31       0.0                0.68     -7.93
1987-02-01      0.09                0.62      -7.8
1987-02-02      5.03                0.49      -5.4
1987-02-03      8.41                0.85     -8.43
1987-02-04       0.9                0.59    -10.93
1987-02-05       0.0                0.71     -7.36
1987-02-06       0.0                0.78     -4.17
1987-02-07       0.0                1.13       1.8
1987-02-08       0.0                0.75     -1.16
1987-02-09       0.0                0.82       3.6
1987-02-10      5.45                 0.6      3.97
1987-02-11       6.6                0.66       3.7
1987-02-12      1.38                0.67      0.63
1987-02-13      0.36                0.84      0.77
1987-02-14      0.25                1.28     -1.67
1987-02-15       0.0                1.24     -4.53
1987-02-16      0.03                0.89     -3.23
1987-02-17      0.06                1.14       0.5
1987-02-18      0.07                1.26       1.0
1987-02-19      0.16                1.35     -0.07
1987-02-20       0.0                1.39      1.13
1987-02-21       0.0                1.23     -0.77
1987-02-22       0.0                1.58       0.6
1987-02-23      0.33                1.83      4.03
1987-02-24      0.28                1.73     -1.13
1987-02-25      0.12                1.58     -5.43
1987-02-26       0.0                1.69     -5.47
1987-02-27       0.2                 1.4     -6.77
1987-02-28      0.48                0.84      -4.2
1987-03-01      1.87                1.13     -3.57
1987-03-02       0.0                 1.5      -4.3
1987-03-03      0.06                0.96     -1.36
1987-03-04      1.66                1.37      6.34
1987-03-05      0.45                 2.4      4.63
1987-03-06       0.2                1.75      0.93
1987-03-07      0.45                1.92       0.8
1987-03-08      0.01                2.02       2.0
1987-03-09       0.0                1.77       2.8
1987-03-10      0.59                1.13       2.1
1987-03-11      0.23                1.88      2.57
1987-03-12       0.0                1.96       5.4
1987-03-13      0.12                2.03      8.07
1987-03-14       0.0                2.32      4.43
1987-03-15       0.0                 2.1       0.8
1987-03-16      0.06                1.87      3.27
1987-03-17      0.26                2.46      4.63
1987-03-18      1.21                2.51      7.83
1987-03-19      3.04                1.08       3.9
1987-03-20      1.86                2.36       6.1
1987-03-21      0.18                2.77      6.33
1987-03-22      1.14                1.35      4.07
1987-03-23      1.88                2.53      6.27
1987-03-24      3.09                1.21       1.9
1987-03-25      0.45                2.33      -2.8
1987-03-26       0.0                2.23      -1.1
1987-03-27       0.0                2.05      3.27
1987-03-28       0.0                1.92       4.8
1987-03-29       0.0                2.58       6.7
1987-03-30      0.36                1.13      4.27
1987-03-31      0.36                2.78       3.9
1987-04-01       0.0                2.13       2.5
1987-04-02       0.0                2.75       6.1
1987-04-03      0.05                1.23      3.17
1987-04-04       0.0                2.95      9.53
1987-04-05       0.0                 3.5      12.4
1987-04-06       3.9                1.42      9.27
1987-04-07      1.58                3.11     13.13
1987-04-08      0.04                3.11     15.93
1987-04-09       0.0                2.54     14.53
1987-04-10      1.04                1.77      7.47
1987-04-11      0.24                3.38      5.97
1987-04-12       0.0                2.86       3.2
1987-04-13       0.0                2.97      3.23
1987-04-14       0.0                3.37      6.03
1987-04-15       0.0                3.11       9.3
1987-04-16       0.0                3.63      10.5
1987-04-17       0.0                4.05     12.13
1987-04-18       0.0                3.84     13.33
1987-04-19       0.0                3.91     13.07
1987-04-20      1.02                3.17     15.93
1987-04-21     15.74                2.84      14.2
1987-04-22      1.28                2.34      7.93
1987-04-23       0.0                2.98      9.97
1987-04-24      0.12                3.49      11.4
1987-04-25      3.41                2.14      8.03
1987-04-26      0.47                3.68       7.6
1987-04-27       0.0                4.51     10.93
1987-04-28       0.0                4.37      13.0
1987-04-29       0.0                4.55      13.4
1987-04-30      0.12                2.46      13.0
1987-05-01       0.0                4.02     17.53
1987-05-02      2.02                2.71      11.0
1987-05-03      2.82                4.12       9.4
1987-05-04       0.0                4.36      9.57
1987-05-05       0.0                4.63      12.3
1987-05-06       0.0                 4.5     13.54
1987-05-07       0.0                4.73     14.34
1987-05-08       0.0                4.45     15.13
1987-05-09      0.02                4.75     17.27
1987-05-10      0.44                2.78     17.14
1987-05-11      2.21                2.92     16.93
1987-05-12      0.02                4.39     19.77
1987-05-13       0.1                3.41     13.93
1987-05-14       0.0                4.83     15.53
1987-05-15       0.0                4.91     16.67
1987-05-16      0.56                4.57     15.17
1987-05-17      1.38                3.35      12.7
1987-05-18       0.0                4.11     12.47
1987-05-19       0.0                4.41     16.23
1987-05-20       0.0                5.05     17.73
1987-05-21       0.0                4.92     19.93
1987-05-22     11.33                2.17     16.23
1987-05-23     11.17                2.58     13.53
1987-05-24      2.03                 4.0     15.87
1987-05-25     44.86                2.11     16.37
1987-05-26      4.93                4.51     19.07
1987-05-27       0.0                4.66     15.53
1987-05-28       0.0                 5.0     15.93
1987-05-29       0.0                4.51     16.87
1987-05-30       0.0                4.93     17.93
1987-05-31       0.0                5.02     19.67
1987-06-01      7.92                4.77     20.07
