1981-02-01       0.0                0.68     -3.66
1981-02-02      0.08                0.72     -7.33
1981-02-03       0.0                0.69     -8.13
1981-02-04       0.0                0.56     -8.66
1981-02-05       0.0                0.58      -7.3
1981-02-06      0.04                0.55      -6.1
1981-02-07      0.38                0.86     -3.16
1981-02-08      1.32                0.42     -3.16
1981-02-09       0.0                1.07      -1.6
1981-02-10      1.05                1.25     -3.33
1981-02-11       0.0                 1.1      -4.6
1981-02-12      0.11                0.58       1.2
1981-02-13       0.0                0.63       4.6
1981-02-14      0.02                1.07      5.13
1981-02-15      0.02                1.28      4.67
1981-02-16      0.62                 1.0      1.13
1981-02-17      0.04                 1.7      -1.2
1981-02-18       0.0                1.02      -1.1
1981-02-19      0.13                1.22     -0.63
1981-02-20      0.65                1.02     -1.97
1981-02-21       0.0                1.16      -1.8
1981-02-22       0.0                 1.1     -0.27
1981-02-23      3.08                1.29      0.77
1981-02-24      3.84                 1.3     -2.43
1981-02-25       0.1                1.12    -10.13
1981-02-26       0.0                1.14    -13.13
1981-02-27       0.0                1.03    -10.87
1981-02-28       0.0                1.02     -5.83
1981-03-01       0.0                1.31     -2.03
1981-03-02       0.0                1.64      -1.0
1981-03-03       0.0                1.74      2.93
1981-03-04       0.0                1.67       3.1
1981-03-05       0.0                 1.8      0.84
1981-03-06       0.0                1.96     -1.57
1981-03-07       0.0                2.31      4.57
1981-03-08      2.02                1.14      -0.2
1981-03-09      2.57                 1.1     -3.63
1981-03-10       0.0                1.72      -0.9
1981-03-11      0.15                1.91       2.1
1981-03-12      0.72                2.04      6.23
1981-03-13      1.91                2.54      7.63
1981-03-14      7.54                1.32       5.9
1981-03-15      1.66                2.45       2.9
1981-03-16       0.0                2.15      2.53
1981-03-17       0.0                 2.2       6.3
1981-03-18       0.0                2.41       7.7
1981-03-19       0.0                2.54      9.67
1981-03-20       0.0                 2.9      7.77
1981-03-21       0.0                2.76       8.6
1981-03-22      0.03                2.58      8.63
1981-03-23       0.0                3.76       6.9
1981-03-24     12.42                1.25      3.43
1981-03-25     12.14                0.97      3.63
1981-03-26      7.38                1.14       1.2
1981-03-27      0.53                2.31       3.7
1981-03-28       0.0                 2.5       5.9
1981-03-29       0.0                2.65       6.6
1981-03-30       0.0                 2.6      5.83
1981-03-31       0.0                2.97      8.23
1981-04-01      0.34                1.45       6.8
1981-04-02      0.27                3.13      6.63
1981-04-03       0.0                2.48       5.9
1981-04-04       0.0                2.81      10.6
1981-04-05      0.02                1.74     10.17
1981-04-06       0.0                 3.4     12.77
1981-04-07       0.0                3.75     11.37
1981-04-08       0.0                3.63     12.33
1981-04-09      2.25                2.81     15.03
1981-04-10      6.95                3.59      13.2
1981-04-11       0.0                3.47      14.4
1981-04-12      0.04                 3.0       9.1
1981-04-13      0.04                3.87      10.0
1981-04-14       0.0                3.55      10.3
1981-04-15       0.0                3.42     12.43
1981-04-16      2.04                1.57      8.93
1981-04-17       0.0                 2.9     11.63
1981-04-18      1.48                3.33      12.7
1981-04-19     14.22                1.95       8.6
1981-04-20      0.69                 2.4      8.07
1981-04-21       0.0                 3.7     11.67
1981-04-22       0.0                4.19     13.87
1981-04-23      0.07                4.56     13.64
1981-04-24      2.78                2.27     12.47
1981-04-25       0.0                 4.3     11.27
1981-04-26       0.0                5.06     14.64
1981-04-27       0.0                4.35      15.5
1981-04-28      0.29                4.36      14.7
1981-04-29     38.18                 1.8     11.97
1981-04-30       0.0                3.03     14.53
1981-05-01       0.0                3.71      17.3
1981-05-02       0.2                2.25     15.57
1981-05-03       0.0                4.38     10.47
1981-05-04       0.0                4.53     11.17
1981-05-05       0.0                 4.0     13.77
1981-05-06       0.0                4.07     14.17
1981-05-07       0.0                4.21     16.03
1981-05-08       0.0                 3.1     18.07
1981-05-09     36.39                2.32     16.53
1981-05-10     42.62                1.67     10.97
1981-05-11      7.04                3.56     12.17
1981-05-12       0.0                4.08      12.2
1981-05-13       0.0                4.26     12.77
1981-05-14       0.0                2.71     14.43
1981-05-15      0.15                3.57     15.67
1981-05-16     10.95                2.48     10.83
1981-05-17      5.51                2.26      8.07
1981-05-18      0.05                 1.8      8.77
1981-05-19       0.0                3.16      12.4
1981-05-20      0.01                3.49      13.8
1981-05-21       0.0                4.23     16.03
1981-05-22       0.0                4.47      17.2
1981-05-23       0.0                 4.2     19.87
1981-05-24      0.28                3.92     18.57
1981-05-25       0.0                4.84     18.47
1981-05-26       0.0                4.71      20.5
1981-05-27       0.7                4.62     19.83
1981-05-28      3.26                2.39     15.13
1981-05-29      0.03                5.61     16.97
1981-05-30     20.55                3.61     15.13
1981-05-31     10.79                 2.0     10.67
1981-06-01       0.0                3.73     12.27
1981-06-02       0.0                4.22     15.53
1981-06-03       0.0                 3.2      16.6
1981-06-04      0.24                 4.8     17.97
1981-06-05       0.0                 5.1     17.17
1981-06-06       0.0                 3.6      17.7
1981-06-07       0.0                5.26      19.0
1981-06-08       0.0                4.34      18.3
1981-06-09      3.61                2.92     18.83
1981-06-10      5.84                2.84     17.93
1981-06-11     12.06                2.51     18.83
1981-06-12      2.15                5.11     19.33
1981-06-13       0.5                3.58      19.6
1981-06-14       0.0                4.68     20.33
1981-06-15       0.0                5.19     20.73
1981-06-16       0.0                5.34     21.57
1981-06-17      0.67                 3.6      22.9
1981-06-18       0.0                5.11      22.8
1981-06-19     12.73                2.55     19.26
1981-06-20      8.16                3.32      21.2
1981-06-21     87.27                2.25     19.53
1981-06-22     38.42                3.16     21.47
1981-06-23       0.0                5.11     19.77
1981-06-24       0.0                3.01     18.04
1981-06-25       0.0                3.53     19.27
1981-06-26       0.0                4.07     20.43
1981-06-27      1.18                2.36      20.7
1981-06-28      5.05                3.33     22.53
1981-06-29       0.0                4.77     22.13
1981-06-30      1.89                4.78     22.83
1981-07-01    101.44                 2.2      20.3
1981-07-02     88.68                2.28     19.97
1981-07-03     44.89                2.25     17.77
1981-07-04      2.13                2.03     16.47
1981-07-05     46.82                2.23     21.33
1981-07-06     16.71                 4.5     24.43
1981-07-07       0.0                3.85      23.5
1981-07-08       9.1                2.68      22.9
1981-07-09      31.7                2.99     23.17
1981-07-10       0.0                3.75     23.23
1981-07-11     27.81                3.28     22.03
1981-07-12      55.7                2.15     19.43
1981-07-13      0.06                5.28     23.37
1981-07-14       0.0                4.93     24.33
1981-07-15      0.02                4.47      25.5
1981-07-16      0.07                4.54      26.6
1981-07-17      0.73                3.82      26.5
1981-07-18       0.0                4.06     27.07
1981-07-19       0.0                4.86     27.03
1981-07-20       0.0                3.98     27.27
1981-07-21       0.0                4.89     27.33
1981-07-22      9.32                3.02      25.9
1981-07-23      5.46                4.28      25.4
1981-07-24       6.4                5.02     26.57
1981-07-25      2.13                4.72      27.8
1981-07-26      6.86                 3.2     27.53
1981-07-27     36.29                 2.1      22.9
1981-07-28      3.19                2.44     25.07
1981-07-29      0.72                2.71     25.53
1981-07-30       0.5                5.12     27.57
1981-07-31       0.0                6.15     25.93
1981-08-01      0.06                3.89      27.6
1981-08-02      0.33                 2.4      25.4
1981-08-03       7.6                 2.8     25.53
1981-08-04      1.71                4.84     21.53
1981-08-05       0.0                4.51      19.5
1981-08-06      1.75                4.24     20.77
1981-08-07       8.5                2.23      20.2
1981-08-08      1.04                2.26     23.23
1981-08-09       0.0                5.07     25.67
1981-08-10       0.0                2.38     23.17
1981-08-11      0.38                4.47      23.9
1981-08-12      0.02                 4.1     23.47
1981-08-13       0.0                4.46     23.43
1981-08-14       0.0                5.12     22.47
1981-08-15       0.0                 4.5      22.1
1981-08-16       0.0                4.11     22.73
1981-08-17     15.52                1.92     20.37
1981-08-18      5.59                2.22      22.2
1981-08-19       0.0                3.82     22.63
1981-08-20     28.46                2.55      20.3
1981-08-21      1.52                2.38     22.03
1981-08-22       0.0                4.05      22.3
1981-08-23       0.0                3.52      21.9
1981-08-24      0.07                3.28     21.93
1981-08-25     75.52                1.79     19.63
1981-08-26      3.44                2.29      21.2
1981-08-27       0.0                3.85      22.3
1981-08-28       0.0                3.54     21.03
1981-08-29      2.23                3.46     20.47
1981-08-30      3.72                1.82     21.47
1981-08-31     96.27                1.67     18.13
1981-09-01    111.16                 1.5      16.4
