1970-01-01       0.0                0.32     -0.36
1970-01-02       0.0                0.31      -0.1
1970-01-03      1.16                0.58     -2.23
1970-01-04       0.0                 0.6     -9.43
1970-01-05      0.01                0.29    -11.43
1970-01-06      0.86                0.71     -1.63
1970-01-07      0.03                 0.4     -4.23
1970-01-08      0.08                0.63      -2.8
1970-01-09      0.06                0.31      -6.3
1970-01-10      3.01                0.26     -3.89
1970-01-11      0.69                0.24     -2.26
1970-01-12      0.55                1.03      1.43
1970-01-13       0.0                0.88     -6.33
1970-01-14       0.0                0.28      -8.9
1970-01-15       0.0                0.31      -9.6
1970-01-16       0.0                 0.5     -9.13
1970-01-17       0.0                 0.3     -8.63
1970-01-18       0.0                 0.3     -6.49
1970-01-19       0.0                0.31     -4.86
1970-01-20       0.0                0.34     -4.73
1970-01-21       0.0                0.37     -2.29
1970-01-22       0.0                0.41      0.44
1970-01-23       0.0                0.68     -1.23
1970-01-24       0.0                0.39     -5.06
1970-01-25       0.0                0.42     -2.83
1970-01-26       0.0                0.45     -0.19
1970-01-27       0.0                0.52     -0.43
1970-01-28       0.0                0.52       2.0
1970-01-29      0.37                0.54      0.94
1970-01-30       2.3                1.16      0.83
1970-01-31      0.21                1.18     -1.03
1970-02-01       0.0                0.94       0.5
1970-02-02       0.0                0.79      0.14
1970-02-03       0.0                0.93      -0.7
1970-02-04       0.0                0.71      -4.7
1970-02-05       0.0                0.62     -4.73
1970-02-06       0.0                0.54     -2.76
1970-02-07       0.0                0.47      1.54
1970-02-08       1.1                0.98      0.44
1970-02-09      0.06                1.21      -6.4
1970-02-10       0.0                0.84     -5.06
1970-02-11      0.26                1.08      1.27
1970-02-12      0.58                1.18      5.07
1970-02-13      1.22                0.94       5.1
1970-02-14      0.38                0.81      3.17
1970-02-15       0.0                1.42      0.33
1970-02-16       0.0                 1.3      3.07
1970-02-17       0.0                1.29       6.4
1970-02-18      0.13                1.44     10.37
1970-02-19      0.67                1.47      5.43
1970-02-20       8.5                0.88      2.63
1970-02-21      0.16                0.88      -0.4
1970-02-22       0.0                1.33     -0.37
1970-02-23      0.36                1.61      0.53
1970-02-24     12.03                 0.7      0.63
1970-02-25     10.34                1.13      1.53
1970-02-26      1.28                0.96       2.9
1970-02-27      0.05                1.29     -0.27
1970-02-28       0.0                1.42     -1.27
1970-03-01       0.9                1.12     -2.97
1970-03-02      0.01                0.77     -1.37
1970-03-03       0.0                1.55     -0.63
1970-03-04       0.0                1.66      -0.6
1970-03-05      0.01                2.08     -1.77
1970-03-06       0.0                1.91      -1.2
1970-03-07      0.21                1.44      -0.1
1970-03-08      1.05                1.35      -0.5
1970-03-09      1.26                1.25      0.73
1970-03-10      0.23                1.52      0.53
1970-03-11       0.0                1.47      -0.9
1970-03-12       0.0                1.41      -2.4
1970-03-13       0.0                1.37     -1.93
1970-03-14      0.12                1.38     -1.23
1970-03-15      1.15                 0.9      1.53
1970-03-16      3.14                 1.5      1.57
1970-03-17      0.32                2.15     -0.67
1970-03-18      3.57                1.27     -1.93
1970-03-19       0.0                1.27     -2.43
1970-03-20       0.0                 1.5     -1.93
1970-03-21       0.0                1.69      0.93
1970-03-22       0.0                1.84      0.13
1970-03-23      0.11                1.55      0.24
1970-03-24      0.15                1.67       3.4
1970-03-25      0.19                1.92      2.33
1970-03-26      0.46                2.12      5.13
1970-03-27       0.0                2.03      8.84
1970-03-28      0.22                2.53      10.3
1970-03-29       0.0                2.77      13.6
1970-03-30       0.0                2.36       7.6
1970-03-31       0.0                2.89      8.34
1970-04-01       0.0                2.46       6.2
1970-04-02       0.0                1.79      7.13
1970-04-03       0.0                 3.0      7.77
1970-04-04       0.0                2.44       7.0
1970-04-05      0.22                2.94      8.13
1970-04-06       0.4                 2.8     10.67
1970-04-07      0.14                3.33       9.9
1970-04-08       0.0                 3.1      9.84
1970-04-09       0.0                3.41     10.63
1970-04-10       0.0                 3.9       9.0
1970-04-11       0.0                3.03       7.8
1970-04-12       0.0                3.64      8.23
1970-04-13       0.0                2.97       5.9
1970-04-14       0.0                3.27       8.2
1970-04-15       0.0                3.43     12.54
1970-04-16       0.0                1.83     14.44
1970-04-17       0.0                3.73     14.93
1970-04-18       0.0                4.11      10.4
1970-04-19      0.31                2.95       9.5
1970-04-20      0.03                2.49      14.5
1970-04-21       0.0                4.27     11.36
1970-04-22       0.0                4.37      11.0
1970-04-23      0.01                4.65     11.33
1970-04-24      0.05                3.58     10.06
1970-04-25       0.0                2.39     12.56
1970-04-26       0.0                4.62     12.86
1970-04-27       0.0                3.55      12.4
1970-04-28      0.01                3.99     13.63
1970-04-29       0.0                4.27     13.66
1970-04-30       0.0                4.25      14.4
1970-05-01      4.89                3.14      16.6
1970-05-02      3.42                1.87     14.47
1970-05-03      0.07                3.05     13.16
1970-05-04       0.0                5.16     15.19
1970-05-05       0.0                4.92     15.63
1970-05-06       0.0                4.24     13.63
1970-05-07       0.0                4.87     12.73
1970-05-08       0.0                5.11     15.23
1970-05-09      0.19                4.08     15.26
1970-05-10     10.59                2.21      13.2
1970-05-11      0.33                3.06     13.67
1970-05-12      0.01                4.52      17.7
1970-05-13       0.0                4.66     19.34
1970-05-14       0.0                4.59     19.77
1970-05-15       0.0                4.69     18.73
1970-05-16       0.0                5.16     19.73
1970-05-17       0.0                5.19      22.4
1970-05-18      0.39                 4.8      22.4
1970-05-19      4.58                3.58     19.37
1970-05-20      1.92                3.56     19.13
1970-05-21       0.0                4.67     18.87
1970-05-22       0.0                4.47     18.87
1970-05-23       0.0                4.82     19.67
1970-05-24      2.24                4.79      18.2
1970-05-25     12.93                1.94      15.9
1970-05-26      9.33                2.46     17.73
1970-05-27      0.15                4.82     21.14
1970-05-28       0.0                4.43     19.97
1970-05-29       0.0                5.31     19.36
1970-05-30      0.21                4.07     18.33
1970-05-31      4.22                2.21      16.1
1970-06-01      0.06                6.08     18.13
1970-06-02       0.0                4.08     14.93
1970-06-03      0.04                4.67      17.9
1970-06-04      0.73                4.76     17.26
1970-06-05       0.2                4.31     17.66
1970-06-06       0.0                5.18     19.96
1970-06-07      0.14                4.75     20.56
1970-06-08      7.94                4.19     22.53
1970-06-09      6.08                2.19     21.03
1970-06-10      3.58                3.39     21.77
1970-06-11     10.09                 3.7     20.16
1970-06-12      4.32                3.67     18.43
1970-06-13      0.16                5.04     19.03
1970-06-14      1.57                3.41      21.0
1970-06-15      3.96                4.16      18.1
1970-06-16       4.3                3.12     15.87
1970-06-17      2.36                2.63      16.2
1970-06-18     10.51                 2.0     16.13
1970-06-19     13.18                1.98      15.7
1970-06-20      4.53                3.12      18.4
1970-06-21       0.0                2.37     21.13
1970-06-22       0.0                2.47     21.97
1970-06-23       0.0                4.04     22.17
1970-06-24      0.08                4.79     22.83
1970-06-25     12.68                2.25     21.93
1970-06-26      2.48                4.11     22.07
1970-06-27       0.0                4.81     20.96
1970-06-28      0.27                 4.3     24.07
1970-06-29      18.3                2.27     20.43
1970-06-30      15.2                2.03     19.87
1970-07-01      0.36                 4.6     21.43
1970-07-02      0.19                3.52     21.03
1970-07-03     12.34                3.07     20.23
1970-07-04     33.42                2.03      19.5
1970-07-05     36.32                2.11      18.1
1970-07-06     28.45                2.33     17.03
1970-07-07      8.19                 3.6     16.86
1970-07-08      9.27                4.18     15.53
1970-07-09       6.9                2.13     15.96
1970-07-10      3.27                3.07      19.1
1970-07-11       0.7                3.38     19.76
1970-07-12      0.01                3.84     21.56
1970-07-13       0.0                 4.6      22.9
1970-07-14      0.11                5.15      23.2
1970-07-15      1.27                4.34     25.77
1970-07-16     22.56                2.13     23.47
1970-07-17      20.7                2.22      22.0
1970-07-18      20.9                2.33     22.23
1970-07-19     11.78                3.31     24.27
1970-07-20      2.54                2.46     24.57
1970-07-21      0.04                3.99     27.13
1970-07-22      2.44                2.61     28.47
1970-07-23      0.12                4.71     28.17
1970-07-24       3.4                3.28      27.0
1970-07-25      0.23                3.86      27.2
1970-07-26      2.37                2.91     26.63
1970-07-27     10.12                2.74     26.93
1970-07-28     13.82                2.42     26.77
1970-07-29     18.69                2.37     27.47
1970-07-30      2.75                 2.2     26.33
1970-07-31      6.08                2.26      26.2
1970-08-01      0.96                3.66     25.46
