1999-02-01       0.0                0.89      1.77
1999-02-02       0.0                1.31     -4.23
1999-02-03       0.0                0.75     -7.97
1999-02-04       0.0                0.81      -7.6
1999-02-05       0.0                0.97      -4.0
1999-02-06       0.0                1.01     -1.76
1999-02-07       0.0                0.98       1.0
1999-02-08       0.0                 0.9      1.37
1999-02-09       0.0                0.85      0.17
1999-02-10       0.0                1.07      0.87
1999-02-11      0.03                1.27      -0.6
1999-02-12      0.03                1.21      -4.6
1999-02-13       0.0                0.97      -6.0
1999-02-14      0.72                0.72      -3.0
1999-02-15       0.0                 1.0      2.77
1999-02-16      0.14                0.95       2.9
1999-02-17       0.0                0.68      6.24
1999-02-18      0.02                2.14      4.97
1999-02-19       0.0                1.57     -1.03
1999-02-20       0.0                 1.3      -3.9
1999-02-21       0.0                1.27      -3.8
1999-02-22       0.0                1.37     -0.93
1999-02-23      0.03                 1.1      1.23
1999-02-24      0.32                 0.8      2.93
1999-02-25      0.12                1.14      4.53
1999-02-26      0.11                0.93      3.44
1999-02-27       0.0                2.15       0.1
1999-02-28       0.0                1.41     -1.86
1999-03-01      0.01                0.79      2.84
1999-03-02       0.0                1.98       5.6
1999-03-03       0.0                 2.0      5.33
1999-03-04      2.51                1.66      7.43
1999-03-05      7.07                2.21      5.63
1999-03-06       0.0                1.54      3.77
1999-03-07      0.31                2.03      3.07
1999-03-08      1.57                0.86      1.27
1999-03-09      0.09                1.19      2.17
1999-03-10       0.0                1.48       2.9
1999-03-11       0.0                1.85       1.5
1999-03-12       0.0                 1.7      2.13
1999-03-13      0.33                 2.0       6.0
1999-03-14      1.39                1.25      6.33
1999-03-15      0.19                1.88       3.0
1999-03-16       0.0                 2.5      6.23
1999-03-17      1.96                2.35      8.83
1999-03-18     28.09                1.11      9.77
1999-03-19       1.1                1.85       3.8
1999-03-20      0.26                 2.4       3.0
1999-03-21      0.52                1.64      0.87
1999-03-22      0.01                2.26      -1.3
1999-03-23       0.0                2.01      2.17
1999-03-24      0.01                1.28       4.1
1999-03-25      1.02                 2.1      7.43
1999-03-26      2.77                1.34      5.17
1999-03-27      0.09                3.09      6.23
1999-03-28       0.0                2.69      3.03
1999-03-29       0.0                 2.0       1.3
1999-03-30       0.0                 2.3      6.13
1999-03-31      0.17                2.66      7.93
1999-04-01      11.2                1.19       8.3
1999-04-02      0.29                2.66      7.17
1999-04-03       0.0                2.58      4.97
1999-04-04      0.01                2.88      6.87
1999-04-05      9.66                2.52       7.6
1999-04-06      4.88                1.65      3.23
1999-04-07       0.6                1.85       4.1
1999-04-08      1.66                3.04       7.6
1999-04-09     19.24                1.35      8.83
1999-04-10     15.55                2.07       9.0
1999-04-11      1.03                3.38      11.3
1999-04-12     16.66                1.38      8.97
1999-04-13      1.37                1.71      7.23
1999-04-14       0.0                3.86      9.37
1999-04-15       0.0                3.76      10.0
1999-04-16       0.0                2.56     12.94
1999-04-17      0.03                3.06      13.4
1999-04-18       0.0                3.66     15.93
1999-04-19       0.0                4.13     16.17
1999-04-20       0.3                3.36      12.3
1999-04-21       0.0                4.22      14.4
1999-04-22       0.0                4.15      17.6
1999-04-23       0.0                4.01      17.5
1999-04-24       0.0                4.91     16.43
1999-04-25       0.1                5.25     16.43
1999-04-26      0.23                4.89     17.23
1999-04-27      5.32                3.27     16.03
1999-04-28      1.03                3.71     11.53
1999-04-29      0.05                3.55     11.83
1999-04-30       0.0                4.44     13.77
1999-05-01      1.44                4.12     14.93
1999-05-02       2.6                1.96     11.97
1999-05-03     16.84                 1.6      12.2
1999-05-04      0.83                4.32     15.77
1999-05-05      0.18                3.82     14.43
1999-05-06       0.0                4.28     15.74
1999-05-07       0.0                4.05     15.67
1999-05-08       0.0                4.28      17.2
1999-05-09      0.15                4.28     17.93
1999-05-10       0.0                4.16     13.27
1999-05-11       0.0                 4.3      15.2
1999-05-12       0.0                4.64     17.47
1999-05-13       0.0                4.66     17.23
1999-05-14      0.36                2.88     14.93
1999-05-15      0.87                2.65      16.3
1999-05-16       0.0                4.74     18.07
1999-05-17      1.28                4.89     17.37
1999-05-18     23.69                2.04     14.13
1999-05-19      7.38                1.96     12.73
1999-05-20      0.27                4.12     14.83
1999-05-21       0.0                4.19      16.6
1999-05-22      0.04                4.61      17.7
1999-05-23      4.09                4.03     17.93
1999-05-24     21.95                1.96     14.07
1999-05-25       0.5                2.75      14.4
1999-05-26      2.25                 2.0     15.07
1999-05-27      3.05                3.94     14.37
1999-05-28      0.02                4.76     15.03
1999-05-29       0.0                 4.7      16.2
1999-05-30       0.0                4.74     17.67
1999-05-31       0.0                 4.9      18.9
1999-06-01      3.37                2.07     18.13
1999-06-02      12.1                 2.4     18.73
1999-06-03       0.0                 4.5     21.07
1999-06-04       0.0                4.44      21.4
1999-06-05      0.09                5.34     22.63
1999-06-06      0.62                2.26      20.9
1999-06-07      0.02                4.96      20.6
1999-06-08       0.0                5.29      20.1
1999-06-09       0.0                4.91      20.0
1999-06-10       0.0                5.17     20.53
1999-06-11       0.0                5.55      21.3
1999-06-12       0.0                5.67     21.73
1999-06-13       0.0                5.39     22.77
1999-06-14       0.0                5.36      23.6
1999-06-15      0.28                2.89      22.3
1999-06-16     11.95                2.01     17.13
1999-06-17       0.0                2.23     18.33
1999-06-18       0.0                4.65     20.87
1999-06-19       1.1                4.41      20.3
1999-06-20       0.0                3.79      19.5
1999-06-21     17.79                4.76     21.47
1999-06-22       3.2                5.31      21.9
1999-06-23      32.7                2.11     17.63
1999-06-24      0.71                4.99      20.6
1999-06-25       0.0                 4.4     22.07
1999-06-26      0.15                5.21     24.37
1999-06-27       0.0                5.31      24.3
1999-06-28       0.0                5.33     24.43
1999-06-29       0.0                5.66     21.43
1999-06-30       0.0                5.21      22.8
1999-07-01       0.0                3.52     23.33
1999-07-02       0.0                3.75     22.13
1999-07-03      0.71                5.05     22.57
1999-07-04      8.23                3.76      23.0
1999-07-05       0.0                5.47      21.6
1999-07-06       0.0                5.62     22.27
1999-07-07       0.0                5.72     21.53
1999-07-08       0.0                3.99      21.0
1999-07-09      0.93                3.07      22.8
1999-07-10       4.2                2.65     20.47
1999-07-11      1.03                5.31     19.67
1999-07-12      2.96                3.78      18.6
1999-07-13      1.63                4.32     21.83
1999-07-14      0.26                5.25     23.03
1999-07-15     17.38                3.77     22.37
1999-07-16     17.08                2.22      21.6
1999-07-17      0.59                3.37     24.53
1999-07-18      0.29                4.53     24.97
1999-07-19      0.71                5.26     25.07
1999-07-20      2.32                5.49     26.23
1999-07-21      9.45                5.05      26.2
1999-07-22      35.3                2.22     24.27
1999-07-23      3.93                 3.5      25.2
1999-07-24      3.41                2.27      24.2
1999-07-25      8.27                 3.5      26.1
1999-07-26       3.9                4.84     27.57
1999-07-27      7.45                3.14     25.43
1999-07-28     44.83                2.26     24.07
1999-07-29     15.47                2.28     25.17
1999-07-30      6.13                2.91     26.73
1999-07-31     82.86                2.22      23.8
1999-08-01    159.15                2.15     22.33
1999-08-02    166.46                1.94     19.53
1999-08-03     36.41                2.71     22.17
1999-08-04       0.2                4.06     23.33
1999-08-05       0.0                5.18      24.4
1999-08-06      0.14                4.93     23.23
1999-08-07      0.06                5.66     25.37
1999-08-08       0.0                3.83      26.1
1999-08-09      3.79                4.66     27.47
1999-08-10      0.03                5.76      28.0
1999-08-11      0.04                5.25      27.1
1999-08-12       0.0                5.61      25.1
1999-08-13       0.0                5.47     23.63
1999-08-14      0.04                5.75     24.27
1999-08-15      0.77                4.66     23.93
1999-08-16       0.0                5.21      24.3
1999-08-17      2.23                5.15     25.33
1999-08-18      41.4                3.13      22.4
1999-08-19     65.12                 2.1      20.6
1999-08-20      6.75                2.25      24.0
1999-08-21      2.16                3.96     23.93
1999-08-22       0.1                2.85     23.13
1999-08-23      0.04                4.11     21.33
1999-08-24      0.19                4.27     22.33
1999-08-25      0.22                2.92     22.57
1999-08-26      1.87                3.67      22.1
1999-08-27      13.0                2.21     20.47
1999-08-28      0.66                3.33      23.2
1999-08-29       0.0                2.64     23.47
1999-08-30      3.21                2.32     23.87
1999-08-31      2.66                2.59     22.27
1999-09-01       0.0                4.38     23.47
