1983-06-01       0.0                5.43      20.7
1983-06-02       0.0                5.43     20.37
1983-06-03       0.0                5.46      18.4
1983-06-04       0.2                 5.6      18.1
1983-06-05      0.03                4.49      18.6
1983-06-06       0.0                6.09     18.63
1983-06-07       0.0                5.36     17.64
1983-06-08       0.0                4.95     18.83
1983-06-09       0.0                5.45     19.93
1983-06-10      0.08                5.92      18.0
1983-06-11      0.13                5.07     18.63
1983-06-12     13.54                2.14      15.6
1983-06-13       0.5                 4.8     18.87
1983-06-14       0.0                4.96     21.27
1983-06-15       0.0                 4.9     22.13
1983-06-16       0.0                 5.2     20.83
1983-06-17       0.0                5.64      21.0
1983-06-18       0.0                5.48      22.0
1983-06-19      1.69                4.67     20.33
1983-06-20     18.57                2.66     18.63
1983-06-21      0.03                 5.7     20.93
1983-06-22       0.0                5.45     22.63
1983-06-23      5.07                4.27      22.2
1983-06-24      0.91                4.87      22.2
1983-06-25      1.59                4.05     20.17
1983-06-26      0.02                4.65     21.73
1983-06-27      0.69                3.38     21.33
1983-06-28      9.95                4.34     21.67
1983-06-29      4.51                2.33      20.8
1983-06-30      1.52                3.78     20.53
1983-07-01      1.92                 4.0     22.97
1983-07-02     49.89                2.31     18.77
1983-07-03     49.61                2.14     19.23
1983-07-04      1.95                4.96     21.87
1983-07-05      8.73                2.14     19.43
1983-07-06       0.3                2.64      17.1
1983-07-07      0.09                5.44     17.67
1983-07-08      1.36                 3.0     17.17
1983-07-09      4.19                3.25     19.73
1983-07-10      1.31                3.85     21.13
1983-07-11      0.62                4.57     20.57
1983-07-12      0.15                4.08     20.37
1983-07-13      2.27                4.93     23.77
1983-07-14     31.75                2.09     19.53
1983-07-15      0.15                3.22      22.2
1983-07-16      7.41                2.65     21.57
1983-07-17      0.14                3.81     22.23
1983-07-18       0.0                2.63     22.47
1983-07-19     22.78                2.15      21.9
1983-07-20      9.64                2.21      20.7
1983-07-21       0.0                 4.6      23.5
1983-07-22       0.0                3.87     23.23
1983-07-23      0.29                3.62      24.5
1983-07-24     55.34                2.23     23.43
1983-07-25      46.3                2.32     24.23
1983-07-26      6.12                 2.9     26.53
1983-07-27      0.55                2.27     26.24
1983-07-28       1.4                3.01      26.5
1983-07-29     20.67                2.39     25.93
1983-07-30     20.34                2.34     25.63
1983-07-31      7.75                2.53     26.87
1983-08-01     26.25                3.01     25.07
1983-08-02      0.28                3.92      27.3
1983-08-03      0.07                5.42     28.73
1983-08-04       0.0                4.74     27.83
1983-08-05       0.0                4.39     28.27
1983-08-06       0.0                4.29     27.93
1983-08-07       0.0                4.72      27.5
1983-08-08      4.01                2.98     26.83
1983-08-09     15.27                2.15     24.77
1983-08-10     11.57                 3.1     25.43
1983-08-11      0.46                4.67      26.0
1983-08-12       0.0                4.55     26.27
1983-08-13       0.0                4.56     24.83
1983-08-14       0.0                5.39     24.67
1983-08-15      0.01                5.73     23.73
1983-08-16      1.61                4.13      23.4
1983-08-17      0.63                 4.4     23.87
1983-08-18       0.0                5.19     22.73
1983-08-19       0.0                4.81     20.33
1983-08-20      0.23                 2.0      19.1
1983-08-21      2.08                 3.1      19.0
1983-08-22      0.07                3.51     19.77
1983-08-23     16.06                1.81     18.27
1983-08-24     24.76                1.89      18.4
1983-08-25      1.21                2.76      20.5
1983-08-26      6.57                2.94     20.23
1983-08-27     12.47                4.03     23.37
1983-08-28     10.69                2.03     24.53
1983-08-29       8.3                3.76      25.0
1983-08-30      2.13                3.46     25.13
1983-08-31       0.0                 4.2     25.83
1983-09-01       0.7                3.82     25.37
1983-09-02      43.5                1.84     23.77
1983-09-03       1.9                2.87     23.03
1983-09-04      2.63                1.78      21.2
1983-09-05     23.11                1.63      20.2
1983-09-06      0.18                3.59     22.37
1983-09-07      2.62                 2.8     21.57
1983-09-08       0.5                4.09     19.63
1983-09-09      1.33                1.65     17.67
1983-09-10      8.16                 1.7     18.63
1983-09-11     14.74                1.66     18.37
1983-09-12       4.1                2.73     19.63
1983-09-13      1.48                2.68     21.27
1983-09-14       0.1                2.06     21.43
1983-09-15       0.0                 3.3     20.33
1983-09-16       0.0                3.01     20.57
1983-09-17       0.0                 3.4      20.9
1983-09-18       0.0                3.49     19.53
1983-09-19       0.0                3.39     19.23
1983-09-20      0.62                3.77     20.67
1983-09-21      2.87                2.83     19.37
1983-09-22       0.0                3.71     19.67
1983-09-23       5.7                1.44     17.83
1983-09-24     17.95                2.52     21.07
1983-09-25       0.0                 3.3      18.8
1983-09-26       0.0                2.32     17.13
1983-09-27      1.18                3.13     16.03
1983-09-28      0.67                2.81     12.93
1983-09-29       0.0                2.34      13.2
1983-09-30       0.0                2.23     15.17
1983-10-01      0.24                2.15     17.93
1983-10-02     15.99                1.58     17.74
1983-10-03      8.07                 1.3     17.33
1983-10-04       0.0                1.74     18.03
1983-10-05       0.0                2.47     13.74
1983-10-06       0.0                2.03     10.77
1983-10-07      1.34                1.53     10.47
1983-10-08     20.66                1.22      13.0
1983-10-09      1.24                 1.8     15.23
1983-10-10       0.0                1.89     16.03
1983-10-11      0.96                1.86     12.37
1983-10-12      0.46                1.83      14.0
1983-10-13      2.41                1.33      11.5
1983-10-14       0.0                1.88      13.1
1983-10-15       0.0                1.74     13.77
1983-10-16       0.0                 1.8     15.13
1983-10-17      0.65                2.26      12.3
1983-10-18      1.01                2.19     12.27
1983-10-19      0.06                1.12     12.87
1983-10-20       0.0                 1.7      12.8
1983-10-21       0.0                1.74      12.6
1983-10-22       0.0                2.13     10.47
1983-10-23       0.0                1.64      5.73
1983-10-24      0.07                1.36      4.47
1983-10-25      0.32                1.16      4.57
1983-10-26      2.03                1.09       7.2
1983-10-27       0.0                 1.4      9.83
1983-10-28       0.0                1.27      8.54
1983-10-29      0.56                1.58       8.2
1983-10-30      0.02                1.38      9.13
1983-10-31      0.04                1.51      9.87
1983-11-01       0.0                1.12      8.23
1983-11-02      0.18                1.37      9.53
1983-11-03      0.64                 0.7     10.44
1983-11-04       0.0                1.09      12.2
1983-11-05       0.0                0.93     11.13
1983-11-06       1.2                1.44       9.8
1983-11-07      0.16                1.55      6.97
1983-11-08       0.0                1.33      7.67
1983-11-09       0.0                0.85       6.9
1983-11-10      0.02                0.68      6.44
1983-11-11      0.84                1.09      6.34
1983-11-12      0.22                1.46      3.47
1983-11-13       0.0                0.89       1.7
1983-11-14       0.0                0.72       2.2
1983-11-15      1.79                0.68       4.0
1983-11-16      4.97                0.81      1.43
1983-11-17      0.07                1.18      -4.8
1983-11-18       0.0                1.32      1.03
1983-11-19       0.0                0.65      3.03
1983-11-20       0.0                0.65       4.2
1983-11-21      0.02                0.72      5.93
1983-11-22      0.68                 0.9      4.13
1983-11-23      0.48                 0.6      5.47
1983-11-24      0.08                1.05       4.6
1983-11-25       0.0                1.19      -0.8
1983-11-26       0.0                1.01     -3.37
1983-11-27       0.0                0.62     -1.97
1983-11-28       0.0                0.54       0.0
1983-11-29      1.03                 0.7      3.43
1983-11-30      5.94                1.45      1.27
1983-12-01       0.0                0.62      -0.8
1983-12-02       0.0                0.95      3.87
1983-12-03       0.0                0.68      2.17
1983-12-04      0.05                0.65     -0.73
1983-12-05       0.0                0.72      2.63
1983-12-06       0.0                0.44      0.07
1983-12-07       0.0                0.49     -0.33
1983-12-08       0.0                0.41      0.47
1983-12-09       0.0                0.51       3.2
1983-12-10      4.11                0.56      4.83
1983-12-11      1.46                1.51     -0.03
1983-12-12      0.02                0.39     -1.66
1983-12-13      0.62                0.54      3.57
1983-12-14       0.1                 0.6      -1.4
1983-12-15       0.0                0.71      -3.5
1983-12-16       0.0                 0.5     -5.83
1983-12-17       0.0                0.54      -7.2
1983-12-18       0.0                0.36     -7.53
1983-12-19       0.0                0.41     -4.26
1983-12-20       0.0                0.37     -3.26
1983-12-21       0.0                0.35     -3.03
1983-12-22       0.0                 0.9      -2.4
1983-12-23      0.22                0.67      -8.5
1983-12-24      0.36                0.54     -8.97
1983-12-25       0.0                0.31    -11.26
1983-12-26       0.0                0.28     -8.73
1983-12-27      0.07                0.46     -6.53
1983-12-28       0.0                0.39     -8.16
1983-12-29      1.53                0.31      -9.9
1983-12-30      4.54                0.27      -6.8
1983-12-31      0.16                0.41     -8.46
1984-01-01      0.26                0.26     -8.16
