1971-05-01      0.06                3.61      13.4
1971-05-02      3.46                3.78     15.47
1971-05-03     28.94                2.18     10.03
1971-05-04      3.15                3.19      9.13
1971-05-05      2.46                2.66       9.8
1971-05-06      3.06                2.42     10.53
1971-05-07      2.49                2.79      9.67
1971-05-08      0.03                3.43      10.2
1971-05-09       0.0                2.79     14.77
1971-05-10       0.0                 4.5     20.97
1971-05-11       0.0                4.32     22.67
1971-05-12      0.04                3.82     18.77
1971-05-13      8.55                3.24      18.4
1971-05-14       0.0                4.43     15.56
1971-05-15      0.01                4.58     17.17
1971-05-16       0.0                2.47     18.97
1971-05-17      0.03                4.23     15.23
1971-05-18      0.22                3.44     19.47
1971-05-19       0.0                4.45     16.27
1971-05-20       0.0                4.55     17.77
1971-05-21       0.0                4.02     19.43
1971-05-22       0.0                5.08     16.76
1971-05-23      2.19                4.83     16.53
1971-05-24     15.47                2.06     16.46
1971-05-25      0.17                5.14     21.97
1971-05-26       1.6                2.34     22.91
1971-05-27      0.09                2.13     18.17
1971-05-28      0.01                4.74     18.54
1971-05-29       0.0                2.73     20.37
1971-05-30      0.01                5.16     23.23
1971-05-31      0.13                4.62     19.87
1971-06-01       0.0                3.15     18.13
1971-06-02      0.39                3.02     17.36
1971-06-03     12.82                2.05     15.23
1971-06-04      0.44                5.15      17.4
1971-06-05      0.23                5.03      20.8
1971-06-06       0.0                3.77     20.27
1971-06-07       0.0                4.62      17.5
1971-06-08       0.0                5.92      18.8
1971-06-09      2.06                4.54      19.0
1971-06-10      4.86                2.34     18.73
1971-06-11      5.63                3.48      22.5
1971-06-12      0.05                4.91     23.07
1971-06-13       0.7                4.33      18.0
1971-06-14      0.94                2.92      19.7
1971-06-15       0.0                4.51      19.6
1971-06-16      0.06                5.41     22.13
1971-06-17      2.59                3.97     22.67
1971-06-18      0.45                4.04      20.6
1971-06-19      0.04                4.04     20.46
1971-06-20       0.0                4.58      20.1
1971-06-21      0.07                4.87     20.06
1971-06-22       0.0                4.25     23.57
1971-06-23      0.01                4.15     23.13
1971-06-24       0.0                5.42     21.86
1971-06-25      0.14                5.23     22.73
1971-06-26     17.14                2.34     21.37
1971-06-27     15.01                2.54     24.37
1971-06-28     12.22                2.56     22.93
1971-06-29     17.08                3.16     21.33
1971-06-30     18.86                2.12     20.23
1971-07-01     35.33                2.36     20.93
1971-07-02     14.93                2.27      20.5
1971-07-03      0.84                4.23     24.73
1971-07-04      0.15                3.58     26.27
1971-07-05      0.12                 4.2     27.97
1971-07-06     12.67                3.19     25.17
1971-07-07     28.95                2.27     25.27
1971-07-08     15.65                3.54     24.23
1971-07-09       1.0                4.35      25.6
1971-07-10     39.54                2.25     22.63
1971-07-11      2.92                3.06     21.33
1971-07-12       0.0                3.11     22.17
1971-07-13       0.0                4.32     24.13
1971-07-14      0.01                2.17     25.54
1971-07-15      0.15                4.59     28.94
1971-07-16      8.08                3.52     26.13
1971-07-17      6.24                3.57      24.7
1971-07-18      4.29                4.59      22.9
1971-07-19      1.92                2.29      21.9
1971-07-20      1.28                3.02      21.4
1971-07-21     12.42                 2.1      20.8
1971-07-22      18.3                3.81     22.06
1971-07-23      2.73                5.21     21.43
1971-07-24      1.89                4.64     22.36
1971-07-25      4.42                2.15      22.1
1971-07-26     13.88                2.12      22.2
1971-07-27      3.27                3.84     26.07
1971-07-28      5.12                2.67      28.9
1971-07-29      2.42                2.18     25.37
1971-07-30      0.64                 2.2     26.33
1971-07-31      0.29                5.11     26.56
1971-08-01       0.0                4.83     27.83
1971-08-02      0.02                4.61      27.6
1971-08-03      0.92                4.72     26.33
1971-08-04     40.17                2.54     24.63
1971-08-05     30.19                2.47      21.6
1971-08-06      2.35                 3.8     23.27
1971-08-07      3.31                 4.6     24.77
1971-08-08      0.38                4.25     24.43
1971-08-09      8.14                4.34     24.87
1971-08-10     52.24                1.95     22.37
1971-08-11     17.82                1.95      22.5
1971-08-12       0.0                3.71     23.73
1971-08-13       0.0                3.06     26.27
1971-08-14       0.0                2.44      26.8
1971-08-15       8.8                 2.4     29.24
1971-08-16      2.82                3.57     23.97
1971-08-17      0.47                3.71     21.67
1971-08-18      0.67                2.74     20.87
1971-08-19      13.5                1.64     18.07
1971-08-20      1.46                 3.2     19.73
1971-08-21      0.03                4.07     21.03
1971-08-22       4.1                1.89     19.87
1971-08-23      3.96                2.52     20.63
1971-08-24      0.22                4.49      21.7
1971-08-25      0.05                2.79     21.13
1971-08-26      1.19                3.24      22.9
1971-08-27      0.75                3.44     23.67
1971-08-28       0.0                4.64      22.9
1971-08-29       0.0                4.91     22.63
1971-08-30      0.01                4.61      21.8
1971-08-31       0.0                3.61     20.93
1971-09-01       0.0                3.15      19.5
1971-09-02      0.16                 3.4     20.26
1971-09-03     13.74                1.83     21.47
1971-09-04     26.78                1.67      20.2
1971-09-05      0.09                3.21     21.33
1971-09-06       0.0                3.19     21.13
1971-09-07      0.07                2.97      21.0
1971-09-08       0.4                3.57     20.53
1971-09-09       0.0                 2.5     19.93
1971-09-10      0.46                2.63     20.17
1971-09-11      0.02                3.25     19.47
1971-09-12      2.66                2.55      20.5
1971-09-13      0.03                1.78      18.2
1971-09-14       0.0                2.62     18.67
1971-09-15       0.0                2.95     19.33
1971-09-16       0.0                3.13      19.4
1971-09-17      0.02                3.84     19.77
1971-09-18       0.0                3.14     19.57
1971-09-19       0.0                2.96     16.73
1971-09-20       0.0                2.51      15.3
1971-09-21       0.0                3.42     18.27
1971-09-22      0.25                2.97     18.57
1971-09-23     23.47                1.29     17.27
1971-09-24     21.45                1.39      19.0
1971-09-25     16.68                1.38     17.87
1971-09-26      3.11                2.44     16.93
1971-09-27       0.0                3.01      17.1
1971-09-28       0.0                2.41      15.4
1971-09-29      0.02                2.34     18.74
1971-09-30      0.89                2.09     17.63
1971-10-01       0.0                2.33     18.33
1971-10-02       0.0                2.39     15.23
1971-10-03      0.03                2.15     15.44
1971-10-04      1.91                2.33     17.07
1971-10-05       0.0                2.18      13.6
1971-10-06       0.0                2.14     13.53
1971-10-07       0.0                2.15     13.53
1971-10-08       0.0                1.97     15.03
1971-10-09      0.14                2.12     15.53
1971-10-10      3.91                2.07     15.53
1971-10-11      1.31                 2.6      11.6
1971-10-12       0.0                1.73      7.97
1971-10-13       0.0                2.03      10.4
1971-10-14       0.0                2.11     11.83
1971-10-15       0.0                1.69     14.07
1971-10-16       0.0                1.27      17.2
1971-10-17       0.0                1.97      14.8
1971-10-18      0.23                2.15     13.87
1971-10-19       0.0                2.38     14.37
1971-10-20      0.04                2.07     14.33
1971-10-21      1.64                1.35     14.03
1971-10-22      2.69                1.14     14.74
1971-10-23      0.05                1.63      12.0
1971-10-24       0.0                1.46      9.13
1971-10-25       0.0                 0.8      8.84
1971-10-26       0.0                1.58     10.14
1971-10-27       0.0                1.84     12.37
1971-10-28       0.0                 1.4      10.8
1971-10-29       0.0                1.34     11.57
1971-10-30      0.03                1.28     12.67
1971-10-31       0.0                1.14     12.67
1971-11-01       0.0                1.28     16.11
1971-11-02       0.0                1.03     14.07
1971-11-03       0.0                1.13      13.0
1971-11-04      0.04                1.33     13.27
1971-11-05       1.5                 1.3     10.93
1971-11-06      1.07                1.05      9.93
1971-11-07       0.0                1.23      8.07
1971-11-08       0.0                1.18       8.0
1971-11-09      0.27                 0.8      8.97
1971-11-10       0.0                0.72      9.74
1971-11-11       0.0                0.99      10.6
1971-11-12       0.0                0.86     11.24
1971-11-13       0.0                0.71     10.34
1971-11-14      0.07                1.25     11.17
1971-11-15       0.0                1.42      8.07
1971-11-16       0.0                1.06      8.24
1971-11-17       0.0                0.91      7.64
1971-11-18       0.0                0.85      7.64
1971-11-19      0.02                0.86     10.14
1971-11-20       1.6                0.74      9.24
1971-11-21      2.49                 0.9     10.07
1971-11-22       0.0                0.63      7.94
1971-11-23       0.0                0.84      7.27
1971-11-24       0.0                1.25       9.0
1971-11-25      0.02                1.24     10.14
1971-11-26      1.37                0.92      11.5
1971-11-27      0.38                1.01     10.94
1971-11-28       0.0                1.02       2.7
1971-11-29       0.0                0.84      -3.3
1971-11-30       0.0                0.73      0.97
1971-12-01      0.31                0.59       4.3
