1973-09-01     32.72                2.32     21.97
1973-09-02      4.32                2.19     20.13
1973-09-03      2.06                3.68     20.57
1973-09-04       0.0                3.33     21.03
1973-09-05      0.42                3.83     20.17
1973-09-06      0.16                4.27     18.83
1973-09-07      3.44                3.45      19.6
1973-09-08      1.14                3.29      19.3
1973-09-09     16.52                1.88     19.17
1973-09-10     31.83                1.67      17.0
1973-09-11       0.0                 3.7     18.23
1973-09-12       0.0                 2.8      16.2
1973-09-13       0.0                 2.8     18.33
1973-09-14       0.0                2.97     18.37
1973-09-15       0.0                2.69     19.57
1973-09-16      0.14                2.78     19.03
1973-09-17       0.0                2.99     19.77
1973-09-18      0.53                2.44      18.9
1973-09-19      0.47                2.35     19.67
1973-09-20      1.51                2.77     20.33
1973-09-21      2.24                3.44     20.13
1973-09-22      3.62                 3.5     18.67
1973-09-23      0.94                 2.3     18.93
1973-09-24      3.94                2.85      18.3
1973-09-25      5.41                1.89     18.43
1973-09-26     10.76                2.12     12.27
1973-09-27      0.22                2.42      10.8
1973-09-28      0.28                2.21     14.34
1973-09-29      2.83                1.33     12.53
1973-09-30       1.0                2.51     15.87
1973-10-01      0.34                 2.5     15.64
1973-10-02       0.8                1.94      13.5
1973-10-03      3.06                2.45      16.4
1973-10-04      0.43                2.09     14.43
1973-10-05      1.88                1.51     11.33
1973-10-06      0.96                 1.4     11.57
1973-10-07      4.56                1.75     12.53
1973-10-08       0.0                2.53      11.4
1973-10-09       0.0                2.26      11.9
1973-10-10       0.0                1.37     11.13
1973-10-11      0.02                2.56     13.77
1973-10-12      0.11                1.34     14.37
1973-10-13      1.85                 1.2      12.0
1973-10-14       0.0                2.14      7.07
1973-10-15       0.0                1.88       7.4
1973-10-16       0.0                1.88      8.53
1973-10-17       0.0                2.32      11.1
1973-10-18       0.0                1.89      6.57
1973-10-19      0.01                1.91       9.8
1973-10-20      1.22                1.06     11.07
1973-10-21      4.48                1.82      13.6
1973-10-22      0.27                3.47      10.8
1973-10-23      0.13                2.08      9.03
1973-10-24      0.69                2.03      6.67
1973-10-25       0.0                2.06       7.1
1973-10-26      1.11                1.12       4.7
1973-10-27      7.52                1.76      10.2
1973-10-28      9.36                1.84      11.3
1973-10-29       0.0                1.43      9.73
1973-10-30       0.0                1.36      9.93
1973-10-31      0.08                0.94      8.17
1973-11-01      5.68                1.45       9.5
1973-11-02      7.47                1.58      6.07
1973-11-03       0.0                 1.1       6.0
1973-11-04      0.04                0.68       6.3
1973-11-05       0.0                1.14      7.47
1973-11-06       0.0                1.17      4.43
1973-11-07      0.03                1.05      5.23
1973-11-08      0.51                0.73      5.83
1973-11-09       2.3                1.11      9.47
1973-11-10      0.19                1.34       4.7
1973-11-11       0.0                1.67       2.3
1973-11-12       0.0                1.02      1.93
1973-11-13      0.03                0.93      4.53
1973-11-14      0.45                1.07      6.73
1973-11-15      3.57                 1.3       6.6
1973-11-16      6.43                1.76      7.37
1973-11-17      1.72                1.55      1.83
1973-11-18      0.75                1.19     -1.17
1973-11-19      0.86                1.59      -3.1
1973-11-20      4.06                0.41      -4.7
1973-11-21      0.22                0.75     -2.73
1973-11-22       0.0                 0.6     -5.06
1973-11-23      0.27                0.66       1.1
1973-11-24       1.5                0.63      2.74
1973-11-25      0.14                1.15      -0.7
1973-11-26       0.0                0.81       0.2
1973-11-27      0.12                1.91      3.73
1973-11-28       0.0                0.83      -1.6
1973-11-29       0.0                0.51     -0.63
1973-11-30       0.0                1.44      1.17
1973-12-01      0.11                0.64     -1.96
1973-12-02      0.87                0.74      3.87
1973-12-03       0.0                1.51      -2.0
1973-12-04      0.03                1.27      -7.3
1973-12-05      0.49                 0.5     -6.13
1973-12-06      0.53                 1.3     -4.73
1973-12-07       0.0                 0.9     -7.77
1973-12-08      0.01                0.57     -5.83
1973-12-09       0.0                0.84      -5.4
1973-12-10       0.0                0.59     -2.83
1973-12-11      0.02                0.48     -3.56
1973-12-12       0.2                0.51     -1.36
1973-12-13      0.01                0.65     -3.13
1973-12-14      0.03                0.54      -0.8
1973-12-15      0.01                 0.7      1.74
1973-12-16       0.0                0.74      -3.1
1973-12-17      0.05                 0.6     -6.33
1973-12-18       0.0                0.71     -4.23
1973-12-19       0.0                0.64     -3.66
1973-12-20       0.2                0.49     -0.83
1973-12-21      1.67                1.22     -2.23
1973-12-22      1.11                0.79      -8.3
1973-12-23      0.01                0.61      -9.7
1973-12-24       0.0                0.39    -12.56
1973-12-25       0.0                0.36    -10.43
1973-12-26      0.06                0.39      -6.8
1973-12-27      0.16                0.34     -3.83
1973-12-28       0.2                1.12      -2.9
1973-12-29      1.64                0.42     -8.06
1973-12-30      0.59                0.52     -6.46
1973-12-31       1.1                0.83      -3.1
1974-01-01       0.0                0.46      -2.1
1974-01-02       0.0                0.53      -1.2
1974-01-03       0.0                0.43     -0.73
1974-01-04       0.0                0.35     -2.17
1974-01-05       0.0                0.41      -1.3
1974-01-06       0.0                0.46     -2.83
1974-01-07       0.0                0.47     -3.33
1974-01-08      0.01                0.69     -0.93
1974-01-09      0.03                0.73     -0.77
1974-01-10      0.01                0.81     -2.13
1974-01-11      0.01                1.01     -3.53
1974-01-12       0.0                0.69     -4.23
1974-01-13       0.0                0.57     -4.96
1974-01-14       0.0                0.59      -3.7
1974-01-15       0.0                1.09     -2.43
1974-01-16       0.0                0.65      -7.4
1974-01-17      0.02                 0.9     -6.13
1974-01-18      0.02                0.79     -7.73
1974-01-19      0.45                0.81     -5.36
1974-01-20      0.39                 0.7      -4.4
1974-01-21      7.95                0.45     -1.53
1974-01-22      0.01                0.83     -2.43
1974-01-23       0.0                0.94    -11.16
1974-01-24       0.0                0.41    -14.63
1974-01-25       0.0                0.45    -13.16
1974-01-26      0.02                0.44    -11.43
1974-01-27      0.68                0.69      -8.4
1974-01-28       0.0                0.43    -11.86
1974-01-29      0.73                0.71      -8.4
1974-01-30      1.35                0.78      -4.3
1974-01-31       0.0                0.67     -3.93
1974-02-01      0.46                0.71      -5.9
1974-02-02      0.79                0.69     -3.77
1974-02-03      0.02                0.75      -3.5
1974-02-04      1.26                0.89     -0.33
1974-02-05      2.49                1.09     -0.87
1974-02-06      1.69                1.46     -3.33
1974-02-07      2.35                0.69     -3.03
1974-02-08      0.39                0.57      -5.6
1974-02-09       0.0                0.58     -10.1
1974-02-10       0.3                1.01     -8.37
1974-02-11      0.48                0.95    -10.87
1974-02-12      2.46                0.47     -9.93
1974-02-13      0.01                0.85     -7.33
1974-02-14      0.46                0.86     -2.37
1974-02-15      2.81                0.61      0.63
1974-02-16       0.0                1.16      3.47
1974-02-17       0.0                1.19      2.83
1974-02-18      0.48                 1.4      4.17
1974-02-19      2.07                0.64      1.17
1974-02-20       0.0                1.52      1.37
1974-02-21      0.39                1.19     -1.37
1974-02-22      0.53                 1.1       2.5
1974-02-23      0.02                1.47     -3.33
1974-02-24       0.0                1.11      -6.4
1974-02-25       0.0                1.21    -10.53
1974-02-26       0.0                1.07     -10.7
1974-02-27       0.0                1.17     -7.67
1974-02-28       0.0                1.17     -5.33
1974-03-01       0.0                1.49     -2.23
1974-03-02       0.0                1.56      0.87
1974-03-03       0.0                0.98      1.73
1974-03-04      1.28                1.17       4.5
1974-03-05      1.28                 1.8      5.47
1974-03-06     13.37                1.22      3.53
1974-03-07       2.9                1.51       2.6
1974-03-08      0.33                 1.7      4.17
1974-03-09      1.77                1.14      3.93
1974-03-10      0.51                2.43      0.73
1974-03-11      0.53                1.65      -4.9
1974-03-12       0.0                1.82      -6.6
1974-03-13       0.0                1.76     -4.06
1974-03-14       0.0                1.69       1.1
1974-03-15      0.02                1.41      2.14
1974-03-16      0.04                1.63       2.8
1974-03-17      0.03                2.05       1.8
1974-03-18      0.58                2.31       0.6
1974-03-19       0.0                2.25     -0.57
1974-03-20      1.09                1.88      2.67
1974-03-21      1.92                1.53      0.87
1974-03-22       0.4                2.45      -0.6
1974-03-23       0.0                 2.2     -0.03
1974-03-24       0.0                1.68      1.57
1974-03-25      0.09                 2.4       4.7
1974-03-26      1.32                2.45       5.7
1974-03-27      3.65                2.56      5.13
1974-03-28       0.0                2.52       4.8
1974-03-29       0.0                2.38       6.5
1974-03-30      0.83                2.88      9.43
1974-03-31      8.41                1.48      5.37
1974-04-01      1.69                2.45       3.1
