1985-07-01      2.03                4.63      22.7
1985-07-02      0.33                4.59      24.1
1985-07-03      3.85                2.33      20.9
1985-07-04      0.82                3.98     22.87
1985-07-05      0.06                5.07     23.53
1985-07-06       2.4                3.74     23.93
1985-07-07      2.74                2.57     24.33
1985-07-08      0.17                3.86      25.3
1985-07-09      1.23                 3.1      26.4
1985-07-10     19.46                2.59     24.97
1985-07-11      1.14                 3.0     24.83
1985-07-12     30.44                 2.2      21.4
1985-07-13      8.34                2.79     22.13
1985-07-14      3.73                2.61     23.37
1985-07-15      3.03                4.38      24.8
1985-07-16      7.25                3.03     23.63
1985-07-17     18.77                2.52     24.33
1985-07-18      0.31                4.76     24.27
1985-07-19      2.07                2.65     23.83
1985-07-20      2.14                4.52     25.77
1985-07-21       0.0                3.28     25.73
1985-07-22       0.0                4.85     26.47
1985-07-23       0.0                3.68      26.0
1985-07-24      0.05                5.05     27.27
1985-07-25      0.26                5.08      26.5
1985-07-26      2.53                4.65      27.6
1985-07-27      1.57                5.18     27.07
1985-07-28       0.0                5.43     27.47
1985-07-29       0.0                4.83      28.4
1985-07-30      1.09                4.52      27.8
1985-07-31       0.8                5.02      27.7
1985-08-01       0.1                4.07     26.43
1985-08-02      5.31                2.53      24.7
1985-08-03       1.7                2.57      25.4
1985-08-04     12.08                3.38     25.87
1985-08-05     29.01                2.57     21.93
1985-08-06      0.32                4.23     26.23
1985-08-07      0.09                4.22     26.87
1985-08-08      1.32                4.78      27.7
1985-08-09     33.48                2.14      23.5
1985-08-10     43.96                2.03     21.37
1985-08-11      4.62                4.72     23.87
1985-08-12      3.89                4.45     25.47
1985-08-13      3.22                3.58      27.3
1985-08-14      7.06                3.04      26.2
1985-08-15     12.94                4.12     24.23
1985-08-16     27.28                3.11      23.6
1985-08-17      5.77                3.41     23.07
1985-08-18      0.56                4.46     26.57
1985-08-19       0.0                4.41     27.27
1985-08-20       0.0                4.26     27.13
1985-08-21       0.0                4.52     27.33
1985-08-22       0.0                 4.2      27.5
1985-08-23      0.27                4.36     27.37
1985-08-24      2.24                4.47     27.63
1985-08-25       0.0                3.96      26.7
1985-08-26      0.29                4.41      27.0
1985-08-27      5.73                1.98     24.43
1985-08-28      10.0                2.21      24.3
1985-08-29      2.43                3.23     22.87
1985-08-30      7.76                4.66     23.97
1985-08-31       9.7                2.38     21.37
1985-09-01      3.64                3.15     23.37
1985-09-02      7.23                1.85     20.67
1985-09-03     15.88                2.58      24.5
1985-09-04     14.53                2.59     23.63
1985-09-05     11.49                3.92     24.43
1985-09-06     36.07                1.89     22.77
1985-09-07      5.77                3.76      22.7
1985-09-08       0.0                2.82     22.13
1985-09-09      5.32                2.32     22.33
1985-09-10     20.62                1.62     18.47
1985-09-11      2.79                1.86      20.4
1985-09-12       0.0                2.64      20.8
1985-09-13      0.53                2.18     18.73
1985-09-14      5.15                1.79      17.4
1985-09-15     10.71                1.49      16.3
1985-09-16      7.45                2.11     17.67
1985-09-17      27.7                1.56     17.07
1985-09-18     10.43                2.06      20.1
1985-09-19      12.9                1.57     16.93
1985-09-20      1.32                1.47     16.97
1985-09-21      0.26                1.65      17.8
1985-09-22      0.36                2.56     16.77
1985-09-23      0.92                2.21     14.27
1985-09-24       4.1                2.62      18.0
1985-09-25      0.34                2.61      15.0
1985-09-26       0.0                2.67      15.1
1985-09-27      0.06                2.06     16.23
1985-09-28       0.0                1.55      16.6
1985-09-29       0.0                2.47     14.07
1985-09-30       3.3                2.47      11.2
1985-10-01      0.12                1.97      10.7
1985-10-02       0.0                2.07      11.6
1985-10-03       0.0                1.84     13.94
1985-10-04      3.09                1.33     15.67
1985-10-05     46.94                1.85      15.8
1985-10-06     23.18                1.62     13.33
1985-10-07      0.85                2.64     15.47
1985-10-08       0.0                1.69      15.5
1985-10-09      1.28                1.82     18.07
1985-10-10     19.84                1.15     14.77
1985-10-11      2.21                2.17     19.83
1985-10-12     58.43                1.23     17.37
1985-10-13      5.79                2.07     15.37
1985-10-14       0.0                 1.7      12.6
1985-10-15       0.0                1.67     14.33
1985-10-16       0.0                1.12     13.93
1985-10-17       0.0                1.52      11.1
1985-10-18       0.0                1.48      8.53
1985-10-19       0.0                1.29       7.1
1985-10-20       0.0                1.36      9.13
1985-10-21       0.0                 1.3      7.93
1985-10-22       0.0                 1.7      12.7
1985-10-23       0.0                1.49     11.73
1985-10-24       0.0                1.64     12.63
1985-10-25       0.0                1.34     10.73
1985-10-26       0.0                1.29     11.27
1985-10-27      0.03                1.72     11.67
1985-10-28       0.0                1.54     13.13
1985-10-29       0.0                1.32     13.77
1985-10-30       0.0                1.18     13.77
1985-10-31      7.16                0.96     12.77
1985-11-01      3.29                1.21       7.0
1985-11-02       0.0                 0.9      7.37
1985-11-03      0.01                0.87      7.63
1985-11-04       0.0                1.02      7.67
1985-11-05       0.0                0.91     11.83
1985-11-06      3.92                0.89     10.47
1985-11-07       0.1                1.56     11.77
1985-11-08      2.17                1.19      9.43
1985-11-09      6.15                0.79      7.03
1985-11-10      2.69                1.28       3.1
1985-11-11      0.51                1.29      1.33
1985-11-12      0.13                1.47      0.73
1985-11-13       0.1                1.46      0.13
1985-11-14      0.22                0.84      0.47
1985-11-15      0.16                1.18      1.03
1985-11-16      1.09                0.52      0.14
1985-11-17      0.16                1.18      2.97
1985-11-18      0.17                1.04     -0.37
1985-11-19       0.0                0.45     -0.86
1985-11-20      0.17                 0.7       5.6
1985-11-21      1.39                 0.7       6.4
1985-11-22      2.94                0.61      7.07
1985-11-23      0.42                1.15       7.3
1985-11-24      0.16                1.35      1.37
1985-11-25      0.53                0.51     -1.46
1985-11-26      0.42                0.55      3.47
1985-11-27      4.93                0.51      2.77
1985-11-28      2.85                1.24       2.3
1985-11-29      0.18                 1.0      -2.6
1985-11-30      0.29                0.34     -3.46
1985-12-01      1.95                0.35     -2.53
1985-12-02      0.59                0.71     -4.13
1985-12-03      0.98                0.38     -1.66
1985-12-04      0.43                0.59      3.94
1985-12-05      0.06                0.44       0.3
1985-12-06       0.0                 0.6     -1.27
1985-12-07       0.0                0.43     -3.17
1985-12-08       0.0                0.81     -5.36
1985-12-09       0.0                0.64      -8.4
1985-12-10       0.0                0.56      -9.7
1985-12-11       0.0                 0.7      -6.8
1985-12-12      0.01                0.62      -7.2
1985-12-13      0.01                0.74     -4.16
1985-12-14       0.0                0.98      -6.9
1985-12-15       0.0                 0.7     -10.8
1985-12-16       0.0                0.36    -11.93
1985-12-17       0.0                0.31     -9.73
1985-12-18       0.0                0.38     -7.56
1985-12-19       0.0                0.51     -5.43
1985-12-20       0.0                0.33     -7.07
1985-12-21      0.19                 0.3     -5.46
1985-12-22      0.26                0.62      0.53
1985-12-23       0.0                0.73     -4.13
1985-12-24      0.08                0.38      -5.8
1985-12-25      0.01                0.58     -1.33
1985-12-26       0.0                0.49     -3.66
1985-12-27      0.27                0.35      -1.8
1985-12-28       0.0                0.39     -0.93
1985-12-29      3.98                0.32     -2.86
1985-12-30      6.87                0.44      2.17
1985-12-31      0.84                1.15     -3.53
1986-01-01       0.0                0.81    -10.03
1986-01-02      0.54                0.49    -11.53
1986-01-03      2.64                0.32     -5.93
1986-01-04      0.69                0.96     -9.76
1986-01-05       0.0                 0.3     -17.1
1986-01-06      0.09                0.32     -13.7
1986-01-07      0.18                 0.3     -5.63
1986-01-08       0.0                1.02     -7.27
1986-01-09       0.0                0.53    -11.73
1986-01-10       0.0                0.38     -12.8
1986-01-11       0.0                0.23     -13.2
1986-01-12      0.11                 0.3    -10.93
1986-01-13      0.17                0.46     -6.26
1986-01-14       0.0                0.31     -8.03
1986-01-15      0.01                0.35     -4.53
1986-01-16       0.0                0.33      -4.9
1986-01-17       0.0                0.49       0.0
1986-01-18       0.0                0.46     -1.36
1986-01-19       0.0                 0.4      -1.3
1986-01-20      0.64                0.43     -2.23
1986-01-21      1.97                0.48     -5.57
1986-01-22      0.51                0.71    -12.33
1986-01-23      0.09                0.41     -7.93
1986-01-24       0.0                0.62      -9.4
1986-01-25       0.0                0.71    -10.47
1986-01-26      0.05                 0.6     -12.2
1986-01-27      0.09                0.72    -11.36
1986-01-28      0.21                1.03      -2.6
1986-01-29      0.01                0.57     -4.33
1986-01-30       0.0                0.69     -0.67
1986-01-31      0.08                0.75     -4.67
1986-02-01       0.0                0.68     -8.97
