1984-08-01      5.73                3.81     26.57
1984-08-02      8.13                3.14     26.87
1984-08-03     11.92                3.35     25.83
1984-08-04      0.21                4.39     26.67
1984-08-05       0.0                3.74     27.07
1984-08-06       0.0                4.88      27.2
1984-08-07       0.0                4.81     26.43
1984-08-08       0.0                4.47      26.7
1984-08-09       0.0                4.55      28.3
1984-08-10       0.0                4.81     28.73
1984-08-11       0.0                 5.4      27.7
1984-08-12      0.01                5.69      27.6
1984-08-13      3.66                4.45     27.07
1984-08-14     15.13                3.21      26.4
1984-08-15     24.11                2.03      22.5
1984-08-16     12.03                4.46     22.23
1984-08-17      2.93                4.59      22.1
1984-08-18      0.01                5.43     26.13
1984-08-19      0.03                5.81     25.33
1984-08-20     12.39                4.08     25.53
1984-08-21     48.75                3.01     24.27
1984-08-22      3.94                 4.5     24.07
1984-08-23      1.03                 2.8      22.8
1984-08-24     51.89                1.79     20.77
1984-08-25      4.59                3.96      23.2
1984-08-26      2.26                2.96     21.83
1984-08-27      5.99                3.67     23.87
1984-08-28     37.45                 2.2     25.13
1984-08-29     25.99                2.26      21.3
1984-08-30     19.21                3.57     24.07
1984-08-31      72.6                1.82     21.87
1984-09-01    264.04                1.88     20.33
1984-09-02    152.13                1.79     19.43
1984-09-03      7.86                1.94     19.77
1984-09-04      0.95                2.33      18.6
1984-09-05       0.0                3.23      19.6
1984-09-06      0.08                1.88     19.33
1984-09-07      0.28                2.93     21.33
1984-09-08      0.08                2.74     19.93
1984-09-09       0.0                2.92     20.93
1984-09-10      0.02                3.19     17.33
1984-09-11       0.0                 3.3     16.97
1984-09-12      0.99                2.43     17.27
1984-09-13      2.82                 2.8     18.53
1984-09-14      0.24                2.82     18.43
1984-09-15      0.11                2.95      18.4
1984-09-16       0.0                2.54      18.7
1984-09-17       1.2                2.23     17.93
1984-09-18       1.2                3.05     19.63
1984-09-19      2.26                2.73      16.9
1984-09-20      0.13                2.58     18.67
1984-09-21      0.08                2.82     19.47
1984-09-22       0.0                2.89      18.7
1984-09-23       0.0                2.52     17.53
1984-09-24      0.77                1.38     17.37
1984-09-25      0.05                2.56      16.7
1984-09-26       0.0                2.95      15.8
1984-09-27      0.01                1.46     14.03
1984-09-28     12.48                1.23      14.8
1984-09-29      7.27                2.83      18.9
1984-09-30       0.0                2.22     18.07
1984-10-01      0.06                1.72      18.4
1984-10-02      0.33                 1.3      15.8
1984-10-03      0.09                2.62     13.33
1984-10-04      0.01                1.96      9.84
1984-10-05       0.0                1.79      8.47
1984-10-06       0.0                1.94     12.77
1984-10-07      0.01                 2.1     12.33
1984-10-08       0.0                1.91     13.07
1984-10-09       0.0                1.81      12.7
1984-10-10       0.0                1.65      13.3
1984-10-11       0.0                2.46      14.6
1984-10-12      0.12                1.42     14.07
1984-10-13      0.09                2.21     12.63
1984-10-14       0.0                1.73     13.57
1984-10-15       0.0                1.83      12.4
1984-10-16       0.0                1.41      11.4
1984-10-17       0.0                2.24     14.07
1984-10-18       0.0                1.69      11.0
1984-10-19      1.54                1.89      11.4
1984-10-20      2.38                 2.0       7.8
1984-10-21      0.07                1.84      4.33
1984-10-22       0.0                0.84       6.9
1984-10-23       0.0                2.24     14.53
1984-10-24       0.0                1.08     12.33
1984-10-25       0.0                1.22      14.0
1984-10-26       1.6                1.52     13.67
1984-10-27      3.62                2.06      11.2
1984-10-28       0.0                 1.2       6.1
1984-10-29       0.0                1.38      5.43
1984-10-30       0.0                1.31       3.7
1984-10-31      0.01                0.83      3.87
1984-11-01      0.08                2.14      9.47
1984-11-02       0.0                1.12      4.27
1984-11-03       0.0                1.01      6.64
1984-11-04       0.0                1.41     11.43
1984-11-05      0.24                1.48     12.67
1984-11-06       0.0                0.95     11.83
1984-11-07       0.0                 1.2     13.87
1984-11-08       0.0                1.17     12.93
1984-11-09       0.0                0.75       9.6
1984-11-10      6.17                 0.6      6.37
1984-11-11      0.86                0.83      9.57
1984-11-12       0.0                1.07      5.03
1984-11-13       0.0                0.76      2.97
1984-11-14      4.61                0.64       5.4
1984-11-15      5.22                0.69      6.83
1984-11-16       0.0                0.72      7.34
1984-11-17       0.6                0.62       7.5
1984-11-18      5.75                1.11      6.93
1984-11-19      5.19                1.12       3.9
1984-11-20      0.67                0.99      2.17
1984-11-21      1.37                0.61      2.77
1984-11-22      0.85                0.53      3.57
1984-11-23       0.0                 0.5       3.7
1984-11-24      0.01                0.72       6.4
1984-11-25       0.0                0.55      3.87
1984-11-26      0.08                0.93      3.53
1984-11-27       0.0                1.03       0.9
1984-11-28      0.17                0.46     -1.77
1984-11-29      0.08                0.64       4.7
1984-11-30      1.52                0.53       6.0
1984-12-01      0.43                1.29      4.43
1984-12-02       0.0                0.47       0.8
1984-12-03       0.0                0.44      2.27
1984-12-04      0.06                0.44       2.6
1984-12-05       0.0                0.95      -0.9
1984-12-06       0.0                0.46      -2.0
1984-12-07      0.02                0.54      0.93
1984-12-08       0.0                 0.4      1.03
1984-12-09      3.59                0.71      5.03
1984-12-10      6.13                0.68      5.97
1984-12-11      0.99                1.18      5.03
1984-12-12      0.06                0.64      3.73
1984-12-13      1.18                0.47      2.43
1984-12-14       0.3                 0.7      4.37
1984-12-15      0.48                0.55      2.13
1984-12-16      2.66                0.43       0.4
1984-12-17      0.25                0.97      0.93
1984-12-18      0.35                0.85     -3.73
1984-12-19      0.03                0.39      -5.3
1984-12-20      0.01                0.65     -2.36
1984-12-21      0.04                 0.9     -4.83
1984-12-22      0.71                0.67     -8.13
1984-12-23       0.0                 0.7     -8.67
1984-12-24       0.0                0.61    -10.43
1984-12-25       0.0                0.55    -10.63
1984-12-26       0.0                 0.6     -6.37
1984-12-27       0.0                0.74      -7.7
1984-12-28       0.0                0.65     -9.63
1984-12-29       0.0                 0.6    -11.47
1984-12-30       0.0                0.36     -9.16
1984-12-31      0.08                0.57      -3.3
1985-01-01       0.0                0.53     -3.17
1985-01-02       0.0                0.33     -4.37
1985-01-03       0.0                0.33      -4.0
1985-01-04      0.04                0.33     -6.23
1985-01-05       0.0                0.48      -9.0
1985-01-06       0.0                0.66     -7.17
1985-01-07       0.0                0.31     -9.57
1985-01-08      0.04                 0.4     -9.93
1985-01-09      0.87                0.53     -7.63
1985-01-10       0.3                0.66      -8.8
1985-01-11      1.49                0.33     -9.63
1985-01-12      0.54                0.81     -8.63
1985-01-13      0.27                 0.6     -14.5
1985-01-14      0.34                0.43    -14.26
1985-01-15      1.38                0.42      -9.8
1985-01-16       0.0                0.48    -11.16
1985-01-17       0.0                0.36    -12.86
1985-01-18      0.32                0.31      -9.4
1985-01-19      2.55                0.31     -5.43
1985-01-20       0.4                0.61      -6.0
1985-01-21       0.0                0.35      -9.3
1985-01-22      0.01                0.48     -3.23
1985-01-23       0.0                0.37     -6.73
1985-01-24       0.0                0.58     -6.17
1985-01-25      0.07                 0.4    -10.26
1985-01-26      0.57                0.53      -4.9
1985-01-27      1.25                0.69      -2.5
1985-01-28      0.07                0.54     -8.76
1985-01-29      0.08                0.51     -13.7
1985-01-30      0.02                0.46     -15.1
1985-01-31       0.3                0.47     -7.33
1985-02-01      0.07                1.08      -0.6
1985-02-02      0.02                0.84     -3.73
1985-02-03       0.0                0.88      0.24
1985-02-04       0.0                0.57     -2.06
1985-02-05       0.0                0.86       1.7
1985-02-06       0.0                0.82      1.54
1985-02-07       0.0                0.87      0.93
1985-02-08       1.1                1.15      1.17
1985-02-09      4.44                1.18      1.93
1985-02-10       1.0                 0.8       0.9
1985-02-11       0.1                1.16      2.73
1985-02-12      0.69                0.89       0.1
1985-02-13      0.75                 0.9      -2.5
1985-02-14       0.0                1.04     -6.16
1985-02-15      0.57                1.04      0.27
1985-02-16      1.34                1.04     -0.53
1985-02-17      0.37                1.16      -2.9
1985-02-18      0.79                0.69       0.0
1985-02-19      1.59                1.35      3.23
1985-02-20      1.16                 1.2     -4.07
1985-02-21      0.15                1.23     -8.97
1985-02-22      0.03                1.23     -8.03
1985-02-23       0.0                1.16      -9.0
1985-02-24       0.0                 1.0     -8.43
1985-02-25       0.0                1.13     -6.23
1985-02-26      0.06                1.25     -2.47
1985-02-27      0.11                 1.8      -1.0
1985-02-28      0.01                1.44      2.23
1985-03-01       0.0                0.88      2.43
