1981-10-01       0.0                2.29     16.83
1981-10-02       0.0                2.16      13.4
1981-10-03      0.06                2.42     13.27
1981-10-04      4.91                1.04     10.67
1981-10-05      5.02                2.39     15.57
1981-10-06       0.0                1.88      14.7
1981-10-07       0.0                 1.6     15.03
1981-10-08      0.14                2.01     13.97
1981-10-09       0.0                3.15      11.1
1981-10-10       0.0                2.43      12.1
1981-10-11       0.0                2.03     13.27
1981-10-12       0.0                1.71     13.03
1981-10-13      2.31                 1.8      12.9
1981-10-14       0.0                1.83      9.23
1981-10-15       0.0                2.12      9.03
1981-10-16       0.0                1.67     11.97
1981-10-17       1.2                 1.6      14.8
1981-10-18      5.74                1.42      13.1
1981-10-19      0.07                1.96     10.87
1981-10-20       0.0                2.56     10.73
1981-10-21      0.12                 2.3     11.03
1981-10-22      3.17                1.66      8.07
1981-10-23       0.0                1.91       1.0
1981-10-24       0.0                2.05      5.63
1981-10-25       0.0                1.38      6.17
1981-10-26       0.0                1.29      7.17
1981-10-27       0.0                0.95      7.03
1981-10-28      9.14                0.76       9.5
1981-10-29       0.0                1.67      8.67
1981-10-30       0.0                1.57      8.67
1981-10-31      3.85                1.81      8.37
1981-11-01       0.0                 1.2      5.23
1981-11-02     25.95                0.71      7.33
1981-11-03      0.98                1.74      7.63
1981-11-04       0.0                1.66      3.63
1981-11-05       0.0                0.75      2.03
1981-11-06       0.0                1.25       4.0
1981-11-07       0.0                1.46     -1.67
1981-11-08       0.0                1.01     -3.73
1981-11-09       0.0                0.97     -3.63
1981-11-10      1.19                 1.0      1.14
1981-11-11       0.0                1.06      2.57
1981-11-12       0.0                1.37      5.67
1981-11-13       0.0                1.11      6.57
1981-11-14       0.0                0.93      3.83
1981-11-15      5.65                0.63      4.67
1981-11-16      5.86                1.02      5.33
1981-11-17       4.3                0.88      2.33
1981-11-18       0.0                0.64       1.7
1981-11-19       0.0                0.48       1.7
1981-11-20      0.41                0.75       5.3
1981-11-21       0.0                0.95      1.37
1981-11-22       0.0                0.65       0.5
1981-11-23      0.05                1.02      3.84
1981-11-24       0.0                0.74      0.97
1981-11-25       0.0                0.58      -0.4
1981-11-26       0.0                0.66      3.13
1981-11-27       0.0                0.89       0.7
1981-11-28       0.0                0.65     -2.73
1981-11-29       0.0                0.45      -2.9
1981-11-30      0.26                0.46     -1.93
1981-12-01      0.22                1.01      -5.7
1981-12-02       0.0                0.47     -7.33
1981-12-03      0.14                0.65     -4.53
1981-12-04      1.21                0.46      1.74
1981-12-05       0.0                0.91      0.33
1981-12-06       0.0                0.51      -1.9
1981-12-07       0.0                0.56      -1.2
1981-12-08       0.0                 0.6      -1.4
1981-12-09       0.0                0.64       0.3
1981-12-10       0.0                0.49     -0.16
1981-12-11       0.0                0.44      -0.6
1981-12-12       0.0                0.97      0.27
1981-12-13       0.0                0.65      -4.4
1981-12-14       0.0                0.57     -7.17
1981-12-15       0.0                0.38     -7.26
1981-12-16       0.0                 0.4     -3.46
1981-12-17       0.0                0.36      -3.4
1981-12-18      1.11                0.39     -3.13
1981-12-19      1.73                0.38     -2.86
1981-12-20      0.18                0.51     -2.26
1981-12-21      0.15                0.34      -2.5
1981-12-22       0.0                0.65      2.37
1981-12-23       0.0                1.47       0.2
1981-12-24       0.0                0.86     -3.23
1981-12-25       0.0                0.42     -2.23
1981-12-26       0.0                0.64      5.17
1981-12-27       0.0                0.64      3.07
1981-12-28      0.35                0.57      0.87
1981-12-29      3.57                0.55     -1.93
1981-12-30       0.0                0.38     -4.43
1981-12-31      0.04                0.53     -3.67
1982-01-01      0.01                0.76      -4.3
1982-01-02       0.0                0.48     -3.63
1982-01-03     12.25                0.39     -3.86
1982-01-04      9.41                0.43      2.87
1982-01-05      0.77                0.53       1.2
1982-01-06      0.28                0.47     -1.63
1982-01-07      0.88                 0.6      -2.9
1982-01-08      0.68                0.34      -2.5
1982-01-09       0.0                 0.7     -0.67
1982-01-10       0.0                0.44     -2.56
1982-01-11      1.27                0.54      0.54
1982-01-12       0.0                 1.4     -4.63
1982-01-13       0.0                 0.7    -10.57
1982-01-14       0.0                0.55     -9.26
1982-01-15       0.0                0.52     -7.87
1982-01-16      1.64                0.44     -9.06
1982-01-17       0.0                 0.5     -8.13
1982-01-18      0.31                0.72     -5.63
1982-01-19       0.0                0.67     -8.66
1982-01-20       0.0                0.67     -8.43
1982-01-21       0.0                0.98       0.8
1982-01-22       0.0                0.46       0.3
1982-01-23       0.0                0.51     -1.03
1982-01-24       0.0                0.97      -0.6
1982-01-25       0.0                0.62     -1.97
1982-01-26       0.0                0.91     -2.43
1982-01-27      0.13                0.88     -5.37
1982-01-28       0.0                0.69    -10.46
1982-01-29       0.0                0.59    -11.47
1982-01-30       0.0                0.64     -9.43
1982-01-31       0.0                0.55     -6.97
1982-02-01      0.06                0.95      -5.5
1982-02-02       0.0                0.87     -6.76
1982-02-03       0.0                0.82      -1.8
1982-02-04      1.67                0.79     -1.43
1982-02-05      0.51                0.89     -4.73
1982-02-06       0.0                0.96      -8.1
1982-02-07       0.0                 0.8     -9.53
1982-02-08       0.0                0.96     -8.77
1982-02-09      0.41                0.76     -4.93
1982-02-10       0.0                 1.1     -6.66
1982-02-11       0.0                0.93     -4.67
1982-02-12       0.0                0.91     -2.87
1982-02-13      0.82                0.96     -3.63
1982-02-14      0.13                1.19     -1.63
1982-02-15       0.0                1.11      -2.5
1982-02-16       0.0                0.93     -1.27
1982-02-17       0.0                 1.3      0.43
1982-02-18      0.38                0.92       1.4
1982-02-19      2.76                0.69       1.6
1982-02-20       0.0                1.36      5.33
1982-02-21      1.39                 1.1       2.9
1982-02-22       0.0                1.17       2.2
1982-02-23      0.06                1.66      2.73
1982-02-24      0.83                1.56       3.4
1982-02-25      0.42                1.34       0.5
1982-02-26       0.0                 1.6     -0.13
1982-02-27       0.0                1.62       2.3
1982-02-28      0.07                1.31      4.73
1982-03-01      2.47                1.27       0.4
1982-03-02       0.0                1.71      0.63
1982-03-03       0.0                1.59      0.67
1982-03-04     13.43                0.73       1.8
1982-03-05      4.86                1.77      5.07
1982-03-06       0.0                2.11      -1.0
1982-03-07       0.0                1.72      -3.6
1982-03-08       0.0                1.81       0.6
1982-03-09      0.02                2.05      2.67
1982-03-10       0.0                2.19      6.44
1982-03-11       0.0                2.16       7.5
1982-03-12       0.0                1.85      7.63
1982-03-13       0.0                2.38      5.43
1982-03-14      2.61                1.51      6.17
1982-03-15      8.21                1.74      7.77
1982-03-16      0.99                1.94      3.67
1982-03-17      4.65                0.82      0.03
1982-03-18       0.0                1.92      3.83
1982-03-19       0.0                1.68      5.53
1982-03-20       0.0                 2.4       7.4
1982-03-21       0.0                2.81       8.7
1982-03-22       0.0                2.62       9.2
1982-03-23       0.0                2.56      9.37
1982-03-24      0.03                3.09       2.8
1982-03-25       0.0                2.31       0.5
1982-03-26       0.0                2.38      1.63
1982-03-27       0.0                2.39      2.83
1982-03-28      0.03                2.48       5.3
1982-03-29       0.1                3.09       7.5
1982-03-30       7.2                1.01      5.34
1982-03-31       0.0                2.57       8.3
1982-04-01       0.0                2.79     10.17
1982-04-02     10.29                1.21       7.8
1982-04-03      0.46                3.27       6.7
1982-04-04       0.0                3.21      5.83
1982-04-05       0.0                3.21       8.8
1982-04-06       0.0                3.43       9.9
1982-04-07       0.0                3.63      11.5
1982-04-08      8.98                2.54      8.27
1982-04-09      1.71                3.12      3.97
1982-04-10       0.0                3.31      5.97
1982-04-11       0.0                3.21      8.93
1982-04-12       0.0                3.42     11.67
1982-04-13      0.02                2.15       9.2
1982-04-14      0.07                 4.1     10.67
1982-04-15       0.0                3.48      9.47
1982-04-16      0.01                3.05      5.67
1982-04-17       0.0                3.11       7.2
1982-04-18       0.0                 3.7      8.07
1982-04-19       0.0                4.06     10.44
1982-04-20       0.0                1.87      9.37
1982-04-21       0.0                3.62      11.9
1982-04-22       0.0                4.36     12.17
1982-04-23       0.0                 4.1     14.87
1982-04-24       0.0                4.36     15.23
1982-04-25       0.0                4.16      17.0
1982-04-26       0.0                4.06      18.7
1982-04-27      0.24                3.81     11.17
1982-04-28      0.47                 2.0      8.77
1982-04-29       0.0                4.03      15.1
1982-04-30       0.0                4.59     15.23
1982-05-01       0.0                3.77     14.87
