1978-12-01      7.38                0.75      1.64
1978-12-02      1.93                1.01      1.23
1978-12-03      0.22                0.48      0.74
1978-12-04      3.56                0.87      2.97
1978-12-05       0.0                0.55     -1.96
1978-12-06       0.5                0.37       0.2
1978-12-07      1.23                0.52      6.07
1978-12-08       0.0                0.56      8.63
1978-12-09       0.0                 0.6      9.13
1978-12-10      7.51                0.55      4.87
1978-12-11       0.0                0.53      1.44
1978-12-12       0.0                0.47      1.57
1978-12-13       0.0                0.57      5.27
1978-12-14      6.57                0.39      2.57
1978-12-15      0.43                0.39      3.43
1978-12-16       0.0                0.44      2.97
1978-12-17       0.0                0.56      2.77
1978-12-18       0.0                0.46     -1.43
1978-12-19      8.68                0.46     -3.33
1978-12-20      1.35                0.44     -3.73
1978-12-21       0.0                0.36      -5.0
1978-12-22       0.0                0.35     -3.56
1978-12-23       0.0                0.33     -3.76
1978-12-24       0.0                0.32     -3.03
1978-12-25       0.0                0.37      -2.0
1978-12-26       0.0                0.41      0.94
1978-12-27      3.65                0.34       0.3
1978-12-28       0.0                0.42      1.07
1978-12-29       0.0                0.65      -5.5
1978-12-30       0.0                0.45     -7.76
1978-12-31       0.0                0.38     -7.13
1979-01-01       0.0                0.39      -5.6
1979-01-02       0.0                0.34     -4.43
1979-01-03      0.02                0.37      0.34
1979-01-04      0.14                0.41      2.77
1979-01-05       0.0                0.41      2.14
1979-01-06      0.22                0.46      0.37
1979-01-07      0.16                0.85      3.67
1979-01-08       0.0                0.56      4.24
1979-01-09      0.98                0.79      4.97
1979-01-10      0.46                0.66       5.3
1979-01-11      2.04                 0.8       1.3
1979-01-12      0.51                0.64      0.33
1979-01-13       0.0                1.26     -3.87
1979-01-14       0.0                 1.0     -7.63
1979-01-15      0.02                0.78      -6.1
1979-01-16       0.0                 0.6      -4.8
1979-01-17      0.04                0.66       1.1
1979-01-18       0.2                1.54     -3.97
1979-01-19      0.39                0.65      -8.2
1979-01-20      0.49                0.66      -3.2
1979-01-21      0.39                1.31     -5.06
1979-01-22      0.37                0.54     -5.53
1979-01-23      0.04                0.97      1.67
1979-01-24       0.0                0.79      1.14
1979-01-25       0.0                0.91      2.04
1979-01-26       0.0                1.54      5.74
1979-01-27      2.65                1.17      1.83
1979-01-28      4.99                1.02      2.03
1979-01-29      2.62                0.96      1.83
1979-01-30      3.45                1.34      2.47
1979-01-31     10.05                0.42     -1.33
1979-02-01      0.87                0.79      -8.7
1979-02-02       0.0                 0.5     -12.2
1979-02-03      0.39                0.33     -7.83
1979-02-04       0.0                0.49     -8.33
1979-02-05       0.0                0.49     -6.83
1979-02-06      0.29                0.97     -2.33
1979-02-07      0.61                0.41      -4.8
1979-02-08       0.0                0.75      0.67
1979-02-09       0.0                0.72      -1.4
1979-02-10       0.0                0.93       2.2
1979-02-11       0.0                1.64      1.84
1979-02-12       0.0                0.82       0.6
1979-02-13      0.12                1.58      3.07
1979-02-14       0.0                1.83      1.07
1979-02-15       0.0                1.37     -3.36
1979-02-16       1.1                0.83     -0.93
1979-02-17      9.91                 0.9       0.8
1979-02-18       0.0                1.76      0.34
1979-02-19       0.0                1.29       3.8
1979-02-20       0.0                0.81      3.67
1979-02-21      0.45                1.76       8.5
1979-02-22      0.46                2.06      4.13
1979-02-23       8.3                1.04      2.07
1979-02-24      2.69                1.24      3.23
1979-02-25       0.0                0.86      4.07
1979-02-26      0.48                1.76       3.4
1979-02-27      0.04                2.04      -0.6
1979-02-28       0.0                1.34     -1.57
1979-03-01       0.0                1.24     -2.66
1979-03-02       0.0                 1.4      -1.7
1979-03-03       0.0                1.36     -0.73
1979-03-04       0.0                1.59      1.07
1979-03-05       0.0                1.41      2.63
1979-03-06      0.34                1.27       3.3
1979-03-07       0.0                1.34      3.63
1979-03-08       0.0                1.88       5.8
1979-03-09       0.0                1.02      4.13
1979-03-10      0.04                2.37      7.83
1979-03-11      0.19                2.27      2.23
1979-03-12      0.05                1.66      2.77
1979-03-13      0.22                1.93      5.83
1979-03-14       0.0                1.87      4.67
1979-03-15       0.0                 2.2       4.8
1979-03-16       0.0                 2.7       5.5
1979-03-17       0.0                2.89      2.57
1979-03-18       0.0                2.22       1.6
1979-03-19       0.0                2.38      5.74
1979-03-20       0.0                2.63      6.57
1979-03-21       0.0                2.98       6.9
1979-03-22      2.05                2.39      5.17
1979-03-23      1.75                1.56      6.33
1979-03-24      5.02                1.49      3.33
1979-03-25       0.0                2.54      5.87
1979-03-26      2.03                2.61      6.84
1979-03-27       0.0                2.71      6.77
1979-03-28       0.0                2.93      10.6
1979-03-29       5.3                 1.3      8.27
1979-03-30     42.95                1.15      5.67
1979-03-31      3.85                2.64       6.9
1979-04-01       0.0                2.04       6.8
1979-04-02      5.93                1.19      4.57
1979-04-03      1.21                1.67       3.2
1979-04-04       0.0                2.45      4.77
1979-04-05       0.0                2.76      7.13
1979-04-06       0.0                 2.9       8.8
1979-04-07     24.16                1.65       9.9
1979-04-08     19.23                1.32     10.03
1979-04-09       0.0                3.47      8.17
1979-04-10       0.0                3.92      9.04
1979-04-11       0.0                3.41      11.7
1979-04-12       0.0                3.59     10.97
1979-04-13     10.03                 1.8       7.1
1979-04-14      0.05                 3.6      6.63
1979-04-15      0.64                3.28       7.7
1979-04-16       3.5                3.15      6.93
1979-04-17       0.0                2.98      6.27
1979-04-18       0.0                3.23      7.33
1979-04-19       0.0                3.75      10.9
1979-04-20       0.0                3.99     11.63
1979-04-21       0.0                 3.9      11.2
1979-04-22       0.0                3.23      12.4
1979-04-23      9.46                2.16      17.7
1979-04-24     19.78                2.25      12.0
1979-04-25       0.0                3.23     14.07
1979-04-26     11.61                1.81      9.63
1979-04-27     11.54                 3.4       8.9
1979-04-28      3.19                1.85     10.57
1979-04-29      6.68                3.16     12.77
1979-04-30      0.61                3.32     12.57
1979-05-01      0.58                3.69      11.3
1979-05-02       0.0                3.73     11.27
1979-05-03       0.0                4.03      12.5
1979-05-04       0.0                4.19     14.83
1979-05-05       0.0                 4.4     15.27
1979-05-06     12.92                1.92     15.97
1979-05-07     25.33                1.82     12.27
1979-05-08      0.04                4.66     14.97
1979-05-09       0.0                3.85     15.47
1979-05-10       0.0                4.57      15.9
1979-05-11       0.0                4.47      12.9
1979-05-12       0.0                 4.1     12.93
1979-05-13       0.0                1.74     12.43
1979-05-14      0.25                4.19     13.57
1979-05-15      3.04                2.05     10.73
1979-05-16     22.43                 2.2      9.43
1979-05-17      0.22                2.06     10.23
1979-05-18      0.36                2.13     11.07
1979-05-19      0.72                3.58     14.53
1979-05-20       0.0                 4.2     17.34
1979-05-21       0.0                 5.1     17.87
1979-05-22       0.0                4.83     18.77
1979-05-23       0.0                4.34     18.77
1979-05-24      5.28                2.57     14.87
1979-05-25     14.02                1.62     11.93
1979-05-26     12.54                2.59     12.87
1979-05-27       0.0                4.21     17.13
1979-05-28       0.0                4.52     20.77
1979-05-29       0.0                4.52     22.33
1979-05-30       0.0                5.34     18.83
1979-05-31       0.0                4.72      19.1
1979-06-01       0.0                5.06      20.1
1979-06-02      0.18                4.27     18.93
1979-06-03      0.44                3.08      20.0
1979-06-04       0.0                4.14     20.37
1979-06-05      0.12                 2.6     19.93
1979-06-06      9.73                2.06     19.17
1979-06-07     15.72                2.95     19.63
1979-06-08      4.57                3.92     19.83
1979-06-09      0.85                3.82     19.27
1979-06-10      6.89                2.01     14.93
1979-06-11       0.0                3.54     17.47
1979-06-12       0.0                4.15     19.33
1979-06-13      0.06                4.45     19.87
1979-06-14       0.0                4.85      20.0
1979-06-15       0.0                4.66     20.47
1979-06-16       0.0                5.08     21.67
1979-06-17       0.0                4.55      22.7
1979-06-18      0.04                3.66     22.53
1979-06-19     13.52                 4.6      22.5
1979-06-20      78.0                2.11      18.3
1979-06-21       4.8                2.17     19.33
1979-06-22      9.99                3.68     21.47
1979-06-23       0.0                5.03     23.47
1979-06-24     28.57                2.19     22.57
1979-06-25     56.54                2.54     23.07
1979-06-26     32.09                2.71     21.87
1979-06-27      64.5                4.77      22.8
1979-06-28      0.03                4.54     23.17
1979-06-29       2.1                4.17     21.97
1979-06-30      4.12                 4.3     23.53
1979-07-01      4.58                4.16     24.23
