1975-07-01      1.68                4.13     21.13
1975-07-02       0.0                5.47     21.57
1975-07-03       0.0                2.94     22.13
1975-07-04       0.0                4.37     23.17
1975-07-05      5.34                3.01     23.33
1975-07-06      36.1                2.47      20.3
1975-07-07     11.35                3.02      18.0
1975-07-08       0.0                3.77      20.0
1975-07-09      4.79                3.44     22.43
1975-07-10     45.81                2.34     22.27
1975-07-11      0.99                2.32      21.7
1975-07-12       0.0                5.06     23.17
1975-07-13       0.0                4.83     23.93
1975-07-14      9.91                3.29      24.8
1975-07-15     87.03                 2.7      24.1
1975-07-16     19.01                4.13     24.57
1975-07-17       0.0                3.64     25.07
1975-07-18       0.0                3.43      25.3
1975-07-19       0.0                4.87     26.67
1975-07-20       0.0                5.11     27.53
1975-07-21      4.74                2.97      26.3
1975-07-22      0.68                3.59     26.87
1975-07-23      1.83                4.93      27.3
1975-07-24     44.35                2.39     24.23
1975-07-25     68.49                2.22     22.03
1975-07-26     23.66                2.59      22.0
1975-07-27     61.46                2.46     22.13
1975-07-28     68.51                2.14      21.3
1975-07-29      0.29                3.42      25.2
1975-07-30      0.36                4.83      27.1
1975-07-31      2.74                2.55      25.2
1975-08-01     16.21                3.44      26.9
1975-08-02      4.35                2.99     25.67
1975-08-03       0.0                4.12     26.73
1975-08-04      1.11                4.92     26.23
1975-08-05      1.79                2.56     25.73
1975-08-06      4.23                2.58      25.0
1975-08-07      5.86                4.68     25.77
1975-08-08       0.0                5.47     22.87
1975-08-09       0.0                4.38     21.37
1975-08-10       0.0                 5.1     21.37
1975-08-11       0.0                 5.0      21.8
1975-08-12       0.0                4.33      24.2
1975-08-13      1.73                4.64      25.2
1975-08-14     19.67                2.93      26.2
1975-08-15     23.45                3.01     25.67
1975-08-16      0.72                4.22     26.37
1975-08-17      0.73                4.79     25.03
1975-08-18      9.15                4.27     24.53
1975-08-19      0.09                5.19     26.07
1975-08-20      0.46                2.61     25.27
1975-08-21      0.65                2.34     27.03
1975-08-22       0.0                4.43     27.37
1975-08-23       0.0                5.07      20.9
1975-08-24       0.0                5.06     20.17
1975-08-25       0.0                4.46     21.73
1975-08-26       0.0                3.72     23.33
1975-08-27      0.14                3.51     22.73
1975-08-28      1.49                4.24     24.23
1975-08-29      5.76                2.44     24.17
1975-08-30      1.69                 2.1     24.87
1975-08-31      4.28                2.42      26.3
1975-09-01       5.8                2.23     24.87
1975-09-02     17.03                2.18     23.47
1975-09-03     18.42                2.12     24.07
1975-09-04     26.67                1.94      21.3
1975-09-05      4.03                 4.0     22.53
1975-09-06      0.97                4.23      23.5
1975-09-07     10.04                2.42      22.1
1975-09-08       0.0                4.57     20.33
1975-09-09       0.0                3.55     19.53
1975-09-10      0.23                2.32     20.23
1975-09-11      1.79                2.11     22.97
1975-09-12       0.0                3.41      21.5
1975-09-13      2.98                2.93     19.83
1975-09-14     26.14                 1.7      18.1
1975-09-15     41.24                1.61      16.9
1975-09-16     11.29                2.11      18.4
1975-09-17      0.97                2.19      18.8
1975-09-18       0.0                2.62     20.63
1975-09-19      1.99                 3.0      21.8
1975-09-20     14.95                2.07      21.3
1975-09-21       0.0                2.91      20.0
1975-09-22       0.0                2.88      19.2
1975-09-23       0.0                2.96      17.9
1975-09-24       0.0                2.78     18.07
1975-09-25       0.0                1.41     16.57
1975-09-26       0.0                1.64     16.93
1975-09-27       0.0                3.37      17.4
1975-09-28      0.06                1.83      16.3
1975-09-29       0.0                3.45     16.17
1975-09-30      0.08                3.43     16.47
1975-10-01      0.58                2.33     18.37
1975-10-02      3.86                1.39      18.1
1975-10-03      6.05                1.38     17.53
1975-10-04      5.43                1.18      15.9
1975-10-05       0.0                2.27      16.4
1975-10-06      0.11                1.96     15.97
1975-10-07      0.88                1.69     15.93
1975-10-08       0.0                 2.6     13.34
1975-10-09      0.39                2.38     12.57
1975-10-10      0.33                1.49     11.63
1975-10-11      7.76                0.98      12.2
1975-10-12      0.16                2.03      12.0
1975-10-13       0.0                2.07      13.1
1975-10-14       0.7                2.37      8.43
1975-10-15       0.0                2.09       9.2
1975-10-16       0.0                 1.9     11.37
1975-10-17       0.0                2.22      12.7
1975-10-18       0.0                 1.9     12.23
1975-10-19       0.0                 2.0     11.83
1975-10-20       0.0                1.82     12.23
1975-10-21       0.6                2.26      9.77
1975-10-22       0.0                1.82      12.2
1975-10-23       0.0                 1.9      13.0
1975-10-24      0.48                1.91     11.93
1975-10-25      0.55                2.44     11.17
1975-10-26       0.0                1.55     11.27
1975-10-27      0.21                0.97     10.33
1975-10-28      0.25                1.16     13.27
1975-10-29      4.96                1.67     10.93
1975-10-30      3.57                1.92      6.27
1975-10-31       0.0                1.39      8.17
1975-11-01       0.0                 1.2       9.4
1975-11-02      0.01                1.45      9.53
1975-11-03      0.13                1.72      9.13
1975-11-04      0.15                1.66       9.9
1975-11-05      0.56                1.89      10.6
1975-11-06      7.13                1.61      11.6
1975-11-07      0.97                 1.7     10.23
1975-11-08       0.0                0.87      9.73
1975-11-09      2.09                1.73       6.7
1975-11-10      0.01                1.54      6.37
1975-11-11      0.16                0.92      7.07
1975-11-12       1.2                0.99      8.93
1975-11-13       1.1                0.72     10.63
1975-11-14     13.78                1.41      9.67
1975-11-15      8.87                1.82      9.33
1975-11-16      0.82                0.99      8.77
1975-11-17       0.0                0.69      9.63
1975-11-18       0.0                0.71      8.33
1975-11-19      0.03                0.88      7.77
1975-11-20      0.76                0.71      4.97
1975-11-21      1.95                0.53      4.47
1975-11-22       0.0                1.68      2.47
1975-11-23       0.0                0.94     -3.17
1975-11-24       0.0                0.69     -2.27
1975-11-25      0.76                0.76      3.13
1975-11-26      2.15                0.81      4.47
1975-11-27      0.03                0.76      4.34
1975-11-28      0.16                0.94      6.87
1975-11-29       0.0                1.23      3.07
1975-11-30       0.0                0.65      -1.2
1975-12-01      0.03                0.67       0.8
1975-12-02       0.0                0.63      3.57
1975-12-03      0.96                0.69      7.67
1975-12-04     10.56                0.64       5.6
1975-12-05       0.0                0.93       5.2
1975-12-06       0.0                0.81      3.97
1975-12-07       0.0                0.79       0.7
1975-12-08       0.0                0.73      1.37
1975-12-09      0.75                0.86       1.0
1975-12-10       0.0                1.03     -0.83
1975-12-11       0.0                0.81      -6.2
1975-12-12      0.29                0.56     -7.03
1975-12-13       0.0                0.65      -6.9
1975-12-14       0.0                 0.6      -6.8
1975-12-15       0.0                 0.5     -5.63
1975-12-16       0.0                0.59      -6.4
1975-12-17       0.0                 0.5      -7.3
1975-12-18       0.0                0.58     -6.17
1975-12-19       0.0                0.44      -4.2
1975-12-20       0.0                0.38     -2.76
1975-12-21      0.46                0.86     -1.77
1975-12-22       0.0                1.08     -6.83
1975-12-23      0.04                0.41     -8.86
1975-12-24       0.0                0.59     -7.13
1975-12-25       0.0                0.69     -3.16
1975-12-26       0.0                0.46     -5.56
1975-12-27      1.68                0.52     -6.67
1975-12-28       0.0                0.47     -4.56
1975-12-29       0.0                0.56      -4.2
1975-12-30       0.0                0.55     -2.06
1975-12-31       0.0                0.49      -1.6
1976-01-01       0.0                0.55       0.2
1976-01-02      0.02                0.62       2.6
1976-01-03      0.11                 0.4       1.3
1976-01-04      1.25                0.66      2.17
1976-01-05      0.12                1.23     -3.23
1976-01-06      0.45                0.78     -6.93
1976-01-07      2.11                0.48     -1.53
1976-01-08      1.98                 1.3     -2.27
1976-01-09       0.0                1.07     -7.67
1976-01-10      0.02                0.96    -10.07
1976-01-11      0.39                0.65      -8.3
1976-01-12      0.45                0.57     -8.43
1976-01-13      0.38                0.36      -4.2
1976-01-14       0.0                0.71     -6.53
1976-01-15      0.09                0.57      -8.3
1976-01-16      0.08                0.32     -6.33
1976-01-17      0.12                0.98     -2.46
1976-01-18       0.0                 1.0     -7.43
1976-01-19       0.0                0.98    -10.17
1976-01-20      0.02                0.53    -12.33
1976-01-21       0.0                0.61    -12.26
1976-01-22      0.44                0.95    -10.06
1976-01-23       0.0                0.64    -11.93
1976-01-24      0.23                0.64     -8.13
1976-01-25       0.0                0.86      -1.9
1976-01-26       0.0                0.94      -5.3
1976-01-27       0.0                0.66     -7.16
1976-01-28      0.03                0.88      -3.9
1976-01-29      0.16                1.22     -1.76
1976-01-30       0.0                0.92      -6.1
1976-01-31       0.0                0.99      0.94
1976-02-01       0.0                1.15      2.14
