1969-11-01      0.12                1.87     11.64
1969-11-02       0.0                1.64      8.07
1969-11-03       0.0                1.43      6.37
1969-11-04       0.0                1.44      4.74
1969-11-05       0.0                1.04       4.7
1969-11-06       0.0                0.79      8.84
1969-11-07       0.0                1.04     11.67
1969-11-08      0.37                 1.0      11.6
1969-11-09      0.77                1.86     13.74
1969-11-10       0.4                1.61       5.3
1969-11-11      0.51                1.05      6.54
1969-11-12      2.55                0.77     12.67
1969-11-13      0.18                0.89     13.13
1969-11-14      1.83                 0.6     11.44
1969-11-15      3.54                0.68     10.67
1969-11-16      0.01                1.05      7.83
1969-11-17       0.0                1.51      2.27
1969-11-18      0.01                0.98      0.73
1969-11-19      1.12                0.68       5.4
1969-11-20      0.27                1.33       5.9
1969-11-21       0.0                0.55       2.7
1969-11-22       0.0                0.92      5.17
1969-11-23      0.11                0.81      3.07
1969-11-24      0.04                1.15      -0.4
1969-11-25       0.0                0.78      -0.7
1969-11-26      0.13                0.62       4.6
1969-11-27      0.58                0.54      5.73
1969-11-28      0.04                0.49      3.23
1969-11-29      0.15                0.39      2.67
1969-11-30      0.79                0.44      4.87
1969-12-01      0.06                0.42      4.07
1969-12-02      1.95                0.85     -0.03
1969-12-03      0.46                1.05     -3.46
1969-12-04       0.0                0.84      0.94
1969-12-05      0.07                0.41      3.34
1969-12-06      0.83                0.53      8.14
1969-12-07      2.08                0.63      4.77
1969-12-08      0.33                1.25     -2.73
1969-12-09      0.05                0.66     -3.57
1969-12-10      0.72                0.51      0.07
1969-12-11      1.42                0.37      3.07
1969-12-12      1.57                 1.1     -1.06
1969-12-13       0.0                0.68     -7.26
1969-12-14      0.13                 0.5      -4.6
1969-12-15       0.0                0.88      -2.5
1969-12-16      0.01                 0.6     -3.23
1969-12-17      0.01                0.44      -1.2
1969-12-18      0.04                0.45     -1.76
1969-12-19       0.0                0.31     -2.23
1969-12-20       0.0                0.37       0.6
1969-12-21      0.42                0.38      4.74
1969-12-22      0.07                1.21      3.27
1969-12-23       0.0                0.27      -1.6
1969-12-24      0.51                0.31      -0.3
1969-12-25       0.0                0.33       2.0
1969-12-26       0.0                1.11     -3.66
1969-12-27      0.03                0.59     -8.56
1969-12-28      0.04                0.54     -4.96
1969-12-29      0.15                0.66     -0.66
1969-12-30      0.66                0.28     -4.69
1969-12-31      0.49                0.25     -2.86
1970-01-01       0.0                0.32     -0.36
1970-01-02       0.0                0.31      -0.1
1970-01-03      1.16                0.58     -2.23
1970-01-04       0.0                 0.6     -9.43
1970-01-05      0.01                0.29    -11.43
1970-01-06      0.86                0.71     -1.63
1970-01-07      0.03                 0.4     -4.23
1970-01-08      0.08                0.63      -2.8
1970-01-09      0.06                0.31      -6.3
1970-01-10      3.01                0.26     -3.89
1970-01-11      0.69                0.24     -2.26
1970-01-12      0.55                1.03      1.43
1970-01-13       0.0                0.88     -6.33
1970-01-14       0.0                0.28      -8.9
1970-01-15       0.0                0.31      -9.6
1970-01-16       0.0                 0.5     -9.13
1970-01-17       0.0                 0.3     -8.63
1970-01-18       0.0                 0.3     -6.49
1970-01-19       0.0                0.31     -4.86
1970-01-20       0.0                0.34     -4.73
1970-01-21       0.0                0.37     -2.29
1970-01-22       0.0                0.41      0.44
1970-01-23       0.0                0.68     -1.23
1970-01-24       0.0                0.39     -5.06
1970-01-25       0.0                0.42     -2.83
1970-01-26       0.0                0.45     -0.19
1970-01-27       0.0                0.52     -0.43
1970-01-28       0.0                0.52       2.0
1970-01-29      0.37                0.54      0.94
1970-01-30       2.3                1.16      0.83
1970-01-31      0.21                1.18     -1.03
1970-02-01       0.0                0.94       0.5
1970-02-02       0.0                0.79      0.14
1970-02-03       0.0                0.93      -0.7
1970-02-04       0.0                0.71      -4.7
1970-02-05       0.0                0.62     -4.73
1970-02-06       0.0                0.54     -2.76
1970-02-07       0.0                0.47      1.54
1970-02-08       1.1                0.98      0.44
1970-02-09      0.06                1.21      -6.4
1970-02-10       0.0                0.84     -5.06
1970-02-11      0.26                1.08      1.27
1970-02-12      0.58                1.18      5.07
1970-02-13      1.22                0.94       5.1
1970-02-14      0.38                0.81      3.17
1970-02-15       0.0                1.42      0.33
1970-02-16       0.0                 1.3      3.07
1970-02-17       0.0                1.29       6.4
1970-02-18      0.13                1.44     10.37
1970-02-19      0.67                1.47      5.43
1970-02-20       8.5                0.88      2.63
1970-02-21      0.16                0.88      -0.4
1970-02-22       0.0                1.33     -0.37
1970-02-23      0.36                1.61      0.53
1970-02-24     12.03                 0.7      0.63
1970-02-25     10.34                1.13      1.53
1970-02-26      1.28                0.96       2.9
1970-02-27      0.05                1.29     -0.27
1970-02-28       0.0                1.42     -1.27
1970-03-01       0.9                1.12     -2.97
1970-03-02      0.01                0.77     -1.37
1970-03-03       0.0                1.55     -0.63
1970-03-04       0.0                1.66      -0.6
1970-03-05      0.01                2.08     -1.77
1970-03-06       0.0                1.91      -1.2
1970-03-07      0.21                1.44      -0.1
1970-03-08      1.05                1.35      -0.5
1970-03-09      1.26                1.25      0.73
1970-03-10      0.23                1.52      0.53
1970-03-11       0.0                1.47      -0.9
1970-03-12       0.0                1.41      -2.4
1970-03-13       0.0                1.37     -1.93
1970-03-14      0.12                1.38     -1.23
1970-03-15      1.15                 0.9      1.53
1970-03-16      3.14                 1.5      1.57
1970-03-17      0.32                2.15     -0.67
1970-03-18      3.57                1.27     -1.93
1970-03-19       0.0                1.27     -2.43
1970-03-20       0.0                 1.5     -1.93
1970-03-21       0.0                1.69      0.93
1970-03-22       0.0                1.84      0.13
1970-03-23      0.11                1.55      0.24
1970-03-24      0.15                1.67       3.4
1970-03-25      0.19                1.92      2.33
1970-03-26      0.46                2.12      5.13
1970-03-27       0.0                2.03      8.84
1970-03-28      0.22                2.53      10.3
1970-03-29       0.0                2.77      13.6
1970-03-30       0.0                2.36       7.6
1970-03-31       0.0                2.89      8.34
1970-04-01       0.0                2.46       6.2
1970-04-02       0.0                1.79      7.13
1970-04-03       0.0                 3.0      7.77
1970-04-04       0.0                2.44       7.0
1970-04-05      0.22                2.94      8.13
1970-04-06       0.4                 2.8     10.67
1970-04-07      0.14                3.33       9.9
1970-04-08       0.0                 3.1      9.84
1970-04-09       0.0                3.41     10.63
1970-04-10       0.0                 3.9       9.0
1970-04-11       0.0                3.03       7.8
1970-04-12       0.0                3.64      8.23
1970-04-13       0.0                2.97       5.9
1970-04-14       0.0                3.27       8.2
1970-04-15       0.0                3.43     12.54
1970-04-16       0.0                1.83     14.44
1970-04-17       0.0                3.73     14.93
1970-04-18       0.0                4.11      10.4
1970-04-19      0.31                2.95       9.5
1970-04-20      0.03                2.49      14.5
1970-04-21       0.0                4.27     11.36
1970-04-22       0.0                4.37      11.0
1970-04-23      0.01                4.65     11.33
1970-04-24      0.05                3.58     10.06
1970-04-25       0.0                2.39     12.56
1970-04-26       0.0                4.62     12.86
1970-04-27       0.0                3.55      12.4
1970-04-28      0.01                3.99     13.63
1970-04-29       0.0                4.27     13.66
1970-04-30       0.0                4.25      14.4
1970-05-01      4.89                3.14      16.6
1970-05-02      3.42                1.87     14.47
1970-05-03      0.07                3.05     13.16
1970-05-04       0.0                5.16     15.19
1970-05-05       0.0                4.92     15.63
1970-05-06       0.0                4.24     13.63
1970-05-07       0.0                4.87     12.73
1970-05-08       0.0                5.11     15.23
1970-05-09      0.19                4.08     15.26
1970-05-10     10.59                2.21      13.2
1970-05-11      0.33                3.06     13.67
1970-05-12      0.01                4.52      17.7
1970-05-13       0.0                4.66     19.34
1970-05-14       0.0                4.59     19.77
1970-05-15       0.0                4.69     18.73
1970-05-16       0.0                5.16     19.73
1970-05-17       0.0                5.19      22.4
1970-05-18      0.39                 4.8      22.4
1970-05-19      4.58                3.58     19.37
1970-05-20      1.92                3.56     19.13
1970-05-21       0.0                4.67     18.87
1970-05-22       0.0                4.47     18.87
1970-05-23       0.0                4.82     19.67
1970-05-24      2.24                4.79      18.2
1970-05-25     12.93                1.94      15.9
1970-05-26      9.33                2.46     17.73
1970-05-27      0.15                4.82     21.14
1970-05-28       0.0                4.43     19.97
1970-05-29       0.0                5.31     19.36
1970-05-30      0.21                4.07     18.33
1970-05-31      4.22                2.21      16.1
1970-06-01      0.06                6.08     18.13
