1979-10-01      0.33                2.59      15.2
1979-10-02      1.06                 2.5      15.9
1979-10-03      2.72                2.57     17.07
1979-10-04      0.11                2.91     16.23
1979-10-05       0.0                2.51      10.1
1979-10-06       0.0                 1.9     11.47
1979-10-07       0.0                 2.1     13.47
1979-10-08       0.0                2.15     14.54
1979-10-09       0.0                1.91      15.2
1979-10-10       0.0                2.05      15.9
1979-10-11      7.28                1.51     11.43
1979-10-12       0.0                2.32      11.9
1979-10-13       0.0                1.75     12.73
1979-10-14       0.0                1.92     14.03
1979-10-15       0.0                1.82      15.0
1979-10-16       0.0                2.18     15.37
1979-10-17       0.0                2.04      15.7
1979-10-18      0.61                2.23     14.83
1979-10-19      0.79                2.66      14.1
1979-10-20      6.13                2.48     13.37
1979-10-21       0.0                2.18       6.4
1979-10-22       0.0                1.58      6.57
1979-10-23       0.0                1.41      10.3
1979-10-24       0.0                 1.1     13.27
1979-10-25      1.92                2.02     14.53
1979-10-26       0.0                1.88     12.24
1979-10-27       0.0                 1.9     14.04
1979-10-28       0.0                1.43     12.17
1979-10-29       0.0                1.31     12.23
1979-10-30      1.57                1.67     12.43
1979-10-31       0.0                 1.0      8.83
1979-11-01       0.0                1.93     12.97
1979-11-02      0.06                1.36     15.87
1979-11-03       0.0                1.26      16.7
1979-11-04      5.03                1.21     14.83
1979-11-05       0.3                1.61     11.84
1979-11-06       0.0                1.64      8.07
1979-11-07       0.0                1.13      8.63
1979-11-08       0.0                1.21     10.63
1979-11-09       0.0                1.33     12.14
1979-11-10       0.0                1.01     12.97
1979-11-11       0.0                2.15       7.6
1979-11-12       0.0                1.44      -0.6
1979-11-13       0.0                1.42      -6.0
1979-11-14       0.0                0.81      -6.1
1979-11-15       0.0                0.72      0.24
1979-11-16      0.03                0.61      3.77
1979-11-17       0.0                0.59       2.9
1979-11-18       0.0                 1.5      -0.6
1979-11-19       0.0                0.78      -2.6
1979-11-20       0.0                0.68      1.47
1979-11-21      0.93                0.46      0.04
1979-11-22       1.0                 1.0       2.2
1979-11-23       0.0                0.96     -3.17
1979-11-24       0.0                0.57     -1.96
1979-11-25       0.0                0.54      0.34
1979-11-26       0.0                0.49       0.9
1979-11-27       0.0                0.56       2.3
1979-11-28      0.99                 0.4      2.34
1979-11-29       0.0                1.07     -1.96
1979-11-30       0.0                 0.5      -3.5
1979-12-01       0.0                0.64     -0.43
1979-12-02       0.0                0.56      0.04
1979-12-03       0.0                0.41      0.64
1979-12-04      1.64                0.46       3.7
1979-12-05      1.71                0.48       6.4
1979-12-06       0.0                0.52      4.57
1979-12-07       0.0                0.53      5.37
1979-12-08       0.0                0.59      3.67
1979-12-09       0.0                0.85      1.73
1979-12-10       0.0                 0.6     -2.13
1979-12-11      0.29                 0.5     -1.66
1979-12-12       0.0                0.45     -1.56
1979-12-13       0.0                0.41     -1.93
1979-12-14       0.0                0.74      0.57
1979-12-15       0.0                0.68      -0.3
1979-12-16       0.0                0.45      -0.4
1979-12-17       0.0                0.39       0.1
1979-12-18       0.0                 0.4       1.3
1979-12-19     12.22                0.68       4.9
1979-12-20       0.0                1.38      4.97
1979-12-21      2.88                0.43       0.2
1979-12-22       0.0                0.66      -1.3
1979-12-23       0.0                0.97     -4.83
1979-12-24       0.0                0.66     -7.83
1979-12-25       0.0                0.72     -8.13
1979-12-26      4.23                0.29     -7.63
1979-12-27       0.0                0.36     -8.46
1979-12-28       0.0                0.26     -5.43
1979-12-29      0.07                0.32      -2.7
1979-12-30      0.56                 0.4       2.4
1979-12-31      0.09                0.62      1.57
1980-01-01      0.22                0.57      0.77
1980-01-02      5.64                0.39      2.57
1980-01-03      0.28                0.46      3.27
1980-01-04       0.5                0.54     -1.13
1980-01-05       0.0                 0.8     -6.03
1980-01-06      2.51                0.74     -4.87
1980-01-07       0.0                0.79     -11.0
1980-01-08      0.04                0.44     -6.56
1980-01-09      1.31                0.39     -2.23
1980-01-10       0.0                1.04     -5.76
1980-01-11       0.0                0.43    -10.56
1980-01-12      0.13                0.36     -6.73
1980-01-13      0.04                0.51      -4.3
1980-01-14       0.0                0.86     -7.56
1980-01-15       0.2                0.85     -7.53
1980-01-16      0.12                0.64     -7.96
1980-01-17       0.0                 0.8    -12.97
1980-01-18       0.0                0.38    -11.43
1980-01-19      0.17                0.62     -5.33
1980-01-20      0.06                0.77     -6.33
1980-01-21       0.0                0.69      -8.6
1980-01-22       0.0                0.62     -10.1
1980-01-23      0.02                0.42     -3.86
1980-01-24       0.0                0.68     -5.27
1980-01-25       0.0                0.64     -5.06
1980-01-26       0.0                 0.7     -1.66
1980-01-27       0.0                0.57      2.73
1980-01-28      0.97                0.93       1.8
1980-01-29      4.22                0.83       0.5
1980-01-30      1.12                1.36     -7.63
1980-01-31       0.0                0.89     -13.3
1980-02-01       0.0                0.81    -11.43
1980-02-02      0.07                0.83     -8.53
1980-02-03      0.04                1.22     -6.77
1980-02-04       0.0                0.75    -11.06
1980-02-05       0.0                 0.9    -12.63
1980-02-06       0.0                 0.7    -12.13
1980-02-07       0.0                0.63    -12.96
1980-02-08       0.0                0.67    -12.73
1980-02-09       0.0                0.81    -10.93
1980-02-10       0.0                0.72     -7.83
1980-02-11      0.14                1.18     -1.96
1980-02-12       0.0                1.17     -6.16
1980-02-13       0.0                1.16      -6.6
1980-02-14       0.0                1.04      -8.8
1980-02-15       0.0                1.21     -6.87
1980-02-16       0.0                1.21      -6.5
1980-02-17       0.0                1.02     -4.57
1980-02-18       0.1                0.68      -3.9
1980-02-19       0.0                1.14     -0.46
1980-02-20       0.0                1.32      -1.0
1980-02-21      0.22                1.23      -2.3
1980-02-22       0.0                1.41      -2.3
1980-02-23       0.0                1.54       2.4
1980-02-24      0.05                0.79     -0.13
1980-02-25       0.0                1.16      2.77
1980-02-26      0.04                1.61      4.57
1980-02-27      0.34                1.68      0.87
1980-02-28       0.0                1.72      1.27
1980-02-29      0.02                1.64      3.37
1980-03-01       0.0                2.06       2.9
1980-03-02       0.0                1.67      0.77
1980-03-03       0.0                1.92       2.6
1980-03-04      0.06                1.75       1.8
1980-03-05       0.0                2.04       2.6
1980-03-06       0.0                 1.7      3.17
1980-03-07      0.49                1.28       4.8
1980-03-08       0.0                1.98      5.03
1980-03-09      9.79                1.55      3.83
1980-03-10       1.2                1.96       3.2
1980-03-11       0.1                1.75      0.73
1980-03-12       0.0                1.75     -0.03
1980-03-13       0.0                2.11      2.33
1980-03-14       0.0                2.37       3.7
1980-03-15       0.0                2.21      1.24
1980-03-16       0.0                2.03      2.74
1980-03-17      0.13                1.42       4.8
1980-03-18      0.89                2.31       1.6
1980-03-19       0.0                2.28      4.43
1980-03-20       0.0                1.86       5.9
1980-03-21       0.0                2.36       3.0
1980-03-22      3.25                 1.3      1.67
1980-03-23      2.69                1.31      1.13
1980-03-24       0.0                2.27       0.5
1980-03-25       0.0                2.26      2.54
1980-03-26      0.02                2.86      5.13
1980-03-27       0.0                2.62       5.0
1980-03-28       0.0                2.65      7.53
1980-03-29       0.0                 2.2      9.07
1980-03-30       0.0                2.56      9.07
1980-03-31       4.1                1.24      5.17
1980-04-01       0.0                2.88       5.2
1980-04-02       0.0                 2.9      4.23
1980-04-03       0.0                3.19      8.73
1980-04-04      1.48                 2.6     14.23
1980-04-05     60.51                1.61     12.73
1980-04-06     19.27                2.18      5.07
1980-04-07       0.0                2.08      6.43
1980-04-08       0.0                2.01      9.73
1980-04-09       0.0                3.37      6.93
1980-04-10       0.0                3.59      7.73
1980-04-11      1.91                3.01     10.17
1980-04-12     16.66                 1.7      7.77
1980-04-13      9.54                1.42      4.43
1980-04-14      2.91                1.75      2.43
1980-04-15       1.0                2.81       3.2
1980-04-16      4.37                1.85      4.27
1980-04-17      0.16                 2.3      6.13
1980-04-18      1.37                2.39      9.17
1980-04-19     39.65                2.54      11.8
1980-04-20       0.0                3.47      8.54
1980-04-21       0.0                3.73       8.9
1980-04-22       0.0                3.33       7.5
1980-04-23       0.0                3.72      6.93
1980-04-24       0.0                3.78      6.73
1980-04-25       0.0                3.94      8.57
1980-04-26      0.48                2.96     10.67
1980-04-27      15.2                1.47      8.73
1980-04-28       0.0                1.97       9.4
1980-04-29       0.0                 2.6      10.4
1980-04-30      0.08                4.09     12.03
1980-05-01       0.0                4.35      12.1
