1993-06-01      7.19                3.69     19.93
1993-06-02     45.08                2.17     16.47
1993-06-03       8.2                2.15      13.4
1993-06-04      1.64                3.43     16.27
1993-06-05      0.17                4.69      17.9
1993-06-06       0.0                4.79      18.6
1993-06-07       0.0                4.62      19.0
1993-06-08      5.55                4.34      19.8
1993-06-09      0.36                2.38      17.6
1993-06-10       0.4                4.26     20.43
1993-06-11      0.35                4.68     21.63
1993-06-12     12.32                 2.3      20.3
1993-06-13     28.28                4.03      23.0
1993-06-14      0.75                2.34      22.2
1993-06-15      3.06                3.65     22.77
1993-06-16      0.05                4.91     23.37
1993-06-17      2.36                4.98      22.6
1993-06-18      8.93                3.89      21.2
1993-06-19      16.0                3.86     20.83
1993-06-20      0.05                3.86     19.83
1993-06-21       0.0                3.53     21.83
1993-06-22      3.35                3.45     22.07
1993-06-23       1.1                5.23      22.0
1993-06-24       0.0                2.89     19.83
1993-06-25      0.01                2.58      21.8
1993-06-26       0.0                5.16     22.53
1993-06-27      0.94                3.01     22.27
1993-06-28      2.89                2.25      19.8
1993-06-29     11.89                2.13     17.37
1993-06-30      4.56                2.01     15.17
1993-07-01      3.91                4.36     20.67
1993-07-02      0.09                5.48     19.77
1993-07-03      0.03                5.11     19.23
1993-07-04       0.0                4.59     21.73
1993-07-05       0.0                5.46     22.43
1993-07-06       0.0                3.87      22.2
1993-07-07      1.77                3.86     22.93
1993-07-08     19.18                2.12     18.63
1993-07-09      0.38                3.05     21.97
1993-07-10     16.33                3.17     23.37
1993-07-11     15.87                2.52     22.13
1993-07-12     11.12                2.15     20.77
1993-07-13     42.18                 2.2     21.27
1993-07-14      0.61                4.07     21.23
1993-07-15       0.0                4.56      22.5
1993-07-16     11.97                2.29      20.8
1993-07-17     56.81                2.07      17.8
1993-07-18      3.72                3.87     18.67
1993-07-19      0.09                3.77     19.03
1993-07-20      0.06                4.73     17.63
1993-07-21      0.04                4.62     17.67
1993-07-22       0.0                4.98     19.03
1993-07-23      1.22                4.04      20.7
1993-07-24      7.21                2.24     18.67
1993-07-25      2.33                2.61      18.9
1993-07-26      3.62                2.47     19.53
1993-07-27      7.85                3.36     20.33
1993-07-28     10.36                3.92     22.73
1993-07-29     55.33                2.19      19.9
1993-07-30      3.36                3.12     21.87
1993-07-31       0.0                3.54      24.1
1993-08-01     11.22                2.78     24.37
1993-08-02     13.23                2.43     20.27
1993-08-03      2.39                3.82      20.4
1993-08-04       0.0                4.91     19.13
1993-08-05       0.0                 2.4     18.77
1993-08-06      0.02                4.74     18.57
1993-08-07      0.22                2.92     19.17
1993-08-08       7.6                2.11      19.8
1993-08-09     27.05                 3.2      23.0
1993-08-10     71.91                2.34     19.27
1993-08-11       0.3                4.47     21.87
1993-08-12     14.14                 4.7     24.17
1993-08-13     41.36                1.98      20.9
1993-08-14       0.1                3.67     23.23
1993-08-15      0.42                 2.0     20.63
1993-08-16      0.08                1.86     19.53
1993-08-17       0.0                3.49      22.3
1993-08-18       0.0                3.24     20.73
1993-08-19      0.66                3.48     22.33
1993-08-20      8.49                2.44     20.73
1993-08-21     25.17                1.81      17.6
1993-08-22      0.09                4.39     21.53
1993-08-23       0.0                3.28     22.47
1993-08-24      1.43                1.83      21.5
1993-08-25      5.14                2.56     23.67
1993-08-26      7.91                2.63      20.9
1993-08-27      5.98                3.28     20.73
1993-08-28       0.0                 4.1      20.4
1993-08-29       0.0                3.43     20.07
1993-08-30       0.0                3.62      20.6
1993-08-31       0.0                2.86      20.9
1993-09-01       0.0                3.49      20.9
1993-09-02       0.0                4.14      19.6
1993-09-03       0.0                4.22     19.13
1993-09-04       0.0                4.01     18.23
1993-09-05      0.17                 3.9      18.6
1993-09-06       0.0                3.65      19.3
1993-09-07       0.0                3.34     18.97
1993-09-08      1.17                3.22     18.33
1993-09-09      0.44                2.68     17.43
1993-09-10       0.0                3.48      18.7
1993-09-11      1.08                3.02      20.0
1993-09-12      0.95                1.63     19.83
1993-09-13      1.09                1.99     19.73
1993-09-14       0.0                2.87     20.07
1993-09-15      0.19                2.98      19.8
1993-09-16      4.27                2.54      20.5
1993-09-17     36.69                 1.5     18.07
1993-09-18      0.56                 3.5     18.23
1993-09-19       0.0                2.89      17.0
1993-09-20       0.0                3.01      18.4
1993-09-21       0.0                2.75     18.27
1993-09-22      5.91                2.62     18.27
1993-09-23      0.55                3.07      15.3
1993-09-24       0.0                2.56     15.17
1993-09-25      0.16                2.36     15.03
1993-09-26       0.0                2.24     16.13
1993-09-27      0.01                2.38     15.77
1993-09-28      0.43                2.91     15.77
1993-09-29       0.0                1.65     13.27
1993-09-30       0.0                2.62     13.37
1993-10-01       0.0                2.23      11.5
1993-10-02       0.0                2.06      11.6
1993-10-03       0.0                2.21      13.6
1993-10-04       0.0                2.05     13.27
1993-10-05       0.0                2.46     12.27
1993-10-06       0.0                2.61     11.87
1993-10-07       0.0                 2.4     14.27
1993-10-08       0.0                1.87     14.77
1993-10-09       0.0                2.14     14.03
1993-10-10       0.0                2.42     13.63
1993-10-11       0.0                1.89     13.03
1993-10-12       0.0                2.02      13.7
1993-10-13       0.0                1.61     12.87
1993-10-14       0.0                1.42     12.47
1993-10-15       0.0                1.89     12.23
1993-10-16       0.0                1.87      11.0
1993-10-17       0.0                2.34     12.77
1993-10-18       0.0                1.97       8.9
1993-10-19       0.0                1.57      10.2
1993-10-20       0.0                1.53      9.77
1993-10-21      1.36                1.78      9.83
1993-10-22      3.82                 1.1      5.27
1993-10-23      0.47                1.28      4.63
1993-10-24       0.0                1.36      6.47
1993-10-25       0.0                1.56      7.63
1993-10-26       0.0                1.23      6.24
1993-10-27       0.0                1.24      7.84
1993-10-28      7.66                1.29      8.94
1993-10-29      2.74                 0.7      6.93
1993-10-30      0.03                1.58       6.2
1993-10-31      0.03                1.48      3.33
1993-11-01       0.0                1.48      9.34
1993-11-02       0.0                1.23      9.04
1993-11-03       0.0                1.19      10.9
1993-11-04       0.0                1.15     10.44
1993-11-05      0.56                0.99     11.53
1993-11-06      0.37                0.72      9.33
1993-11-07      0.53                 1.6      8.53
1993-11-08       0.0                1.32      9.73
1993-11-09      0.04                1.99      8.43
1993-11-10      0.12                1.15      8.43
1993-11-11      0.17                1.65      9.77
1993-11-12       3.8                1.26     12.13
1993-11-13     27.14                0.76     11.97
1993-11-14      0.06                 1.1     11.17
1993-11-15       0.0                0.84      10.0
1993-11-16       0.0                0.98     12.04
1993-11-17      0.03                0.71     10.53
1993-11-18      0.47                1.06       7.2
1993-11-19      0.19                 1.1      4.83
1993-11-20      6.34                0.65      6.57
1993-11-21      0.68                1.52       1.2
1993-11-22      0.22                0.84      -4.3
1993-11-23      0.68                0.88     -4.93
1993-11-24       0.0                0.73     -5.53
1993-11-25       0.0                0.63      1.77
1993-11-26      0.89                0.62      4.47
1993-11-27      0.15                1.32      3.47
1993-11-28      0.65                1.15     -0.46
1993-11-29      0.59                0.41      0.37
1993-11-30      6.45                0.43      0.14
1993-12-01      0.12                0.51      3.13
1993-12-02       0.0                0.58      2.13
1993-12-03       0.0                1.72     -0.67
1993-12-04       0.0                0.75      -4.2
1993-12-05       0.0                0.48     -3.67
1993-12-06      0.47                0.56     -3.03
1993-12-07       0.0                 0.4     -2.26
1993-12-08       0.0                0.42      0.54
1993-12-09      0.35                0.38     -0.26
1993-12-10      3.15                0.42       1.1
1993-12-11       0.6                0.75     -0.63
1993-12-12       0.3                0.55     -0.66
1993-12-13       0.0                0.63      0.83
1993-12-14       0.0                0.57      -5.6
1993-12-15       0.0                0.39     -7.13
1993-12-16       0.6                 0.4     -6.76
1993-12-17      0.12                 0.8      -8.2
1993-12-18      0.57                0.38     -4.06
1993-12-19       0.0                0.36     -1.43
1993-12-20      0.12                0.47       2.2
1993-12-21      0.03                1.44     -4.66
1993-12-22      0.35                0.82      -7.3
1993-12-23       0.0                0.52     -5.23
1993-12-24       0.0                 0.4      0.14
1993-12-25      0.35                0.49       1.3
1993-12-26      1.91                0.57      0.67
1993-12-27      0.03                1.05      -0.8
1993-12-28       0.0                0.41     -2.97
1993-12-29      0.56                0.39     -1.83
1993-12-30      6.14                0.33     -2.13
1993-12-31      1.16                 0.5      -0.3
1994-01-01       0.0                0.37     -3.33
