1990-09-01     99.24                1.52     18.93
1990-09-02     35.09                2.93      24.3
1990-09-03      14.6                2.44     19.43
1990-09-04      0.04                3.75      20.4
1990-09-05       0.0                3.11      21.6
1990-09-06       0.6                 1.8      21.5
1990-09-07       0.0                4.11      22.3
1990-09-08      3.55                3.19      24.2
1990-09-09     13.08                 1.9     23.33
1990-09-10    139.17                1.44      17.8
1990-09-11    220.72                1.31     16.07
1990-09-12      11.9                3.07     18.43
1990-09-13       0.0                3.92     18.27
1990-09-14       0.0                2.04     17.37
1990-09-15       0.0                3.27     19.97
1990-09-16       0.0                2.77     18.97
1990-09-17       0.0                2.02     19.13
1990-09-18       0.0                 3.1     14.67
1990-09-19       0.0                3.25     14.67
1990-09-20       0.0                2.79     16.83
1990-09-21       0.0                2.62     18.63
1990-09-22       0.0                2.65      19.2
1990-09-23      8.06                1.78      17.7
1990-09-24       3.0                2.21     17.13
1990-09-25      0.63                3.31     16.73
1990-09-26       0.0                 3.4     16.77
1990-09-27       0.0                2.23     16.37
1990-09-28       0.0                2.44     18.73
1990-09-29       0.0                2.65      18.0
1990-09-30       0.0                2.28     16.67
1990-10-01       0.0                 2.2     15.53
1990-10-02       0.0                2.31      14.4
1990-10-03      0.07                1.88     14.13
1990-10-04      0.52                2.54      17.0
1990-10-05       0.0                2.14      17.0
1990-10-06       0.0                2.17      16.5
1990-10-07      0.15                2.84     15.83
1990-10-08      1.82                2.16     11.93
1990-10-09      2.79                2.04      8.23
1990-10-10      0.59                1.91     10.47
1990-10-11       0.0                1.51      11.3
1990-10-12       0.2                1.82      13.5
1990-10-13      3.18                1.18     12.23
1990-10-14      0.08                2.15     16.23
1990-10-15       0.0                1.42     14.47
1990-10-16      1.39                2.06      15.8
1990-10-17       0.0                1.91       9.6
1990-10-18       0.0                1.68      8.53
1990-10-19       0.0                1.67      11.6
1990-10-20       0.0                1.55     12.67
1990-10-21       0.0                1.97      13.3
1990-10-22       0.0                2.31     13.13
1990-10-23       0.0                1.95     12.53
1990-10-24       0.0                1.47     11.57
1990-10-25      2.19                1.13      10.8
1990-10-26       3.4                1.47       8.4
1990-10-27       0.0                1.34       9.3
1990-10-28       0.0                1.38      9.67
1990-10-29       0.0                1.41     11.53
1990-10-30      0.35                1.34     12.93
1990-10-31       0.0                1.23     11.87
1990-11-01       0.0                1.27     10.84
1990-11-02       0.0                 1.4     11.17
1990-11-03      0.07                1.39     14.07
1990-11-04      0.55                1.62     10.83
1990-11-05       0.0                0.78      8.84
1990-11-06     19.08                 0.6      8.07
1990-11-07      0.25                1.29       8.3
1990-11-08      1.97                0.77      5.93
1990-11-09      3.65                0.62      4.17
1990-11-10      0.13                2.02      -1.9
1990-11-11       0.0                0.57      0.87
1990-11-12      0.04                 1.1      10.7
1990-11-13      0.03                0.97      11.1
1990-11-14      0.26                0.89     11.47
1990-11-15      1.25                 1.2      9.47
1990-11-16       0.0                1.18     10.83
1990-11-17      0.42                0.79     10.44
1990-11-18      1.21                0.78      13.0
1990-11-19     10.38                0.75     11.53
1990-11-20      0.74                1.46       6.6
1990-11-21      1.44                1.25     -1.47
1990-11-22      0.01                0.53       2.8
1990-11-23       0.0                0.64       4.8
1990-11-24      0.01                0.59      4.64
1990-11-25      1.54                0.59       6.3
1990-11-26       0.0                0.61      7.07
1990-11-27      0.51                0.75       7.5
1990-11-28      0.41                0.65      7.44
1990-11-29      0.49                 1.3      8.47
1990-11-30      0.69                1.11      6.73
1990-12-01      0.67                0.82       1.4
1990-12-02      0.02                1.06     -4.77
1990-12-03       0.0                0.62      -4.3
1990-12-04       0.0                 0.4     -0.96
1990-12-05      0.02                0.47       3.8
1990-12-06       0.0                0.72      7.04
1990-12-07       0.0                0.76      9.54
1990-12-08       0.0                0.62       9.1
1990-12-09       0.0                0.53       8.2
1990-12-10      1.63                0.48       6.4
1990-12-11      2.42                0.55      0.37
1990-12-12      0.39                0.46      -1.9
1990-12-13      0.17                0.36     -2.36
1990-12-14      0.06                1.01      0.03
1990-12-15      0.21                0.43     -4.56
1990-12-16       0.0                0.55     -2.03
1990-12-17       0.0                0.42      -4.0
1990-12-18       0.0                0.46     -1.57
1990-12-19       0.0                0.44     -2.93
1990-12-20      0.06                0.43     -1.43
1990-12-21      0.66                0.76      1.73
1990-12-22      0.87                1.36      -0.5
1990-12-23       0.0                1.42     -4.17
1990-12-24      0.36                0.65     -5.63
1990-12-25      2.45                0.37     -1.96
1990-12-26      1.82                0.73    -10.66
1990-12-27       0.0                0.28     -11.9
1990-12-28       0.0                 0.3      -9.6
1990-12-29       0.0                0.38     -8.13
1990-12-30       0.0                0.34      -6.4
1990-12-31      0.02                0.59     -1.53
1991-01-01      0.01                0.56      0.43
1991-01-02      0.03                0.76     -6.33
1991-01-03      0.28                0.47     -8.63
1991-01-04      0.03                1.01     -8.43
1991-01-05       0.0                0.57    -10.13
1991-01-06      0.43                0.32     -9.86
1991-01-07      1.42                0.35     -7.27
1991-01-08      0.21                0.34     -8.13
1991-01-09       0.0                0.34     -8.43
1991-01-10       0.0                0.55     -3.83
1991-01-11       0.0                0.45     -4.97
1991-01-12       0.0                0.65     -5.57
1991-01-13       0.0                0.64      -7.8
1991-01-14       0.0                0.37     -10.1
1991-01-15      0.03                0.39     -7.06
1991-01-16      1.48                0.42     -3.76
1991-01-17      0.44                0.64      -3.8
1991-01-18       0.0                0.41      -6.3
1991-01-19       0.0                0.43     -4.67
1991-01-20       0.0                0.44      -2.3
1991-01-21      0.03                0.97       0.6
1991-01-22      0.25                0.65      0.37
1991-01-23      0.11                0.72      -0.7
1991-01-24      0.98                0.57     -1.13
1991-01-25      0.36                0.83     -3.03
1991-01-26       0.0                0.72      -5.6
1991-01-27      0.07                0.63     -5.53
1991-01-28       0.0                0.65     -3.93
1991-01-29       0.0                0.69     -3.76
1991-01-30       0.0                0.71      -2.5
1991-01-31       0.0                0.78      -3.4
1991-02-01       0.0                0.83      -4.0
1991-02-02       0.0                0.82     -4.57
1991-02-03      0.21                0.93     -3.97
1991-02-04      0.54                1.05     -4.13
1991-02-05       0.1                0.96     -6.63
1991-02-06      0.03                0.69     -3.83
1991-02-07      1.65                0.51     -0.53
1991-02-08      0.61                0.69     -2.77
1991-02-09      0.89                0.71      -1.5
1991-02-10      2.26                0.76      2.47
1991-02-11      0.03                0.91       0.6
1991-02-12       0.0                1.15      -0.3
1991-02-13       0.0                 1.2       0.5
1991-02-14      1.93                1.68      0.37
1991-02-15      3.57                1.05      0.33
1991-02-16      1.43                1.36      -1.8
1991-02-17      0.01                1.16     -2.93
1991-02-18       0.0                1.36     -1.23
1991-02-19       0.0                1.65     -3.93
1991-02-20      0.29                0.83      -7.1
1991-02-21      0.06                 1.6     -8.63
1991-02-22      0.01                1.23    -11.23
1991-02-23       0.0                1.18     -12.1
1991-02-24       0.0                0.92    -10.03
1991-02-25       0.0                1.34      -6.2
1991-02-26       0.0                1.23      -1.5
1991-02-27      1.03                0.74       2.7
1991-02-28       0.1                1.71       2.3
1991-03-01       0.0                1.48      -1.0
1991-03-02       0.0                1.62     -0.37
1991-03-03      0.28                1.82      2.47
1991-03-04       0.0                1.43      1.97
1991-03-05       0.0                1.41      4.47
1991-03-06       0.0                 1.6      5.93
1991-03-07      0.85                1.52       2.9
1991-03-08      2.76                0.87      0.03
1991-03-09       1.6                1.05      0.63
1991-03-10      1.69                0.92      2.07
1991-03-11      0.17                 1.0       0.9
1991-03-12       0.0                1.86      3.33
1991-03-13       0.0                1.73      2.43
1991-03-14       0.0                 1.8     -1.47
1991-03-15      0.05                1.49     -0.43
1991-03-16      0.33                1.42      1.54
1991-03-17       0.0                 2.1      1.67
1991-03-18       0.0                 1.7      3.27
1991-03-19      0.01                2.42      8.27
1991-03-20      0.15                1.59      7.23
1991-03-21       0.0                2.24      1.83
1991-03-22       0.0                2.28       3.1
1991-03-23       0.0                2.67      7.67
1991-03-24       0.0                2.64       6.6
1991-03-25       0.0                3.11     10.47
1991-03-26      2.12                2.56      4.73
1991-03-27      1.48                 1.2      1.03
1991-03-28      0.38                2.06       5.1
1991-03-29       0.0                1.79       6.2
1991-03-30       0.0                2.71      4.57
1991-03-31      0.07                2.23      0.83
1991-04-01       0.0                2.22      0.47
