1976-08-01      7.35                3.69      25.3
1976-08-02     44.02                1.99     22.57
1976-08-03     27.34                5.23     23.63
1976-08-04      1.26                4.33      22.5
1976-08-05      28.9                4.93     26.13
1976-08-06      0.06                3.81     23.73
1976-08-07      0.26                4.56     24.53
1976-08-08      0.74                2.74     23.83
1976-08-09      4.16                2.49      23.8
1976-08-10       0.0                4.84     24.27
1976-08-11      2.04                3.41     23.33
1976-08-12      41.1                2.37      21.3
1976-08-13    155.98                1.83     19.13
1976-08-14     45.69                 1.8     19.13
1976-08-15     13.53                2.06      20.5
1976-08-16       0.7                2.65      22.5
1976-08-17       0.2                3.89     23.87
1976-08-18      0.59                 4.0      24.4
1976-08-19     16.85                2.44     24.13
1976-08-20      0.51                2.82      25.9
1976-08-21      2.81                4.72      25.9
1976-08-22     11.25                3.13     24.53
1976-08-23     18.44                2.89     19.03
1976-08-24      4.71                2.37     18.67
1976-08-25      8.72                1.79     16.63
1976-08-26      6.72                3.35     20.07
1976-08-27     38.65                1.85     18.97
1976-08-28      2.67                2.77     18.73
1976-08-29     16.31                1.59     16.27
1976-08-30      2.97                2.07     18.67
1976-08-31       0.0                4.27     20.47
1976-09-01       0.0                2.65     21.27
1976-09-02      0.33                2.74     22.03
1976-09-03      1.74                3.69     20.37
1976-09-04      0.33                4.32     20.17
1976-09-05      0.36                3.49     21.57
1976-09-06      0.55                3.31      21.4
1976-09-07      3.14                2.53     19.97
1976-09-08     12.85                1.94      19.7
1976-09-09       0.0                3.74     19.93
1976-09-10       0.0                4.01     17.47
1976-09-11      0.79                4.61     17.57
1976-09-12      1.29                4.75     18.67
1976-09-13     11.48                 2.3     15.03
1976-09-14      0.17                2.67     16.03
1976-09-15       0.0                2.97      15.6
1976-09-16       0.0                2.69     16.33
1976-09-17       0.0                2.74      16.7
1976-09-18      0.03                2.62     17.93
1976-09-19      5.07                1.32     15.57
1976-09-20      4.42                2.76     17.23
1976-09-21      0.05                2.47      14.9
1976-09-22      0.54                2.23      13.7
1976-09-23       0.0                2.12      14.7
1976-09-24       0.0                2.25      15.8
1976-09-25      0.62                 2.1      16.1
1976-09-26       0.0                2.52     16.23
1976-09-27       0.2                3.17      15.6
1976-09-28       1.3                1.87      14.3
1976-09-29      5.79                2.47     16.47
1976-09-30       0.0                2.08      15.0
1976-10-01       0.0                2.66     16.33
1976-10-02       0.0                2.21     16.37
1976-10-03      0.02                1.36     14.33
1976-10-04      4.23                1.65     10.77
1976-10-05       0.0                1.66      11.8
1976-10-06      0.03                1.76     14.13
1976-10-07       0.0                1.61      15.2
1976-10-08       0.0                1.99     16.73
1976-10-09       0.0                2.71     15.87
1976-10-10      0.37                2.06     13.77
1976-10-11      0.48                2.36     13.37
1976-10-12      4.83                1.19     13.07
1976-10-13      2.77                1.65     14.57
1976-10-14       0.0                1.75     13.87
1976-10-15       0.0                1.78      14.1
1976-10-16       0.0                1.76     13.37
1976-10-17       0.0                1.54      12.8
1976-10-18       0.0                1.57      13.0
1976-10-19      0.09                1.65     13.83
1976-10-20      0.55                1.64     15.03
1976-10-21       0.0                2.66     12.73
1976-10-22       0.0                1.64     12.63
1976-10-23       0.0                 1.0     13.43
1976-10-24       0.0                1.61      11.2
1976-10-25       0.0                1.56       5.8
1976-10-26      1.08                1.51      6.07
1976-10-27      2.16                 1.2      11.3
1976-10-28       7.8                1.91      6.67
1976-10-29      1.41                2.46      2.37
1976-10-30     18.63                0.63      0.27
1976-10-31       0.0                1.13       3.4
1976-11-01       0.0                1.09      5.27
1976-11-02       1.7                1.01       8.2
1976-11-03      2.37                0.92      9.87
1976-11-04      3.92                1.89      8.47
1976-11-05       0.0                1.07      3.57
1976-11-06       0.0                1.11      5.17
1976-11-07       0.0                1.28      7.57
1976-11-08      0.04                1.65      8.67
1976-11-09       0.0                1.28      8.87
1976-11-10       0.1                0.84       9.2
1976-11-11      4.49                1.07      5.17
1976-11-12      1.04                1.03       4.0
1976-11-13      4.58                0.65       5.0
1976-11-14      0.01                1.52      -0.7
1976-11-15       0.0                0.79     -2.37
1976-11-16      0.28                0.63     -0.46
1976-11-17      2.54                0.46      -0.6
1976-11-18       0.0                0.72      1.24
1976-11-19       0.0                 0.5       1.0
1976-11-20      0.02                1.27      1.24
1976-11-21      0.28                0.83     -2.07
1976-11-22      1.27                 0.5      -1.2
1976-11-23      0.33                0.62      -2.3
1976-11-24      1.37                0.34     -2.96
1976-11-25      5.89                0.39       0.4
1976-11-26       0.0                1.11     -0.83
1976-11-27      0.02                0.74      -4.2
1976-11-28       0.0                1.12     -1.07
1976-11-29       0.0                0.78     -4.43
1976-11-30       0.0                 0.6     -1.96
1976-12-01       0.0                0.49      0.94
1976-12-02       0.0                0.46      1.44
1976-12-03      0.04                0.38     -0.63
1976-12-04      0.07                0.39       3.4
1976-12-05      4.07                0.88       4.7
1976-12-06       2.2                0.83      4.83
1976-12-07       8.4                0.84       2.3
1976-12-08      0.17                1.09     -4.47
1976-12-09      0.88                0.76     -6.97
1976-12-10       0.8                0.53      -1.2
1976-12-11       0.0                0.48     -0.26
1976-12-12       0.0                0.34       0.0
1976-12-13      0.22                0.99      1.03
1976-12-14       0.0                0.81     -0.83
1976-12-15      2.73                0.92       3.9
1976-12-16      8.97                0.69       3.3
1976-12-17      0.11                0.85      0.93
1976-12-18      2.01                 1.7       1.0
1976-12-19      0.46                 0.7      -2.6
1976-12-20      0.08                0.48       2.0
1976-12-21       0.0                0.47      1.17
1976-12-22      1.23                0.73       4.3
1976-12-23      3.48                0.85       1.3
1976-12-24      0.03                0.64      2.03
1976-12-25       0.0                 0.7     -1.57
1976-12-26       0.0                0.94    -10.77
1976-12-27       0.0                0.65     -14.3
1976-12-28       0.0                0.47    -12.73
1976-12-29      0.02                0.37    -11.66
1976-12-30      0.03                 0.7      -7.8
1976-12-31       0.0                 0.6    -10.77
1977-01-01       0.0                0.71     -11.1
1977-01-02       0.0                 0.5     -12.6
1977-01-03       0.0                0.49    -12.66
1977-01-04       0.0                0.43    -12.76
1977-01-05      0.03                0.65     -9.56
1977-01-06      0.16                0.45      -8.9
1977-01-07       0.0                0.87     -1.03
1977-01-08       0.0                0.51     -3.86
1977-01-09      0.02                0.54     -4.53
1977-01-10      0.14                0.67     -4.47
1977-01-11       0.0                0.62      -5.3
1977-01-12      0.01                0.77     -6.76
1977-01-13       0.0                0.61     -10.0
1977-01-14      0.01                0.39    -11.13
1977-01-15      0.01                0.38     -8.23
1977-01-16       0.0                0.64     -7.43
1977-01-17       0.0                 0.7     -7.13
1977-01-18       0.0                0.55      -7.8
1977-01-19       0.0                0.69      -7.0
1977-01-20       0.0                0.76     -7.36
1977-01-21       0.0                0.75     -7.03
1977-01-22       0.0                0.55      -8.2
1977-01-23       0.0                0.61     -7.67
1977-01-24      0.07                0.57     -4.93
1977-01-25      0.42                 0.5      1.57
1977-01-26      3.66                0.45      -1.7
1977-01-27       0.0                0.58     -8.67
1977-01-28       0.0                0.64     -12.2
1977-01-29       0.0                0.56    -13.33
1977-01-30       0.0                0.59     -13.1
1977-01-31       0.0                0.66    -13.06
1977-02-01       0.0                0.89     -9.26
1977-02-02       0.0                0.81      -9.5
1977-02-03       0.0                0.75    -10.33
1977-02-04       0.0                0.79    -10.03
1977-02-05       0.0                0.75      -9.9
1977-02-06       0.0                0.79     -9.43
1977-02-07       0.0                0.84      -7.6
1977-02-08       0.0                0.92      -4.3
1977-02-09       0.0                0.91     -2.17
1977-02-10       0.0                1.45     -1.23
1977-02-11       0.0                0.87     -3.97
1977-02-12      0.02                0.98       2.4
1977-02-13      2.45                0.87     -0.47
1977-02-14       1.0                1.27     -5.07
1977-02-15       0.0                1.05     -11.8
1977-02-16       0.0                 0.8    -14.47
1977-02-17       0.0                 0.8    -12.03
1977-02-18       0.0                1.02     -8.33
1977-02-19       0.0                 0.6      -4.9
1977-02-20       0.0                1.78       3.6
1977-02-21      0.02                1.72     -2.26
1977-02-22       0.0                1.41      -6.2
1977-02-23       0.0                1.82      2.14
1977-02-24       0.0                2.24      8.07
1977-02-25       0.0                 2.0      10.0
1977-02-26       0.0                 1.7      4.83
1977-02-27       0.0                1.79      4.67
1977-02-28       0.0                 2.1      6.27
1977-03-01      0.36                1.08      5.37
