1971-10-01       0.0                2.33     18.33
1971-10-02       0.0                2.39     15.23
1971-10-03      0.03                2.15     15.44
1971-10-04      1.91                2.33     17.07
1971-10-05       0.0                2.18      13.6
1971-10-06       0.0                2.14     13.53
1971-10-07       0.0                2.15     13.53
1971-10-08       0.0                1.97     15.03
1971-10-09      0.14                2.12     15.53
1971-10-10      3.91                2.07     15.53
1971-10-11      1.31                 2.6      11.6
1971-10-12       0.0                1.73      7.97
1971-10-13       0.0                2.03      10.4
1971-10-14       0.0                2.11     11.83
1971-10-15       0.0                1.69     14.07
1971-10-16       0.0                1.27      17.2
1971-10-17       0.0                1.97      14.8
1971-10-18      0.23                2.15     13.87
1971-10-19       0.0                2.38     14.37
1971-10-20      0.04                2.07     14.33
1971-10-21      1.64                1.35     14.03
1971-10-22      2.69                1.14     14.74
1971-10-23      0.05                1.63      12.0
1971-10-24       0.0                1.46      9.13
1971-10-25       0.0                 0.8      8.84
1971-10-26       0.0                1.58     10.14
1971-10-27       0.0                1.84     12.37
1971-10-28       0.0                 1.4      10.8
1971-10-29       0.0                1.34     11.57
1971-10-30      0.03                1.28     12.67
1971-10-31       0.0                1.14     12.67
1971-11-01       0.0                1.28     16.11
1971-11-02       0.0                1.03     14.07
1971-11-03       0.0                1.13      13.0
1971-11-04      0.04                1.33     13.27
1971-11-05       1.5                 1.3     10.93
1971-11-06      1.07                1.05      9.93
1971-11-07       0.0                1.23      8.07
1971-11-08       0.0                1.18       8.0
1971-11-09      0.27                 0.8      8.97
1971-11-10       0.0                0.72      9.74
1971-11-11       0.0                0.99      10.6
1971-11-12       0.0                0.86     11.24
1971-11-13       0.0                0.71     10.34
1971-11-14      0.07                1.25     11.17
1971-11-15       0.0                1.42      8.07
1971-11-16       0.0                1.06      8.24
1971-11-17       0.0                0.91      7.64
1971-11-18       0.0                0.85      7.64
1971-11-19      0.02                0.86     10.14
1971-11-20       1.6                0.74      9.24
1971-11-21      2.49                 0.9     10.07
1971-11-22       0.0                0.63      7.94
1971-11-23       0.0                0.84      7.27
1971-11-24       0.0                1.25       9.0
1971-11-25      0.02                1.24     10.14
1971-11-26      1.37                0.92      11.5
1971-11-27      0.38                1.01     10.94
1971-11-28       0.0                1.02       2.7
1971-11-29       0.0                0.84      -3.3
1971-11-30       0.0                0.73      0.97
1971-12-01      0.31                0.59       4.3
1971-12-02      5.12                0.71      7.84
1971-12-03      0.14                1.21       4.1
1971-12-04      0.73                0.79      5.24
1971-12-05      0.08                0.84      1.47
1971-12-06       0.0                0.78      -3.4
1971-12-07       0.0                0.72     -2.46
1971-12-08       0.0                0.48     -2.16
1971-12-09      0.08                0.53     -1.76
1971-12-10      1.61                0.36      -0.6
1971-12-11      1.47                0.67      3.14
1971-12-12      1.54                0.53      -1.9
1971-12-13      0.68                0.34     -2.09
1971-12-14      1.23                0.39     -0.33
1971-12-15       0.0                 0.4      -4.2
1971-12-16       0.0                0.29     -1.19
1971-12-17      0.76                0.58       6.8
1971-12-18       0.0                0.89      7.17
1971-12-19       0.0                0.77       0.0
1971-12-20      1.29                0.62      -1.7
1971-12-21       0.0                 0.4      -3.8
1971-12-22       0.0                0.35      -3.7
1971-12-23       0.0                0.39     -2.13
1971-12-24      0.03                0.41      -1.1
1971-12-25       1.0                0.38      2.91
1971-12-26      1.79                0.57      3.97
1971-12-27       0.0                0.54      0.17
1971-12-28       0.0                 0.4     -2.16
1971-12-29       0.0                0.43      0.27
1971-12-30       0.0                 0.6      6.34
1971-12-31      0.09                 0.4      3.07
1972-01-01       0.0                0.52      0.04
1972-01-02       0.0                0.43     -2.93
1972-01-03      0.33                0.38     -2.29
1972-01-04      9.31                0.35      1.61
1972-01-05       6.4                0.37      1.07
1972-01-06      0.55                0.59      -0.1
1972-01-07       0.0                0.53     -0.99
1972-01-08       0.0                0.51     -0.49
1972-01-09       0.0                0.61       2.4
1972-01-10      0.07                0.85      4.14
1972-01-11      5.75                 0.8      4.63
1972-01-12      2.58                0.44       2.7
1972-01-13       0.0                0.95      1.67
1972-01-14      5.14                0.46      0.71
1972-01-15      3.98                0.61     -0.33
1972-01-16       0.0                0.82     -0.73
1972-01-17       0.0                0.67     -0.96
1972-01-18      0.06                0.73      2.11
1972-01-19      0.51                0.59      3.14
1972-01-20      0.82                 0.5      1.47
1972-01-21       0.0                1.22      -1.7
1972-01-22      2.52                0.45     -2.99
1972-01-23      9.77                0.49      -0.6
1972-01-24      9.63                0.55      1.07
1972-01-25       8.0                0.47      -1.6
1972-01-26       2.9                0.49      -4.6
1972-01-27       0.0                0.58     -5.66
1972-01-28       0.0                0.51     -6.23
1972-01-29      0.09                0.34     -5.56
1972-01-30      3.47                 0.6     -1.13
1972-01-31      9.49                0.38      -0.2
1972-02-01      0.08                0.67       1.5
1972-02-02      0.05                1.22      -1.9
1972-02-03      3.26                 0.8     -4.73
1972-02-04      4.42                0.49     -1.17
1972-02-05      2.53                 0.9     -0.93
1972-02-06       3.2                0.46     -1.26
1972-02-07      2.63                0.94      -1.0
1972-02-08       0.0                1.07     -1.86
1972-02-09       0.0                1.09     -1.33
1972-02-10      0.37                0.94     -0.26
1972-02-11      5.04                1.01     -0.67
1972-02-12      5.78                0.48      -1.5
1972-02-13       6.5                0.82      -1.2
1972-02-14      0.18                0.81     -3.19
1972-02-15      0.55                0.86     -2.46
1972-02-16      0.21                0.56     -0.13
1972-02-17      0.18                0.87      1.73
1972-02-18       0.0                1.02       1.0
1972-02-19       0.0                 1.0     -3.26
1972-02-20       0.0                0.98      -5.9
1972-02-21       0.0                0.71      -4.8
1972-02-22       0.0                0.89     -4.06
1972-02-23       0.0                0.98     -3.96
1972-02-24       0.0                0.95     -4.46
1972-02-25       1.4                0.91     -2.53
1972-02-26      0.65                 0.8      0.13
1972-02-27       0.0                0.94      -2.0
1972-02-28      0.01                1.23      -4.0
1972-02-29      0.01                0.99     -6.23
1972-03-01       0.0                0.82     -5.06
1972-03-02      0.09                1.05      -3.8
1972-03-03      3.07                1.41     -1.76
1972-03-04       0.0                1.26     -0.66
1972-03-05       0.0                1.23     -0.63
1972-03-06      0.03                1.59      1.57
1972-03-07      0.24                1.67      3.77
1972-03-08       0.0                1.26      2.13
1972-03-09       0.0                1.48       2.6
1972-03-10       0.0                1.91      2.27
1972-03-11       0.0                1.88      3.43
1972-03-12      0.02                1.58       1.4
1972-03-13      0.06                1.26      1.64
1972-03-14       0.0                1.55      1.87
1972-03-15      0.13                2.06      2.53
1972-03-16      4.28                0.93      2.24
1972-03-17      0.04                 1.8      5.07
1972-03-18      0.16                2.33      5.46
1972-03-19      9.67                1.59       5.6
1972-03-20      4.47                1.92      3.86
1972-03-21      1.48                 1.6       4.2
1972-03-22      0.08                2.32       8.1
1972-03-23      2.14                1.08      8.34
1972-03-24      8.69                2.41      6.67
1972-03-25       0.0                1.67       6.5
1972-03-26       0.0                 3.1       6.9
1972-03-27      0.02                2.77      5.77
1972-03-28      1.45                3.28     10.14
1972-03-29      3.74                1.23       8.4
1972-03-30      4.83                2.12      4.97
1972-03-31      5.14                1.38      -0.2
1972-04-01      0.01                1.88     -1.36
1972-04-02      0.02                2.47       1.6
1972-04-03      0.62                1.73       5.6
1972-04-04      0.16                2.86      8.77
1972-04-05       0.0                3.14      6.17
1972-04-06       0.0                3.68      7.57
1972-04-07      0.47                1.76      5.07
1972-04-08      1.74                2.53      5.17
1972-04-09      0.19                 2.5      5.07
1972-04-10      0.76                2.98      7.24
1972-04-11      0.38                1.52      7.64
1972-04-12      0.59                2.39       8.5
1972-04-13       0.0                 3.7      9.17
1972-04-14      7.92                2.69      12.2
1972-04-15      3.96                1.91     11.87
1972-04-16      0.92                 2.2     13.34
1972-04-17      1.58                2.58      13.6
1972-04-18       1.6                3.17     11.93
1972-04-19      13.1                1.84     10.99
1972-04-20      1.86                4.39      10.2
1972-04-21       0.0                 4.2      8.73
1972-04-22       0.0                3.87       8.9
1972-04-23       0.0                4.15     11.83
1972-04-24       0.0                4.17      11.0
1972-04-25      0.01                2.12     11.37
1972-04-26      0.02                3.69      13.2
1972-04-27      0.01                3.22     15.74
1972-04-28       0.0                4.97     19.01
1972-04-29       0.0                5.54     21.34
1972-04-30       0.0                2.36     16.13
1972-05-01       0.0                 4.8     11.53
