1982-06-01      0.89                2.16     12.37
1982-06-02      0.57                2.15      13.8
1982-06-03       0.0                4.13     17.67
1982-06-04       0.0                4.84     19.47
1982-06-05       0.0                5.36      19.9
1982-06-06       0.0                5.35     20.07
1982-06-07       0.0                4.86     19.37
1982-06-08      7.26                5.06     19.73
1982-06-09       0.0                4.41      20.1
1982-06-10      1.11                4.94     20.83
1982-06-11       0.2                5.01     20.77
1982-06-12      0.39                4.08      21.5
1982-06-13     15.92                 2.1     18.77
1982-06-14      0.55                4.84      19.3
1982-06-15       0.0                4.66     19.77
1982-06-16       0.0                4.72      20.1
1982-06-17       0.0                4.71      19.2
1982-06-18      1.21                4.75     20.27
1982-06-19      3.97                2.77     20.67
1982-06-20       1.0                4.27     21.63
1982-06-21      0.03                5.19     20.77
1982-06-22      3.16                2.71     21.97
1982-06-23      0.34                5.01     21.27
1982-06-24      0.55                4.46     19.47
1982-06-25       0.0                5.36      18.6
1982-06-26      0.45                5.17     17.83
1982-06-27      13.2                4.45      18.2
1982-06-28       0.0                2.21     18.97
1982-06-29       0.0                4.78     21.33
1982-06-30       7.1                3.44     20.23
1982-07-01      0.14                4.19     21.43
1982-07-02      1.12                4.61     21.03
1982-07-03       0.0                 5.1     20.07
1982-07-04       0.0                5.55     20.37
1982-07-05       0.0                4.36     21.57
1982-07-06      1.56                5.01     24.03
1982-07-07      5.78                4.51      24.0
1982-07-08      0.32                4.63      24.4
1982-07-09       0.0                5.31     24.67
1982-07-10      0.32                3.59     24.43
1982-07-11      5.13                3.69      24.6
1982-07-12       0.0                4.35     22.24
1982-07-13       0.0                3.36     23.53
1982-07-14       0.0                5.72     22.63
1982-07-15      5.09                4.88      21.7
1982-07-16     36.68                4.47      22.7
1982-07-17      6.69                4.99     22.83
1982-07-18       0.0                4.52     22.27
1982-07-19      0.02                2.63     21.33
1982-07-20       0.0                4.81     24.07
1982-07-21      0.07                4.45      24.1
1982-07-22      0.03                4.51      23.7
1982-07-23      0.26                5.53     24.17
1982-07-24      3.65                3.02     21.63
1982-07-25     11.72                2.26     21.33
1982-07-26     15.02                4.36      24.8
1982-07-27     34.52                2.24     20.97
1982-07-28      5.52                2.92     20.53
1982-07-29      3.94                3.44      20.9
1982-07-30      1.63                 3.7      24.2
1982-07-31       2.3                4.44      24.1
1982-08-01      0.27                5.65      21.5
1982-08-02      0.12                3.79     21.93
1982-08-03       0.0                 4.9     25.67
1982-08-04       0.0                4.46      26.7
1982-08-05      1.18                3.73     26.83
1982-08-06      3.09                2.69      26.9
1982-08-07       0.0                3.98     27.67
1982-08-08       0.0                4.62     27.93
1982-08-09       0.0                4.85     27.63
1982-08-10      0.18                4.78     27.27
1982-08-11       0.0                4.53      26.7
1982-08-12      2.32                4.71     25.07
1982-08-13      4.74                2.76     24.13
1982-08-14     90.89                2.08     23.33
1982-08-15     46.78                2.31     23.73
1982-08-16      2.08                2.19     23.47
1982-08-17       0.0                2.61     24.87
1982-08-18       0.0                4.28      25.7
1982-08-19      0.93                 2.5     25.43
1982-08-20     47.11                 2.1     23.57
1982-08-21      33.3                2.16     20.73
1982-08-22      1.63                3.89     20.53
1982-08-23      6.83                3.13     20.33
1982-08-24      0.14                 4.4      20.7
1982-08-25     13.11                 2.3      19.7
1982-08-26      7.92                2.31     22.77
1982-08-27     73.55                1.91      20.1
1982-08-28      5.15                2.27     19.17
1982-08-29      0.47                4.29      22.3
1982-08-30       0.0                 3.4      21.8
1982-08-31       0.0                3.51      21.7
1982-09-01       0.0                4.04      20.8
1982-09-02       0.0                3.21      20.2
1982-09-03       0.0                4.04     18.47
1982-09-04       0.0                2.84     17.57
1982-09-05       0.0                2.93      17.5
1982-09-06      0.61                3.48     19.97
1982-09-07       0.0                3.03     19.13
1982-09-08       0.0                2.95     19.03
1982-09-09      0.31                2.98      18.4
1982-09-10       0.0                3.12     18.73
1982-09-11       0.0                3.31     17.13
1982-09-12       0.0                3.68     16.53
1982-09-13       0.0                3.13     18.13
1982-09-14       0.0                3.17      18.9
1982-09-15      0.12                3.24     20.23
1982-09-16       0.0                2.92      20.6
1982-09-17       0.0                3.08     18.97
1982-09-18       0.0                2.69     18.77
1982-09-19       0.0                2.91      19.9
1982-09-20      2.68                2.93     20.07
1982-09-21       0.0                3.12     16.03
1982-09-22       0.0                3.25      14.8
1982-09-23       0.0                3.61     16.13
1982-09-24      0.07                3.79      15.9
1982-09-25       0.0                3.82      15.0
1982-09-26       0.0                 3.1     14.07
1982-09-27       0.0                3.57      12.6
1982-09-28       0.0                2.71      13.2
1982-09-29       0.0                2.61     15.44
1982-09-30       0.0                1.62     15.23
1982-10-01       0.0                 2.4     16.23
1982-10-02       0.0                1.94     17.33
1982-10-03       0.0                2.13     17.07
1982-10-04       0.0                2.41      17.4
1982-10-05       0.0                2.16     15.67
1982-10-06       0.0                1.99     16.87
1982-10-07       0.0                2.02     16.03
1982-10-08       0.0                3.07     14.23
1982-10-09       0.0                 2.5     14.77
1982-10-10       0.0                2.14      14.6
1982-10-11       0.0                2.09     16.23
1982-10-12       0.0                2.22     17.07
1982-10-13       0.0                1.75     16.83
1982-10-14       0.0                1.84     14.87
1982-10-15      0.12                1.71     15.73
1982-10-16      2.07                2.47     11.43
1982-10-17      0.04                1.17      12.8
1982-10-18      2.22                1.89     15.77
1982-10-19      16.5                1.32      15.0
1982-10-20      0.33                1.92     11.57
1982-10-21       0.0                1.87     11.77
1982-10-22       0.0                1.71     10.77
1982-10-23      0.06                1.77      7.57
1982-10-24       0.0                1.75       2.1
1982-10-25       0.0                1.32       2.4
1982-10-26       0.0                1.46      8.93
1982-10-27       0.0                1.22     10.27
1982-10-28       0.0                1.16      11.7
1982-10-29       0.0                1.38      12.3
1982-10-30      0.02                1.13      13.0
1982-10-31      6.45                0.77      11.0
1982-11-01      0.09                1.47      7.47
1982-11-02       0.0                1.15      5.33
1982-11-03       0.0                1.07      5.77
1982-11-04       0.0                0.85      8.23
1982-11-05      0.36                1.75       7.8
1982-11-06       0.0                1.62      12.6
1982-11-07       0.0                1.06     13.77
1982-11-08      0.63                1.16     13.77
1982-11-09     11.22                1.08     11.27
1982-11-10     11.76                0.75       9.9
1982-11-11     10.57                0.82      7.37
1982-11-12      0.12                1.02      8.47
1982-11-13       0.0                0.69      7.84
1982-11-14      0.83                0.78       7.7
1982-11-15      3.66                0.79      8.97
1982-11-16       0.0                0.69       5.7
1982-11-17       0.0                0.71      5.33
1982-11-18       0.0                0.68       6.7
1982-11-19       0.0                1.01      5.97
1982-11-20       0.0                0.75       3.0
1982-11-21      1.08                0.61      2.67
1982-11-22      6.79                0.63       3.0
1982-11-23      0.96                0.82      0.13
1982-11-24      0.01                1.33      -2.3
1982-11-25       0.0                0.69     -3.77
1982-11-26       0.0                0.54      -1.8
1982-11-27       0.0                0.68       0.4
1982-11-28      7.87                 0.6      2.97
1982-11-29     57.08                0.38       6.6
1982-11-30      3.74                1.06       5.8
1982-12-01      1.75                0.82      3.67
1982-12-02       3.4                0.37      0.93
1982-12-03       0.0                0.43      1.63
1982-12-04     11.76                0.43      3.23
1982-12-05       2.3                1.25     -2.67
1982-12-06       0.0                0.47     -6.56
1982-12-07       0.0                0.38     -3.86
1982-12-08       0.0                 0.4      -1.8
1982-12-09       0.0                0.39      -1.2
1982-12-10      4.02                0.36     -0.73
1982-12-11      6.26                0.68      -0.5
1982-12-12       0.0                0.31      -7.0
1982-12-13       0.0                0.31     -8.83
1982-12-14      0.62                0.34     -7.76
1982-12-15       0.0                 0.3     -5.06
1982-12-16      1.03                0.34      -0.8
1982-12-17       0.1                0.68     -7.17
1982-12-18       0.0                0.29     -9.13
1982-12-19       0.1                0.29     -6.16
1982-12-20       0.0                0.33     -0.26
1982-12-21       0.0                0.49      2.47
1982-12-22      3.62                0.66       3.1
1982-12-23      1.12                0.82      0.93
1982-12-24       0.1                0.76       0.3
1982-12-25       0.1                0.45     -4.23
1982-12-26      0.51                0.55      -2.2
1982-12-27      0.04                0.54     -2.43
1982-12-28       0.0                0.38      -2.5
1982-12-29      0.02                0.75      2.07
1982-12-30       0.0                0.54     -1.26
1982-12-31       0.0                0.45     -3.86
1983-01-01       0.0                0.61      -2.8
