1970-10-01       0.0                2.46      15.8
1970-10-02       0.0                 2.1     15.27
1970-10-03       0.0                1.78     16.03
1970-10-04       0.0                1.86     15.77
1970-10-05       0.0                1.68     16.87
1970-10-06       0.0                1.98     17.47
1970-10-07       0.0                1.89     16.37
1970-10-08       0.0                2.05     17.87
1970-10-09       0.0                1.15      16.6
1970-10-10       0.0                1.43      17.2
1970-10-11      0.39                1.25     17.27
1970-10-12      6.35                1.18      17.7
1970-10-13       0.0                2.34     15.63
1970-10-14       0.0                1.81     15.03
1970-10-15       0.0                1.85      16.8
1970-10-16       0.0                2.14      15.6
1970-10-17       0.0                2.09     17.03
1970-10-18       0.0                1.78      14.4
1970-10-19      2.31                1.83     12.47
1970-10-20       0.0                1.68      13.1
1970-10-21       0.0                1.42     14.17
1970-10-22      0.02                1.29     15.14
1970-10-23       0.4                0.87     14.44
1970-10-24       8.3                0.77     14.04
1970-10-25     19.83                0.82      15.7
1970-10-26      2.92                1.36       8.8
1970-10-27      0.09                1.25      7.04
1970-10-28      1.58                0.99       8.2
1970-10-29       0.0                1.47      6.47
1970-10-30      0.25                1.13       6.0
1970-10-31       0.0                1.12       8.7
1970-11-01       0.0                 1.1     10.03
1970-11-02      0.39                0.96      10.3
1970-11-03      0.67                0.74     10.04
1970-11-04      0.41                1.26     11.87
1970-11-05       0.0                0.87       9.8
1970-11-06       0.0                1.18      9.97
1970-11-07       0.0                1.05      8.24
1970-11-08      4.03                 0.8      10.2
1970-11-09      0.23                1.46      14.2
1970-11-10       8.3                2.37       9.4
1970-11-11      2.64                1.61      5.57
1970-11-12       0.5                0.74      7.67
1970-11-13      7.45                0.66     12.97
1970-11-14      0.16                 1.4      7.64
1970-11-15       0.0                0.84     -0.27
1970-11-16       0.0                0.57      3.14
1970-11-17      0.01                0.75      7.47
1970-11-18      0.02                0.52      8.84
1970-11-19      0.06                0.78     10.07
1970-11-20       0.0                0.56      8.67
1970-11-21       0.0                 0.6      7.94
1970-11-22       0.0                0.72      3.73
1970-11-23       0.0                0.66      2.07
1970-11-24      0.01                0.44       2.7
1970-11-25      0.01                0.44      4.94
1970-11-26      0.47                0.54      7.27
1970-11-27       0.0                1.14      7.43
1970-11-28       0.0                 1.5      1.14
1970-11-29      0.01                0.81      -6.0
1970-11-30       0.0                0.51      -5.2
1970-12-01       2.5                0.35       0.6
1970-12-02      2.22                0.76      2.04
1970-12-03       0.0                0.91      -1.7
1970-12-04       0.0                 0.5     -0.43
1970-12-05       0.0                0.45     -0.13
1970-12-06       0.0                0.34      1.54
1970-12-07       0.0                0.81       0.6
1970-12-08       0.0                0.65      -3.4
1970-12-09       0.0                0.29     -2.06
1970-12-10      0.74                0.36      0.54
1970-12-11      0.18                0.36       0.7
1970-12-12      4.33                0.44      2.54
1970-12-13      3.63                1.07     -0.63
1970-12-14       0.0                0.37     -1.56
1970-12-15       0.0                 0.5       5.5
1970-12-16      1.84                0.41      6.97
1970-12-17      0.25                 0.7      10.0
1970-12-18       0.0                0.36       2.6
1970-12-19      0.89                0.58       2.5
1970-12-20       0.0                0.45      0.63
1970-12-21       1.0                0.35      1.14
1970-12-22      1.25                0.59      3.57
1970-12-23      0.01                0.45      1.67
1970-12-24       0.0                0.66     -2.17
1970-12-25       0.0                0.45     -5.13
1970-12-26       0.0                0.48     -5.73
1970-12-27       0.0                0.29     -4.93
1970-12-28       0.0                0.32      -3.0
1970-12-29       0.0                0.31     -1.96
1970-12-30       0.0                0.31      -0.7
1970-12-31       0.0                0.46      0.57
1971-01-01      0.03                0.59      0.17
1971-01-02      0.05                0.41      -1.0
1971-01-03      2.41                0.33     -2.06
1971-01-04       4.0                0.61      -6.7
1971-01-05      4.89                 0.2     -9.36
1971-01-06       0.0                0.23     -5.23
1971-01-07       0.0                0.33     -1.13
1971-01-08      0.33                0.47     -1.03
1971-01-09       0.0                0.37     -0.06
1971-01-10       0.0                0.39      0.04
1971-01-11      0.08                0.37       1.6
1971-01-12      0.01                0.48      1.97
1971-01-13      2.34                0.71      0.13
1971-01-14       0.0                0.49     -1.83
1971-01-15       0.0                0.37     -0.36
1971-01-16       0.0                0.58       0.7
1971-01-17       0.0                0.53      1.44
1971-01-18       0.0                0.44       3.6
1971-01-19      1.19                 0.9      2.93
1971-01-20      7.41                0.64      3.07
1971-01-21      9.71                 1.2      2.63
1971-01-22      4.92                 1.2      -1.3
1971-01-23      0.03                0.54     -0.73
1971-01-24      0.13                 0.7     -0.06
1971-01-25      0.81                0.46     -2.03
1971-01-26      0.01                0.61      -3.0
1971-01-27       0.0                0.63     -5.63
1971-01-28       0.0                0.51     -6.93
1971-01-29      0.01                0.57     -6.63
1971-01-30      0.21                0.57     -5.66
1971-01-31      0.13                0.56     -6.86
1971-02-01       0.0                 0.5      -7.2
1971-02-02       0.0                0.52     -5.03
1971-02-03       0.0                0.57      -4.6
1971-02-04      8.67                0.56     -5.16
1971-02-05       0.0                0.59     -2.53
1971-02-06       0.0                0.63     -2.06
1971-02-07      0.05                1.05     -0.13
1971-02-08       0.0                 0.9      -2.6
1971-02-09      0.16                0.77     -2.83
1971-02-10      0.04                0.69     -4.43
1971-02-11      0.01                0.63      -3.2
1971-02-12      0.04                0.55      0.27
1971-02-13      0.07                0.87       0.7
1971-02-14      6.29                0.65       1.3
1971-02-15      0.77                0.79       1.9
1971-02-16      2.73                0.72      3.43
1971-02-17      0.97                1.57      2.03
1971-02-18       0.0                0.83     -1.37
1971-02-19       0.0                0.93     -0.73
1971-02-20      2.47                0.96       1.4
1971-02-21      2.93                0.71      1.87
1971-02-22      1.95                1.22      4.43
1971-02-23      0.52                1.02      3.43
1971-02-24       0.0                0.97     -1.23
1971-02-25      0.01                1.05      -0.1
1971-02-26       0.0                1.21      1.77
1971-02-27       0.0                 1.5      4.36
1971-02-28      10.6                0.94       1.8
1971-03-01       6.5                1.06      1.67
1971-03-02     11.08                0.78       1.2
1971-03-03      4.01                 1.0      0.07
1971-03-04       0.0                1.32      0.43
1971-03-05       0.0                1.12      -1.8
1971-03-06       0.0                1.24     -3.93
1971-03-07       0.0                1.22      -4.5
1971-03-08       0.0                1.25     -2.76
1971-03-09       0.0                1.37     -2.23
1971-03-10       0.0                1.17     -4.57
1971-03-11      0.01                1.34     -2.63
1971-03-12      0.23                1.29      0.37
1971-03-13       0.0                1.37      -1.4
1971-03-14       0.0                1.47      -0.3
1971-03-15      0.02                1.35      2.04
1971-03-16      0.21                1.19      2.93
1971-03-17       0.0                1.38      3.37
1971-03-18       0.0                 1.7       4.9
1971-03-19       0.0                2.25       8.2
1971-03-20       0.0                2.12       8.7
1971-03-21       0.0                1.95     11.04
1971-03-22       0.0                1.98      5.27
1971-03-23      0.42                1.95      3.03
1971-03-24      0.74                0.98      2.53
1971-03-25      0.02                1.44      4.93
1971-03-26      1.45                1.02      8.14
1971-03-27      0.98                1.88     11.24
1971-03-28      0.76                2.43     14.84
1971-03-29      0.05                2.23     11.14
1971-03-30       0.0                2.09      9.37
1971-03-31       0.0                2.41     11.07
1971-04-01       0.0                1.86      9.14
1971-04-02       0.0                2.18      8.04
1971-04-03       0.0                2.25      4.97
1971-04-04       0.0                 2.6      7.47
1971-04-05      2.01                1.82      9.77
1971-04-06      0.12                2.82      8.83
1971-04-07      0.01                2.59      8.66
1971-04-08      1.01                1.58      11.4
1971-04-09       0.0                3.37      9.27
1971-04-10       0.0                2.92      8.14
1971-04-11      0.22                2.63      9.57
1971-04-12      0.52                3.27      12.7
1971-04-13      6.36                1.34     10.43
1971-04-14      1.43                2.16      8.07
1971-04-15       0.0                3.06      9.56
1971-04-16      0.87                1.85     11.83
1971-04-17      0.11                2.96      11.7
1971-04-18       0.0                3.51      11.4
1971-04-19       0.0                3.92     16.57
1971-04-20       0.0                 3.6      15.1
1971-04-21       0.0                3.91     15.07
1971-04-22       0.0                 3.7      19.0
1971-04-23       0.0                3.59     14.23
1971-04-24       0.0                4.05     15.23
1971-04-25       0.0                3.85      13.0
1971-04-26       0.0                3.72      13.8
1971-04-27      7.72                3.94     12.36
1971-04-28     12.39                1.82     10.77
1971-04-29       0.1                2.82      9.93
1971-04-30       0.0                4.13     10.43
1971-05-01      0.06                3.61      13.4
