1978-06-01       0.0                5.05     16.73
1978-06-02       0.0                3.66      17.8
1978-06-03      3.58                3.86      17.5
1978-06-04      1.15                4.63     18.07
1978-06-05      9.71                3.12     15.97
1978-06-06      0.67                4.68     18.37
1978-06-07       0.0                5.03     19.63
1978-06-08       0.0                5.26      20.7
1978-06-09     14.76                3.87     21.83
1978-06-10      2.75                3.82      23.3
1978-06-11      0.17                4.78      23.9
1978-06-12     13.48                3.47      20.6
1978-06-13      0.14                5.43     18.67
1978-06-14       0.0                3.53     19.53
1978-06-15      5.08                 3.4     21.07
1978-06-16       0.0                4.44      22.8
1978-06-17       0.0                 5.2      23.4
1978-06-18      4.62                2.84     21.07
1978-06-19      0.19                4.97     22.87
1978-06-20      0.16                 3.3      20.3
1978-06-21       0.2                3.94      20.4
1978-06-22       0.0                5.01     22.07
1978-06-23       0.0                 5.4     22.27
1978-06-24       0.0                4.65     23.63
1978-06-25    123.92                2.11      19.2
1978-06-26    130.23                2.13      21.3
1978-06-27      6.85                 3.5     22.03
1978-06-28      1.86                3.63     22.43
1978-06-29      33.9                2.19     21.13
1978-06-30     52.51                2.13     20.23
1978-07-01      11.8                3.64     23.73
1978-07-02     10.36                2.26      23.6
1978-07-03      3.19                 3.2     26.43
1978-07-04      0.15                5.15     27.07
1978-07-05      2.18                3.42      24.3
1978-07-06      6.83                3.98      25.9
1978-07-07      6.33                3.38     25.07
1978-07-08      8.89                3.22     25.83
1978-07-09      7.92                2.24     24.37
1978-07-10      1.02                3.12     23.83
1978-07-11     41.38                 2.2     22.53
1978-07-12     41.18                3.74     21.77
1978-07-13      4.03                2.98     21.97
1978-07-14     17.29                3.22     24.87
1978-07-15     10.05                2.28      23.9
1978-07-16      5.82                2.97     24.63
1978-07-17      4.41                2.97      23.8
1978-07-18      2.16                3.72     24.13
1978-07-19      0.69                3.02      23.2
1978-07-20      0.07                3.62      24.9
1978-07-21       0.0                4.11     25.77
1978-07-22       0.0                5.08     26.63
1978-07-23       0.0                3.79     27.53
1978-07-24       0.0                4.89      27.9
1978-07-25       3.6                5.29     27.97
1978-07-26      2.63                5.16     28.47
1978-07-27      0.65                5.68     28.93
1978-07-28      0.59                5.34     28.77
1978-07-29      1.63                 5.5     28.77
1978-07-30     21.01                2.22     24.67
1978-07-31       0.0                5.86     27.27
1978-08-01      4.07                4.77     28.07
1978-08-02      5.77                2.66     26.73
1978-08-03     13.96                4.31      25.9
1978-08-04       0.0                4.84     25.63
1978-08-05       0.0                4.57      26.2
1978-08-06       0.0                4.66     26.67
1978-08-07       1.9                3.75      25.3
1978-08-08      3.49                3.07     25.33
1978-08-09      5.75                4.16     26.87
1978-08-10      0.43                3.59     26.67
1978-08-11      1.47                3.64     26.47
1978-08-12       3.8                3.87      27.1
1978-08-13      7.68                2.07      24.6
1978-08-14     22.31                2.17      25.1
1978-08-15     29.59                2.07     24.67
1978-08-16     60.32                1.97     22.97
1978-08-17     14.38                4.45      23.1
1978-08-18     27.67                1.86     21.53
1978-08-19     73.83                1.83     20.93
1978-08-20     33.27                1.74     18.47
1978-08-21       0.0                 2.9     22.73
1978-08-22       0.0                3.83     24.33
1978-08-23       0.0                4.06     25.33
1978-08-24       0.0                4.19     25.43
1978-08-25      1.29                3.35     25.83
1978-08-26      0.36                2.29      25.8
1978-08-27      0.01                3.96     27.33
1978-08-28       0.0                 3.2     26.63
1978-08-29     12.75                1.97     22.83
1978-08-30      3.82                1.81     17.97
1978-08-31      0.13                3.62      19.0
1978-09-01       0.3                3.33     18.53
1978-09-02      0.02                2.24     19.03
1978-09-03     18.77                1.68     19.93
1978-09-04      0.53                1.76      19.1
1978-09-05      1.14                3.52      21.5
1978-09-06      0.72                3.56      22.1
1978-09-07      4.66                1.67     19.13
1978-09-08      3.25                 1.6     19.03
1978-09-09     17.48                1.64     20.03
1978-09-10      3.75                1.97      15.3
1978-09-11       0.0                3.64     15.73
1978-09-12       0.0                3.63     16.67
1978-09-13       0.0                2.63     17.03
1978-09-14       0.0                2.44     17.07
1978-09-15      0.47                3.26      19.4
1978-09-16       0.0                3.72     20.97
1978-09-17       0.0                2.05     18.53
1978-09-18      3.77                1.66     18.03
1978-09-19      0.62                2.77     15.97
1978-09-20       0.0                2.81     16.27
1978-09-21       0.0                 2.2     16.74
1978-09-22       0.0                 2.0      16.1
1978-09-23       0.4                 2.2     17.23
1978-09-24       0.0                2.38     19.64
1978-09-25       0.0                2.49      19.4
1978-09-26      0.17                2.33     19.63
1978-09-27      0.05                2.81     19.93
1978-09-28       0.0                1.33      16.9
1978-09-29       0.0                2.54      20.1
1978-09-30       0.0                2.34      19.5
1978-10-01       0.0                2.24     19.83
1978-10-02       0.0                2.02      18.5
1978-10-03      0.04                 1.5     18.44
1978-10-04      4.01                2.06     16.23
1978-10-05     10.05                2.46     14.07
1978-10-06      0.87                2.59     12.73
1978-10-07       0.0                2.36      12.8
1978-10-08       0.0                 2.0     12.87
1978-10-09      0.18                1.58     13.57
1978-10-10      0.07                2.01       9.4
1978-10-11       0.0                 2.3     11.44
1978-10-12       0.0                1.97       7.8
1978-10-13      0.06                2.12       7.8
1978-10-14       0.0                1.51     11.17
1978-10-15       0.0                 1.9      13.1
1978-10-16      0.96                1.87     10.87
1978-10-17       0.0                1.66     12.27
1978-10-18       0.0                1.34      13.1
1978-10-19      0.31                1.25      13.9
1978-10-20      0.05                 2.0      11.3
1978-10-21      0.14                1.48      9.07
1978-10-22       0.0                1.01      7.57
1978-10-23       0.0                1.34      11.3
1978-10-24      1.22                1.61     14.27
1978-10-25       0.0                1.83      14.4
1978-10-26      3.92                1.91     13.03
1978-10-27     22.09                1.54      9.63
1978-10-28      19.1                0.64      5.27
1978-10-29     18.59                1.16      4.87
1978-10-30       0.0                1.11      7.13
1978-10-31       0.0                1.44      9.07
1978-11-01      3.12                1.11       7.7
1978-11-02      0.86                1.09      7.47
1978-11-03       0.0                1.11      8.27
1978-11-04       0.0                1.07      8.43
1978-11-05       0.0                1.02      8.23
1978-11-06       0.0                0.93       9.0
1978-11-07       0.0                1.04     10.17
1978-11-08       0.0                1.25     10.93
1978-11-09      0.55                1.42       9.4
1978-11-10       0.0                1.17      11.0
1978-11-11      0.53                0.73      9.73
1978-11-12      1.74                1.07      9.47
1978-11-13       2.0                0.77     10.13
1978-11-14      3.24                0.77      10.6
1978-11-15      0.06                1.06      6.93
1978-11-16      0.03                0.73       5.7
1978-11-17      0.01                 0.9       8.4
1978-11-18      0.81                0.57      6.27
1978-11-19       0.0                1.41       4.7
1978-11-20       0.0                0.76      1.37
1978-11-21       0.0                0.66       1.3
1978-11-22       0.0                 0.6      2.33
1978-11-23       0.0                0.56       3.9
1978-11-24       0.0                0.61       4.9
1978-11-25       0.0                0.61      7.07
1978-11-26       0.0                0.47      6.24
1978-11-27      0.02                0.93       2.3
1978-11-28      0.04                0.88     -4.53
1978-11-29       0.0                 0.5      -3.1
1978-11-30       0.0                0.47      -0.3
1978-12-01      7.38                0.75      1.64
1978-12-02      1.93                1.01      1.23
1978-12-03      0.22                0.48      0.74
1978-12-04      3.56                0.87      2.97
1978-12-05       0.0                0.55     -1.96
1978-12-06       0.5                0.37       0.2
1978-12-07      1.23                0.52      6.07
1978-12-08       0.0                0.56      8.63
1978-12-09       0.0                 0.6      9.13
1978-12-10      7.51                0.55      4.87
1978-12-11       0.0                0.53      1.44
1978-12-12       0.0                0.47      1.57
1978-12-13       0.0                0.57      5.27
1978-12-14      6.57                0.39      2.57
1978-12-15      0.43                0.39      3.43
1978-12-16       0.0                0.44      2.97
1978-12-17       0.0                0.56      2.77
1978-12-18       0.0                0.46     -1.43
1978-12-19      8.68                0.46     -3.33
1978-12-20      1.35                0.44     -3.73
1978-12-21       0.0                0.36      -5.0
1978-12-22       0.0                0.35     -3.56
1978-12-23       0.0                0.33     -3.76
1978-12-24       0.0                0.32     -3.03
1978-12-25       0.0                0.37      -2.0
1978-12-26       0.0                0.41      0.94
1978-12-27      3.65                0.34       0.3
1978-12-28       0.0                0.42      1.07
1978-12-29       0.0                0.65      -5.5
1978-12-30       0.0                0.45     -7.76
1978-12-31       0.0                0.38     -7.13
1979-01-01       0.0                0.39      -5.6
