1993-11-01       0.0                1.48      9.34
1993-11-02       0.0                1.23      9.04
1993-11-03       0.0                1.19      10.9
1993-11-04       0.0                1.15     10.44
1993-11-05      0.56                0.99     11.53
1993-11-06      0.37                0.72      9.33
1993-11-07      0.53                 1.6      8.53
1993-11-08       0.0                1.32      9.73
1993-11-09      0.04                1.99      8.43
1993-11-10      0.12                1.15      8.43
1993-11-11      0.17                1.65      9.77
1993-11-12       3.8                1.26     12.13
1993-11-13     27.14                0.76     11.97
1993-11-14      0.06                 1.1     11.17
1993-11-15       0.0                0.84      10.0
1993-11-16       0.0                0.98     12.04
1993-11-17      0.03                0.71     10.53
1993-11-18      0.47                1.06       7.2
1993-11-19      0.19                 1.1      4.83
1993-11-20      6.34                0.65      6.57
1993-11-21      0.68                1.52       1.2
1993-11-22      0.22                0.84      -4.3
1993-11-23      0.68                0.88     -4.93
1993-11-24       0.0                0.73     -5.53
1993-11-25       0.0                0.63      1.77
1993-11-26      0.89                0.62      4.47
1993-11-27      0.15                1.32      3.47
1993-11-28      0.65                1.15     -0.46
1993-11-29      0.59                0.41      0.37
1993-11-30      6.45                0.43      0.14
1993-12-01      0.12                0.51      3.13
1993-12-02       0.0                0.58      2.13
1993-12-03       0.0                1.72     -0.67
1993-12-04       0.0                0.75      -4.2
1993-12-05       0.0                0.48     -3.67
1993-12-06      0.47                0.56     -3.03
1993-12-07       0.0                 0.4     -2.26
1993-12-08       0.0                0.42      0.54
1993-12-09      0.35                0.38     -0.26
1993-12-10      3.15                0.42       1.1
1993-12-11       0.6                0.75     -0.63
1993-12-12       0.3                0.55     -0.66
1993-12-13       0.0                0.63      0.83
1993-12-14       0.0                0.57      -5.6
1993-12-15       0.0                0.39     -7.13
1993-12-16       0.6                 0.4     -6.76
1993-12-17      0.12                 0.8      -8.2
1993-12-18      0.57                0.38     -4.06
1993-12-19       0.0                0.36     -1.43
1993-12-20      0.12                0.47       2.2
1993-12-21      0.03                1.44     -4.66
1993-12-22      0.35                0.82      -7.3
1993-12-23       0.0                0.52     -5.23
1993-12-24       0.0                 0.4      0.14
1993-12-25      0.35                0.49       1.3
1993-12-26      1.91                0.57      0.67
1993-12-27      0.03                1.05      -0.8
1993-12-28       0.0                0.41     -2.97
1993-12-29      0.56                0.39     -1.83
1993-12-30      6.14                0.33     -2.13
1993-12-31      1.16                 0.5      -0.3
1994-01-01       0.0                0.37     -3.33
1994-01-02       0.0                0.43     -0.43
1994-01-03       0.0                0.71      1.83
1994-01-04      0.45                0.59     -3.33
1994-01-05      0.04                0.37     -3.47
1994-01-06      0.12                1.06       0.0
1994-01-07       0.0                0.77     -5.47
1994-01-08       0.0                0.46     -0.76
1994-01-09      0.14                0.55      2.67
1994-01-10      3.08                0.42       0.5
1994-01-11      1.18                0.55     -0.27
1994-01-12      0.11                0.54      0.13
1994-01-13       0.0                0.66      -1.4
1994-01-14       0.0                0.45     -4.03
1994-01-15       0.0                0.48      -3.2
1994-01-16      1.12                 0.4     -1.47
1994-01-17      2.35                0.46       0.4
1994-01-18      0.73                1.02     -6.93
1994-01-19       0.0                0.66    -10.43
1994-01-20      0.12                0.59     -10.2
1994-01-21      0.28                0.64     -10.2
1994-01-22      0.42                 0.8      -6.4
1994-01-23      0.15                0.64    -10.47
1994-01-24      0.01                0.56    -10.13
1994-01-25      0.74                0.58     -1.27
1994-01-26      2.14                0.78      -2.1
1994-01-27      0.44                 0.7     -6.93
1994-01-28      0.03                0.78     -5.23
1994-01-29      1.79                0.64     -5.33
1994-01-30       3.8                 0.6      -6.3
1994-01-31      0.44                 0.8       0.1
1994-02-01       0.0                0.95     -0.13
1994-02-02       0.0                0.87     -4.63
1994-02-03       0.0                0.98     -3.97
1994-02-04       0.0                 0.7     -3.63
1994-02-05       0.0                0.67     -2.06
1994-02-06       0.0                 0.6       0.6
1994-02-07       0.0                0.98      1.54
1994-02-08      2.21                0.51     -1.23
1994-02-09      4.67                0.69     -5.93
1994-02-10      1.35                0.62    -10.77
1994-02-11      0.76                0.55     -7.03
1994-02-12      0.54                0.93      -2.7
1994-02-13       0.0                0.99     -4.37
1994-02-14       0.2                0.95     -2.53
1994-02-15       0.0                0.92      -0.1
1994-02-16       0.0                1.13      0.67
1994-02-17       0.0                1.09      0.17
1994-02-18       0.0                 1.2      1.87
1994-02-19       0.0                1.32      1.77
1994-02-20       0.0                 1.1       2.7
1994-02-21       0.0                1.98     -0.03
1994-02-22       0.0                0.72      -3.9
1994-02-23      0.04                1.24      -2.2
1994-02-24       0.0                1.45     -2.67
1994-02-25       0.0                1.35     -2.13
1994-02-26      0.11                1.54     -1.97
1994-02-27       0.0                1.55      -0.4
1994-02-28       0.0                1.74      0.73
1994-03-01       0.0                1.53     -2.73
1994-03-02       0.0                1.67     -1.17
1994-03-03       0.0                1.38      0.67
1994-03-04      0.03                1.36       2.0
1994-03-05       0.0                 1.8      2.13
1994-03-06      0.31                1.59      3.27
1994-03-07      0.92                1.18      4.67
1994-03-08      2.86                2.12      7.17
1994-03-09       0.7                2.03      0.53
1994-03-10       0.0                1.84     -2.63
1994-03-11       0.0                1.25     -0.03
1994-03-12       0.0                2.08      3.67
1994-03-13       0.0                 2.3      0.83
1994-03-14      0.08                1.72      -1.5
1994-03-15      0.28                1.94      0.87
1994-03-16       0.0                1.63      1.73
1994-03-17       0.0                2.18      2.03
1994-03-18       0.0                2.23      2.97
1994-03-19       0.0                2.45      4.13
1994-03-20       0.0                2.17       2.6
1994-03-21      0.99                1.86      2.83
1994-03-22      10.4                0.97      1.53
1994-03-23      1.08                2.75      3.43
1994-03-24      2.75                1.28      0.57
1994-03-25      0.04                1.86      0.04
1994-03-26       0.0                1.69      -0.2
1994-03-27       0.0                2.51      4.17
1994-03-28       0.0                 1.9      6.24
1994-03-29       0.0                2.56      6.13
1994-03-30       0.0                2.88       5.2
1994-03-31       0.0                2.74      8.07
1994-04-01       0.0                2.73      9.63
1994-04-02       0.0                3.13     10.14
1994-04-03       0.0                2.78     11.63
1994-04-04       0.0                3.15     12.67
1994-04-05       0.0                3.41     14.33
1994-04-06      0.14                 3.9      15.4
1994-04-07      0.07                4.09     11.37
1994-04-08       0.0                2.63       4.1
1994-04-09       0.0                 2.6      5.93
1994-04-10      0.78                3.01      7.93
1994-04-11      5.64                 3.2     12.33
1994-04-12     26.83                2.14      9.23
1994-04-13       0.0                 4.0      8.53
1994-04-14       0.0                3.79       8.8
1994-04-15       0.0                3.59     10.84
1994-04-16       0.0                3.77      12.0
1994-04-17       0.0                3.12     12.87
1994-04-18       0.0                2.61     13.63
1994-04-19       0.0                3.63     14.43
1994-04-20       0.0                2.36      15.1
1994-04-21      0.09                4.52      13.2
1994-04-22      0.07                2.23      14.2
1994-04-23       1.1                4.34     16.43
1994-04-24      0.93                4.44     13.33
1994-04-25       0.0                4.19     15.07
1994-04-26       0.0                3.45     14.27
1994-04-27       0.0                2.58     13.83
1994-04-28       0.0                4.25     13.07
1994-04-29      0.36                 2.8      15.0
1994-04-30      1.77                2.19     11.73
1994-05-01       0.9                2.31      11.1
1994-05-02      0.02                4.39     16.57
1994-05-03      10.1                2.66     13.23
1994-05-04     22.12                2.65     10.43
1994-05-05      5.27                1.92       9.0
1994-05-06       0.0                4.41     14.14
1994-05-07      0.03                 3.2     15.13
1994-05-08      0.01                 4.2      13.3
1994-05-09       0.0                 4.3      15.4
1994-05-10      1.98                2.17     16.17
1994-05-11      0.32                3.02     13.87
1994-05-12       0.0                4.57     16.37
1994-05-13       0.0                4.04      18.7
1994-05-14     20.96                1.83      13.7
1994-05-15     15.64                1.75     11.87
1994-05-16      0.08                3.08      15.7
1994-05-17       0.0                4.32     12.73
1994-05-18       0.0                4.65     12.83
1994-05-19       0.0                4.13      11.3
1994-05-20       0.0                3.93     14.93
1994-05-21       0.0                3.54      17.4
1994-05-22       0.0                4.65      19.4
1994-05-23       0.0                4.29      18.5
1994-05-24     10.25                2.89     18.97
1994-05-25     21.73                2.19     17.93
1994-05-26       0.0                3.93     20.77
1994-05-27       0.0                5.09     15.87
1994-05-28      0.26                4.79     15.64
1994-05-29      1.47                3.52     17.07
1994-05-30       0.0                4.24     16.93
1994-05-31      0.03                 4.6     17.23
1994-06-01      0.14                4.29     16.47
