1997-07-01     89.73                2.12      19.1
1997-07-02      0.89                3.71     23.03
1997-07-03      1.65                2.73     23.67
1997-07-04     37.35                2.39     22.77
1997-07-05     13.67                2.45     18.93
1997-07-06      3.87                2.23     17.73
1997-07-07       0.2                4.12      20.7
1997-07-08       0.0                4.08      22.0
1997-07-09       0.0                4.91     22.17
1997-07-10       0.0                5.03      23.6
1997-07-11       0.0                5.63      22.6
1997-07-12      2.59                3.04      20.6
1997-07-13       0.0                4.26     22.23
1997-07-14       0.0                4.03      24.2
1997-07-15     55.25                2.15      21.2
1997-07-16     15.14                3.77     23.97
1997-07-17      0.08                5.01     22.87
1997-07-18       0.0                5.22     23.17
1997-07-19       0.0                4.64     23.93
1997-07-20       0.0                3.93     24.23
1997-07-21       0.0                 3.5      25.4
1997-07-22       0.0                4.59     26.03
1997-07-23      0.07                5.33      27.2
1997-07-24      0.05                5.55      26.6
1997-07-25      0.08                5.14      27.4
1997-07-26       0.0                5.71     24.83
1997-07-27       0.0                3.08     23.23
1997-07-28      0.22                5.41      24.7
1997-07-29      7.05                4.78      25.4
1997-07-30      1.54                 5.1     26.03
1997-07-31      0.03                4.82     26.63
1997-08-01      2.83                4.68      27.5
1997-08-02      8.16                4.12     26.17
1997-08-03     26.71                2.45     23.27
1997-08-04      24.8                1.98     20.73
1997-08-05      0.23                5.01     23.73
1997-08-06       0.0                4.34     24.33
1997-08-07      0.81                2.15      23.6
1997-08-08       9.3                3.31     25.73
1997-08-09      2.71                4.05     26.17
1997-08-10      0.18                2.93     23.37
1997-08-11      1.28                3.21     23.03
1997-08-12      0.13                4.73      22.0
1997-08-13       0.0                5.17      22.3
1997-08-14       0.0                5.32      22.1
1997-08-15       0.0                5.18     21.83
1997-08-16       0.0                5.09     21.67
1997-08-17       0.0                4.96     21.83
1997-08-18      5.61                3.76     23.07
1997-08-19     20.36                2.01      21.0
1997-08-20      0.03                3.94      25.3
1997-08-21      3.08                2.61     24.07
1997-08-22      0.01                 4.8     22.87
1997-08-23       0.0                3.85      23.0
1997-08-24       1.8                4.26      24.1
1997-08-25       0.0                 3.7     21.67
1997-08-26       0.0                4.13      22.1
1997-08-27       0.0                3.67     23.93
1997-08-28       0.0                3.93     23.47
1997-08-29       0.0                3.35     23.33
1997-08-30      0.59                2.96      25.2
1997-08-31       1.3                4.04     25.94
1997-09-01     41.53                 3.5      25.9
1997-09-02      60.5                1.96      21.6
1997-09-03      0.76                4.06      18.2
1997-09-04       0.0                3.91     18.03
1997-09-05       0.0                3.64     19.67
1997-09-06       0.0                3.93     20.93
1997-09-07       0.0                4.05     20.17
1997-09-08       0.0                3.36      21.5
1997-09-09      1.02                3.41     21.67
1997-09-10      8.75                1.62     17.63
1997-09-11      0.77                3.34      19.0
1997-09-12      4.55                2.02     16.57
1997-09-13     23.56                1.67     16.67
1997-09-14      0.03                3.14     15.97
1997-09-15      1.09                2.86     15.54
1997-09-16      1.98                2.25     16.07
1997-09-17      0.19                3.23     16.97
1997-09-18      0.12                 2.1     17.27
1997-09-19       0.0                2.74      14.8
1997-09-20      1.37                2.24     14.47
1997-09-21       0.0                2.65      13.0
1997-09-22      0.51                2.95     14.13
1997-09-23       0.0                2.91     14.17
1997-09-24      0.01                2.22     14.17
1997-09-25     11.06                1.22     11.67
1997-09-26     31.74                1.37     14.27
1997-09-27      0.85                2.23     15.23
1997-09-28       0.0                2.14     14.93
1997-09-29       0.0                2.14     15.27
1997-09-30       0.0                2.11      16.0
1997-10-01       0.0                1.73      15.6
1997-10-02       0.0                2.07      16.4
1997-10-03       0.0                1.95     15.53
1997-10-04      0.11                 1.2      14.5
1997-10-05      0.17                2.05      14.0
1997-10-06      0.02                2.09     13.73
1997-10-07      0.07                2.11     12.77
1997-10-08       0.0                2.13      10.3
1997-10-09      0.01                1.55     10.13
1997-10-10      0.08                2.48     13.47
1997-10-11       0.0                 2.3      8.33
1997-10-12       0.0                1.88       7.1
1997-10-13      6.67                1.86      9.37
1997-10-14      0.04                 1.8      12.3
1997-10-15      0.12                1.54     11.23
1997-10-16      9.53                1.59     11.93
1997-10-17      3.64                2.33      14.9
1997-10-18       0.0                2.03      12.3
1997-10-19       0.0                1.83      12.2
1997-10-20       0.0                2.44      16.9
1997-10-21       0.0                 2.8     14.77
1997-10-22       0.0                1.52     12.33
1997-10-23       0.0                1.74      13.9
1997-10-24       0.0                2.36      10.2
1997-10-25       0.0                1.36       4.7
1997-10-26       0.0                1.56      4.87
1997-10-27       0.0                1.28      4.57
1997-10-28       0.1                1.34       4.7
1997-10-29      0.45                 1.4      6.67
1997-10-30       0.0                1.79      2.47
1997-10-31       0.0                1.19      1.13
1997-11-01       0.0                1.04      3.03
1997-11-02       0.0                0.97       5.4
1997-11-03       0.0                0.91       6.9
1997-11-04       0.0                0.78       8.6
1997-11-05       0.0                0.96      7.67
1997-11-06       0.0                0.96      6.63
1997-11-07       0.0                0.87      6.83
1997-11-08       0.0                0.85      8.63
1997-11-09       0.0                 0.8      7.03
1997-11-10       0.1                1.08      9.37
1997-11-11      0.62                0.86      8.77
1997-11-12     14.52                0.71      9.03
1997-11-13      1.98                 1.4      7.67
1997-11-14      1.59                0.62      7.33
1997-11-15      0.35                0.78       7.7
1997-11-16      0.27                0.79      7.63
1997-11-17      0.87                1.39       2.2
1997-11-18      0.37                1.02     -1.67
1997-11-19       0.0                0.54     -0.83
1997-11-20       0.0                0.71      3.77
1997-11-21     10.88                0.48       2.7
1997-11-22      1.91                0.88       7.0
1997-11-23       0.0                0.61      5.57
1997-11-24      1.05                 0.6      5.73
1997-11-25      22.4                0.49       5.2
1997-11-26      6.91                0.69      8.17
1997-11-27      1.31                 0.9      5.07
1997-11-28      4.68                0.77       5.4
1997-11-29     22.84                0.51       5.4
1997-11-30      1.14                0.68      5.43
1997-12-01       0.0                0.82     -1.97
1997-12-02       0.0                0.87     -7.17
1997-12-03       0.0                 0.4     -8.13
1997-12-04       0.0                0.37     -4.23
1997-12-05      0.62                0.43       1.5
1997-12-06     17.25                0.41      1.47
1997-12-07      8.54                0.56      4.13
1997-12-08      3.93                0.58     -0.17
1997-12-09      0.32                0.87     -5.73
1997-12-10      0.34                0.73      -9.0
1997-12-11      1.89                0.52     -6.33
1997-12-12       0.0                0.31     -8.33
1997-12-13       0.0                0.38     -4.16
1997-12-14      0.54                0.32     -2.96
1997-12-15       0.6                0.74     -0.07
1997-12-16       0.0                0.32     -2.26
1997-12-17       0.0                0.44      1.57
1997-12-18      0.03                0.49      4.17
1997-12-19       0.0                 0.6       6.3
1997-12-20      0.17                 0.5      4.33
1997-12-21      0.31                0.92      2.27
1997-12-22      0.08                0.72      2.13
1997-12-23      0.22                1.01      1.73
1997-12-24      0.03                0.55      1.13
1997-12-25       0.0                0.46      0.87
1997-12-26       0.0                0.42      0.73
1997-12-27       0.0                0.45      0.64
1997-12-28       0.0                0.47      -1.2
1997-12-29       0.0                0.37      -3.8
1997-12-30       0.0                0.51     -1.57
1997-12-31      0.17                0.56     -2.27
1998-01-01      2.96                0.37     -1.06
1998-01-02      0.17                0.42     -0.26
1998-01-03       0.0                0.54       3.1
1998-01-04      0.09                1.43     -2.53
1998-01-05      1.42                0.59     -4.37
1998-01-06      0.01                 1.1      -3.3
1998-01-07      0.55                0.36      -3.1
1998-01-08      6.31                0.52     -0.37
1998-01-09      0.16                0.45     -1.27
1998-01-10      0.07                0.43      1.47
1998-01-11      0.99                0.99      0.13
1998-01-12      1.96                0.46     -0.43
1998-01-13       1.5                 0.5     -0.83
1998-01-14      4.62                0.92      -2.1
1998-01-15      4.16                1.26      -2.5
1998-01-16      1.41                0.78     -1.93
1998-01-17      0.27                0.56      -1.8
1998-01-18      0.25                1.16     -5.73
1998-01-19      0.11                0.78    -11.37
1998-01-20       1.8                0.68     -6.53
1998-01-21      0.21                0.61     -8.33
1998-01-22      0.37                0.66     -5.07
1998-01-23       0.0                0.87      -9.6
1998-01-24       0.0                0.61     -12.4
1998-01-25      0.18                0.58    -10.56
1998-01-26      0.34                 0.8     -5.23
1998-01-27       0.0                0.75      -7.3
1998-01-28       0.0                 0.6     -7.23
1998-01-29       0.0                0.78     -6.56
1998-01-30       0.0                0.98     -1.53
1998-01-31       0.0                0.86     -2.77
1998-02-01       0.0                0.65     -4.07
