1989-11-01      0.46                1.51       8.4
1989-11-02       0.2                 1.3       8.0
1989-11-03      0.36                0.92      9.23
1989-11-04     23.62                0.78      10.2
1989-11-05     47.39                0.85     11.67
1989-11-06      8.99                0.86     10.47
1989-11-07       2.6                1.11     11.87
1989-11-08      7.19                0.98     10.43
1989-11-09      1.05                1.16       9.7
1989-11-10       0.0                1.21       7.5
1989-11-11       0.0                0.86      6.07
1989-11-12      0.28                0.54      3.54
1989-11-13       0.0                1.22      4.43
1989-11-14       0.0                1.26      2.57
1989-11-15       0.0                0.96      5.47
1989-11-16       0.0                0.88      5.27
1989-11-17      0.66                0.91      4.53
1989-11-18      2.22                1.12      1.77
1989-11-19      0.04                0.91     -0.93
1989-11-20      0.18                0.85      1.24
1989-11-21      0.37                 0.8       4.5
1989-11-22       0.0                 0.9       5.8
1989-11-23       0.0                0.73       4.5
1989-11-24       0.0                0.61      3.24
1989-11-25      0.12                0.66       3.5
1989-11-26      0.29                0.66      3.54
1989-11-27      4.39                1.33      4.47
1989-11-28      0.12                1.57     -1.47
1989-11-29      0.13                1.17     -4.43
1989-11-30       0.0                0.56     -4.53
1989-12-01       0.0                0.56     -2.46
1989-12-02       0.0                 0.8      3.67
1989-12-03       0.0                1.04      8.34
1989-12-04       0.0                 1.5      6.67
1989-12-05       0.0                 0.8      2.77
1989-12-06       0.0                0.53       1.2
1989-12-07       0.0                0.67     -0.03
1989-12-08       0.0                1.01     -1.57
1989-12-09      0.12                0.72     -0.43
1989-12-10       0.0                0.39     -1.56
1989-12-11      0.03                0.55      3.67
1989-12-12      0.04                 0.6      0.23
1989-12-13      0.08                0.68      1.37
1989-12-14      0.29                0.57     -2.03
1989-12-15      0.68                 0.5     -1.53
1989-12-16      0.02                0.41      1.94
1989-12-17       0.0                0.73       2.9
1989-12-18      0.38                0.77     -1.03
1989-12-19      0.06                0.81       2.6
1989-12-20      0.41                 0.4       0.8
1989-12-21      0.41                0.41      1.27
1989-12-22      0.02                0.44      -0.1
1989-12-23      1.28                0.37     -0.03
1989-12-24      2.01                0.45       2.5
1989-12-25      0.09                0.72      3.03
1989-12-26       0.0                1.51     -2.37
1989-12-27       0.0                 0.7      -5.8
1989-12-28      0.09                 0.4     -5.53
1989-12-29      0.09                0.78     -1.87
1989-12-30      0.13                0.61     -5.96
1989-12-31      0.01                0.53      -6.5
1990-01-01       0.0                0.56      -4.1
1990-01-02       0.0                0.57     -5.27
1990-01-03       0.0                0.53     -6.57
1990-01-04       0.0                0.45     -6.73
1990-01-05      0.39                0.43      -0.6
1990-01-06      0.35                0.56      -5.4
1990-01-07       0.0                0.48      -5.4
1990-01-08      0.01                 0.4     -3.63
1990-01-09      2.99                0.51      2.07
1990-01-10      2.92                 0.6       2.3
1990-01-11       0.0                0.53      1.93
1990-01-12       0.1                1.11      0.03
1990-01-13       0.0                0.82      -4.8
1990-01-14       0.0                 0.5     -6.13
1990-01-15       0.0                0.44      -4.5
1990-01-16      0.01                0.63     -5.33
1990-01-17      0.26                 0.6      -3.5
1990-01-18      0.05                1.13       1.5
1990-01-19       0.0                0.95      -5.2
1990-01-20      0.25                 0.6     -9.23
1990-01-21      1.08                0.41      -7.9
1990-01-22      0.45                0.91      -8.8
1990-01-23       0.0                0.53    -13.33
1990-01-24       0.0                 0.7     -12.7
1990-01-25       0.0                0.49    -14.23
1990-01-26       0.0                0.45    -12.96
1990-01-27       0.0                0.45     -9.23
1990-01-28      1.14                0.47      -5.5
1990-01-29      1.63                0.62      -0.5
1990-01-30      6.53                0.55     -1.73
1990-01-31      4.81                0.46     -2.77
1990-02-01      0.43                0.72     -2.27
1990-02-02       0.0                0.63      -3.3
1990-02-03      0.46                0.59     -3.56
1990-02-04      0.47                0.59      -1.3
1990-02-05      0.09                0.71       0.3
1990-02-06       0.0                0.89      -0.6
1990-02-07       0.3                0.79     -3.43
1990-02-08      0.68                0.58     -1.83
1990-02-09      0.63                0.58      1.77
1990-02-10      3.77                0.53      0.13
1990-02-11      0.19                1.16      2.17
1990-02-12      0.14                1.27     -2.57
1990-02-13       0.0                0.88     -3.56
1990-02-14      0.57                1.01      2.13
1990-02-15      0.53                0.73      2.93
1990-02-16      0.03                0.97      3.53
1990-02-17      0.75                0.79      3.27
1990-02-18      3.91                0.68       4.5
1990-02-19      4.93                0.68       4.4
1990-02-20      0.05                1.03       2.6
1990-02-21      0.62                1.26      4.17
1990-02-22      3.26                0.99      5.13
1990-02-23      1.82                0.98      3.83
1990-02-24      1.36                1.22      2.47
1990-02-25      0.04                1.21       1.2
1990-02-26      0.28                1.35       0.7
1990-02-27      0.13                1.62       1.7
1990-02-28       0.0                1.74      2.97
1990-03-01      0.21                1.84      3.37
1990-03-02      0.09                1.47      2.97
1990-03-03       0.0                1.72      4.33
1990-03-04       0.0                 1.6      2.43
1990-03-05       0.0                1.89      2.57
1990-03-06      1.41                1.88       2.9
1990-03-07      0.01                2.02      1.53
1990-03-08      0.05                2.06       1.6
1990-03-09       0.0                2.03      3.74
1990-03-10      0.08                2.03      7.37
1990-03-11      8.29                0.83      4.47
1990-03-12      3.66                 1.6      4.83
1990-03-13      0.04                2.12       4.7
1990-03-14      1.01                0.92       4.4
1990-03-15      0.06                1.93       6.0
1990-03-16       0.0                2.33      5.33
1990-03-17      1.33                0.91      1.47
1990-03-18      0.17                1.89       4.9
1990-03-19      0.02                2.63       5.5
1990-03-20       0.0                2.44      8.97
1990-03-21       0.0                2.45       7.4
1990-03-22      0.15                2.41      10.6
1990-03-23      3.25                1.49      11.8
1990-03-24      1.66                2.46      4.37
1990-03-25       0.0                2.95      3.13
1990-03-26       0.0                2.62      5.37
1990-03-27      1.96                1.59      5.73
1990-03-28      4.49                1.16      6.47
1990-03-29      1.04                1.41      7.97
1990-03-30      1.27                1.35       8.7
1990-03-31       0.0                2.27      10.1
1990-04-01       0.0                2.53      11.0
1990-04-02       0.0                3.03     12.13
1990-04-03      0.25                2.17     11.83
1990-04-04      0.09                2.74      4.83
1990-04-05      0.35                3.27       6.0
1990-04-06      1.17                3.12      9.17
1990-04-07      5.11                 1.2      7.07
1990-04-08      0.69                4.02      8.87
1990-04-09       0.0                3.67     10.34
1990-04-10       0.0                3.69     13.67
1990-04-11      1.75                3.92      13.7
1990-04-12     31.26                1.65     10.37
1990-04-13       6.6                1.41       7.1
1990-04-14      4.33                1.49      5.37
1990-04-15      0.97                1.47      6.03
1990-04-16      0.77                2.72       6.3
1990-04-17       0.0                2.71      6.07
1990-04-18       0.0                3.22      7.93
1990-04-19       0.0                3.26      10.1
1990-04-20      1.46                1.78      9.87
1990-04-21      0.37                3.19     11.37
1990-04-22      3.98                1.58      8.93
1990-04-23      5.32                 1.2       6.2
1990-04-24      0.49                3.84      7.97
1990-04-25      0.17                3.34     10.34
1990-04-26       0.0                4.83     10.77
1990-04-27      0.07                3.66      10.2
1990-04-28      1.08                1.76      11.8
1990-04-29      0.01                 3.8     13.83
1990-04-30      0.11                4.91      15.3
1990-05-01      6.93                3.11     10.87
1990-05-02      4.36                2.18      8.37
1990-05-03      7.53                1.58      8.83
1990-05-04      2.26                1.59       9.7
1990-05-05      0.49                3.65     12.97
1990-05-06       0.3                3.26     13.83
1990-05-07      6.16                3.19     14.77
1990-05-08      0.05                2.74     16.27
1990-05-09       1.9                 4.2      19.2
1990-05-10      21.1                2.94     19.47
1990-05-11      5.93                2.64      18.3
1990-05-12      2.17                4.47      19.3
1990-05-13     21.64                1.98      15.8
1990-05-14      6.55                3.47     15.23
1990-05-15      0.12                4.12      16.3
1990-05-16       0.0                4.31      14.8
1990-05-17      2.82                2.76     16.47
1990-05-18      6.33                1.95     14.27
1990-05-19      3.23                2.95     16.03
1990-05-20      3.27                5.01      15.2
1990-05-21      0.08                2.99     13.07
1990-05-22       0.0                3.12     13.67
1990-05-23      6.17                 3.8     14.87
1990-05-24      1.66                3.76     12.97
1990-05-25      1.24                3.48      15.0
1990-05-26       0.0                4.08     16.53
1990-05-27       0.0                4.78      17.6
1990-05-28       0.0                3.67      16.8
1990-05-29      0.01                2.95     19.53
1990-05-30      3.68                2.25      18.7
1990-05-31     12.54                2.06     16.87
1990-06-01       3.0                1.87     14.84
