1967-01-01      4.38                0.34      -5.4
1967-01-02      0.04                0.58     -13.0
1967-01-03       0.0                0.44     -15.2
1967-01-04       0.0                0.51     -13.4
1967-01-05      0.01                0.44     -10.2
1967-01-06      0.39                0.45      -3.4
1967-01-07      0.05                0.93      -6.2
1967-01-08       0.0                 0.4     -12.3
1967-01-09       0.0                0.32     -13.6
1967-01-10      0.24                0.25     -14.1
1967-01-11      0.17                0.31      -8.9
1967-01-12       0.5                0.32      -8.6
1967-01-13      0.09                 1.5      -6.3
1967-01-14       0.0                 0.5     -13.5
1967-01-15       0.0                 0.4     -17.7
1967-01-16      1.55                0.28     -17.8
1967-01-17      0.05                0.37     -13.2
1967-01-18       0.0                0.38     -10.6
1967-01-19       0.0                0.78      -1.0
1967-01-20       0.0                0.51      -2.7
1967-01-21       0.0                0.51      -3.2
1967-01-22       0.0                1.11      -0.3
1967-01-23       0.0                0.79      -3.7
1967-01-24       0.0                0.83       0.5
1967-01-25       0.0                0.65      -0.5
1967-01-26      0.07                0.64      -0.9
1967-01-27      2.14                1.44       1.6
1967-01-28      5.32                0.67       1.1
1967-01-29      1.96                0.63       0.2
1967-01-30      1.22                0.67      -6.1
1967-01-31       0.0                0.59      -9.5
1967-02-01       0.0                0.66      -9.7
1967-02-02       0.0                0.56      -9.6
1967-02-03      0.18                0.62      -7.1
1967-02-04      0.04                0.57      -6.8
1967-02-05      0.26                0.45      -3.8
1967-02-06      0.72                0.57      -2.6
1967-02-07      0.47                0.51      -0.7
1967-02-08      0.45                0.77      -1.2
1967-02-09       0.0                 0.8      -1.6
1967-02-10       0.0                0.82      -6.0
1967-02-11       0.0                0.73      -8.6
1967-02-12       0.0                0.77     -11.6
1967-02-13       0.0                0.74     -10.9
1967-02-14       0.0                 0.7     -10.1
1967-02-15      0.03                0.77     -10.4
1967-02-16      0.03                0.97      -7.2
1967-02-17      0.54                0.91      -8.6
1967-02-18       0.0                0.86      -7.6
1967-02-19       0.0                0.91      -6.4
1967-02-20       0.1                1.01      -1.0
1967-02-21      5.99                0.82       3.4
1967-02-22      8.99                0.95       5.8
1967-02-23      3.82                1.53       2.3
1967-02-24       0.0                0.89       1.2
1967-02-25       0.0                1.48       1.0
1967-02-26       0.0                1.51      -0.7
1967-02-27       0.0                1.33      -1.0
1967-02-28       0.0                1.57      -1.3
1967-03-01       0.0                1.78       2.3
1967-03-02      0.07                2.07       6.5
1967-03-03     10.79                0.74       1.5
1967-03-04      3.11                2.14       3.2
1967-03-05      2.13                1.75      -1.0
1967-03-06      0.01                1.62      -2.2
1967-03-07      0.09                1.46      -1.1
1967-03-08       0.0                 1.4      -0.3
1967-03-09       0.0                 1.7       3.1
1967-03-10      0.04                1.32       4.3
1967-03-11       0.6                1.62       3.5
1967-03-12      0.14                1.32       6.1
1967-03-13      0.05                1.83       6.0
1967-03-14       0.0                2.05       7.1
1967-03-15       0.0                2.87      10.0
1967-03-16       0.0                2.04       7.4
1967-03-17      1.51                1.09       4.9
1967-03-18      0.43                2.31       7.8
1967-03-19       0.0                2.47       6.4
1967-03-20      0.33                2.39       6.4
1967-03-21      0.39                 1.4       7.2
1967-03-22       2.1                1.93       3.2
1967-03-23       0.0                2.24       0.5
1967-03-24      1.86                2.32       2.2
1967-03-25      5.64                2.14       5.9
1967-03-26      7.31                1.28       3.6
1967-03-27      5.98                1.73       8.9
1967-03-28       0.0                2.81       7.0
1967-03-29      1.26                2.49       8.1
1967-03-30      2.56                 1.2       7.9
1967-03-31      0.48                1.78       8.6
1967-04-01       0.0                1.81      11.6
1967-04-02       0.1                3.07      13.3
1967-04-03      4.25                2.66      11.6
1967-04-04       0.0                2.98       5.0
1967-04-05       0.0                 3.0       6.4
1967-04-06      0.16                3.23       9.5
1967-04-07      2.47                3.61       9.9
1967-04-08      9.76                1.43       8.6
1967-04-09      0.45                 2.9      13.2
1967-04-10      0.88                1.48       8.9
1967-04-11      0.34                3.25       8.2
1967-04-12       0.0                3.03       9.3
1967-04-13       0.0                3.32      11.2
1967-04-14       0.0                3.93      11.2
1967-04-15       0.0                3.97       9.6
1967-04-16      0.12                3.48       9.4
1967-04-17      0.89                2.63       8.4
1967-04-18       1.2                2.84      11.3
1967-04-19      4.55                 1.6       9.6
1967-04-20      2.85                2.99      11.2
1967-04-21       0.0                 4.0      14.2
1967-04-22       0.0                3.27      13.1
1967-04-23      0.22                3.64      15.7
1967-04-24       0.0                 3.9      14.6
1967-04-25      0.35                4.09      15.8
1967-04-26      4.67                3.39      15.1
1967-04-27      3.66                2.23      15.3
1967-04-28       0.3                3.86      18.1
1967-04-29      0.28                3.96      18.0
1967-04-30     15.17                2.02      18.1
1967-05-01      2.59                4.71      18.5
1967-05-02       0.0                4.94      17.2
1967-05-03       0.0                 4.3      15.5
1967-05-04       0.0                4.49      15.0
1967-05-05       0.0                3.97      16.5
1967-05-06       0.0                3.67      18.5
1967-05-07      0.34                5.26      19.2
1967-05-08      7.12                2.99      18.9
1967-05-09      1.44                2.87      17.5
1967-05-10       0.0                4.18      17.6
1967-05-11       0.0                4.52      18.5
1967-05-12       0.0                 4.5      20.7
1967-05-13       0.0                4.55      21.2
1967-05-14       0.0                5.05      19.4
1967-05-15       0.0                4.59      17.7
1967-05-16       0.0                4.02      18.5
1967-05-17       0.0                4.85      18.3
1967-05-18       1.0                4.72      21.0
1967-05-19       0.0                5.68      19.8
1967-05-20      3.01                 5.0      20.4
1967-05-21      0.22                4.35      20.8
1967-05-22      0.18                4.98      20.3
1967-05-23      0.16                2.61      21.5
1967-05-24      5.52                3.52      22.3
1967-05-25     29.13                2.27      20.2
1967-05-26       5.0                4.39      20.8
1967-05-27      0.01                4.79      19.8
1967-05-28       0.1                4.77      21.9
1967-05-29       0.0                5.32      22.5
1967-05-30       0.0                5.04      22.9
1967-05-31       0.0                3.94      20.6
1967-06-01       0.0                3.89      20.5
1967-06-02       0.0                4.83      20.4
1967-06-03      3.48                2.39      18.2
1967-06-04      4.05                3.12      19.1
1967-06-05       0.0                4.83      21.4
1967-06-06       0.0                4.64      22.0
1967-06-07      2.08                5.99      19.8
1967-06-08       4.1                3.31      18.3
1967-06-09      4.47                1.92      15.5
1967-06-10      0.65                2.61      19.3
1967-06-11      0.77                3.71      21.0
1967-06-12      0.81                4.33      22.0
1967-06-13       0.0                4.73      20.8
1967-06-14      1.53                 4.8      22.5
1967-06-15      0.19                5.04      23.8
1967-06-16      2.06                4.79      24.9
1967-06-17      1.14                2.37      20.5
1967-06-18      5.06                 4.2      24.2
1967-06-19      1.88                4.42      22.0
1967-06-20      9.75                3.57      21.5
1967-06-21      0.92                4.25      22.8
1967-06-22      2.23                4.87      23.5
1967-06-23      1.72                5.26      24.5
1967-06-24       0.0                3.91      23.0
1967-06-25       3.3                3.04      23.5
1967-06-26      0.25                 4.5      23.2
1967-06-27     15.98                2.54      24.2
1967-06-28      9.17                2.73      21.7
1967-06-29     19.69                4.44      21.8
1967-06-30     35.38                3.72      23.8
1967-07-01     26.48                2.32      21.3
1967-07-02     16.93                2.24      20.1
1967-07-03     14.51                3.03      22.5
1967-07-04      1.54                2.97      20.0
1967-07-05       1.6                4.88      20.5
1967-07-06      2.01                4.32      21.3
1967-07-07       0.0                4.71      22.4
1967-07-08      1.47                5.06      25.1
1967-07-09      0.72                5.07      25.9
1967-07-10      4.56                5.07      25.6
1967-07-11      3.38                 4.0      25.5
1967-07-12     56.87                2.17      22.6
1967-07-13     23.91                2.39      24.8
1967-07-14      3.69                5.28      27.5
1967-07-15     21.31                3.69      26.0
1967-07-16      1.11                4.54      27.5
1967-07-17      0.01                5.45      27.1
1967-07-18      0.68                5.88      28.2
1967-07-19     53.92                2.51      25.5
1967-07-20     53.16                 2.4      22.2
1967-07-21     11.86                3.88      26.8
1967-07-22      3.58                2.83      26.6
1967-07-23      7.16                2.71      26.2
1967-07-24      1.75                4.24      28.2
1967-07-25      0.19                5.94      28.3
1967-07-26      0.54                5.84      27.9
1967-07-27       3.5                4.05      28.8
1967-07-28      2.57                4.15      28.9
1967-07-29      1.41                3.87      28.4
1967-07-30       0.0                3.91      29.0
1967-07-31      0.04                4.84      28.2
1967-08-01      0.05                3.86      27.7
