1966-04-01       0.0                1.81      6.47
1966-04-02       0.0                3.07       6.8
1966-04-03       0.0                2.66      7.43
1966-04-04       0.0                2.98       7.8
1966-04-05      0.02                 3.0       8.3
1966-04-06      0.05                3.23      8.77
1966-04-07      0.42                3.61      9.23
1966-04-08       0.0                1.43       9.4
1966-04-09       0.0                 2.9       9.5
1966-04-10      0.29                1.48       9.4
1966-04-11       0.0                3.25       9.4
1966-04-12       0.0                3.03       9.4
1966-04-13       0.0                3.32       9.6
1966-04-14      0.06                3.93       9.8
1966-04-15      2.89                3.97     10.23
1966-04-16      2.63                3.48      10.8
1966-04-17       0.0                2.63     10.97
1966-04-18       0.0                2.84     11.27
1966-04-19       0.0                 1.6     11.53
1966-04-20       0.0                2.99     11.73
1966-04-21       0.0                 4.0     11.77
1966-04-22       0.0                3.27     11.87
1966-04-23      0.28                3.64      12.0
1966-04-24      0.08                 3.9      12.0
1966-04-25      8.66                4.09      12.1
1966-04-26     19.04                3.39      12.3
1966-04-27      1.88                2.23     12.47
1966-04-28      0.55                3.86     12.77
1966-04-29      0.02                3.96     12.97
1966-04-30       0.0                2.02     13.27
1966-05-01      6.51                4.71      13.6
1966-05-02      3.69                4.94     13.87
1966-05-03       0.0                 4.3      14.2
1966-05-04       0.0                4.49     14.37
1966-05-05       0.0                3.97     14.47
1966-05-06      0.87                3.67     14.57
1966-05-07      7.61                5.26     14.57
1966-05-08      2.01                2.99     14.53
1966-05-09      0.24                2.87     14.63
1966-05-10     20.45                4.18     14.83
1966-05-11      2.63                4.52      14.7
1966-05-12      0.89                 4.5      14.6
1966-05-13      0.05                4.55     14.63
1966-05-14      4.53                5.05     14.73
1966-05-15      3.37                4.59     14.77
1966-05-16      0.37                4.02     14.97
1966-05-17       0.0                4.85      15.3
1966-05-18       0.0                4.72      15.6
1966-05-19      0.19                5.68      15.8
1966-05-20      0.05                 5.0      16.0
1966-05-21      0.24                4.35     16.27
1966-05-22       0.0                4.98     16.33
1966-05-23       0.0                2.61     16.33
1966-05-24       0.0                3.52     16.43
1966-05-25       0.0                2.27     16.53
1966-05-26       0.0                4.39     16.53
1966-05-27       0.0                4.79     16.73
1966-05-28       0.0                4.77      17.0
1966-05-29       0.0                5.32      17.2
1966-05-30      0.08                5.04      17.4
1966-05-31      0.29                3.94     17.67
1966-06-01       0.0                3.89     17.77
1966-06-02      0.02                4.83     17.97
1966-06-03      3.12                2.39     18.17
1966-06-04      5.46                3.12     18.47
1966-06-05     13.28                4.83     18.67
1966-06-06      0.67                4.64     18.77
1966-06-07      0.01                5.99     18.77
1966-06-08      0.37                3.31      18.8
1966-06-09      2.27                1.92     18.87
1966-06-10      0.17                2.61      18.9
1966-06-11       0.0                3.71      19.1
1966-06-12       0.0                4.33      19.3
1966-06-13       0.0                4.73      19.5
1966-06-14       0.0                 4.8     19.57
1966-06-15       0.0                5.04     19.67
1966-06-16       0.0                4.79     19.77
1966-06-17       0.0                2.37     19.87
1966-06-18      1.86                 4.2     19.97
1966-06-19      2.83                4.42     20.07
1966-06-20      0.08                3.57     20.17
1966-06-21      0.01                4.25     20.23
1966-06-22       0.0                4.87      20.3
1966-06-23      2.07                5.26     20.33
1966-06-24     73.23                3.91     20.43
1966-06-25    117.31                3.04     20.53
1966-06-26      28.2                 4.5     20.73
1966-06-27      6.33                2.54      21.0
1966-06-28      9.92                2.73      21.2
1966-06-29      0.02                4.44      21.2
1966-06-30      0.17                3.72     21.27
1966-07-01      2.01                2.32      21.3
1966-07-02      1.48                2.24      21.4
1966-07-03      0.99                3.03      21.5
1966-07-04      2.32                2.97      21.7
1966-07-05      2.09                4.88      21.8
1966-07-06      3.58                4.32      21.9
1966-07-07     16.74                4.71      22.0
1966-07-08      3.74                5.06      22.1
1966-07-09      2.16                5.07     22.03
1966-07-10       0.2                5.07     22.03
1966-07-11      3.31                 4.0     22.13
1966-07-12       2.0                2.17     22.23
1966-07-13      2.76                2.39      22.3
1966-07-14     76.83                5.28      22.3
1966-07-15     97.29                3.69      22.4
1966-07-16     50.83                4.54     22.53
1966-07-17     26.87                5.45     22.63
1966-07-18     10.96                5.88     22.83
1966-07-19     13.04                2.51     23.13
1966-07-20     55.32                 2.4     23.43
1966-07-21     23.83                3.88     23.53
1966-07-22     36.98                2.83     23.67
1966-07-23    107.13                2.71     23.57
1966-07-24     93.15                4.24     23.57
1966-07-25     90.71                5.94     23.47
1966-07-26     11.81                5.84     23.47
1966-07-27      5.71                4.05     23.63
1966-07-28      4.24                4.15     23.83
1966-07-29      7.79                3.87     24.13
1966-07-30      4.72                3.91     24.43
1966-07-31     11.42                4.84     24.53
1966-08-01     17.67                3.86     24.53
1966-08-02      5.17                3.56     24.47
1966-08-03      2.21                2.92     24.33
1966-08-04      2.57                5.24     24.23
1966-08-05      4.27                4.18     24.07
1966-08-06      0.08                2.18      24.0
1966-08-07      2.16                3.74      24.0
1966-08-08      4.89                3.18      24.0
1966-08-09      2.28                3.37      23.9
1966-08-10      6.23                 2.7      23.9
1966-08-11     11.81                3.08     23.87
1966-08-12       4.6                2.18      23.8
1966-08-13       0.0                 2.5     23.77
1966-08-14      0.09                3.03      23.6
1966-08-15      0.97                2.05     23.47
1966-08-16     19.21                2.01     23.27
1966-08-17     32.51                3.34     23.07
1966-08-18      4.02                2.75     22.87
1966-08-19      8.92                2.63      22.7
1966-08-20     20.68                3.09      22.6
1966-08-21      5.13                4.33     22.33
1966-08-22      3.11                3.86     22.13
1966-08-23     11.76                2.08     21.93
1966-08-24      8.26                 3.5     21.83
1966-08-25      1.37                3.76      21.6
1966-08-26      0.19                2.93     21.53
1966-08-27       0.0                2.82      21.5
1966-08-28       0.0                2.06      21.5
1966-08-29       0.0                 2.6      21.5
1966-08-30      4.84                2.18     21.43
1966-08-31      3.84                3.13     21.33
1966-09-01     12.92                4.03     21.23
1966-09-02      9.72                1.89     20.93
1966-09-03      3.44                1.89      20.6
1966-09-04     16.21                1.87     20.33
1966-09-05     54.34                1.74     20.03
1966-09-06     28.65                1.96     19.93
1966-09-07     24.67                 2.6     19.83
1966-09-08      5.99                2.43     19.63
1966-09-09      1.41                3.55     19.37
1966-09-10      3.77                2.22     19.17
1966-09-11     17.43                3.25      18.8
1966-09-12      0.91                3.75      18.5
1966-09-13       3.2                3.66      18.3
1966-09-14       0.0                3.49      18.2
1966-09-15       0.0                2.92      18.0
1966-09-16       0.0                3.57      17.9
1966-09-17      0.89                3.13      17.8
1966-09-18       0.0                2.34     17.63
1966-09-19       0.0                2.31     17.33
1966-09-20      0.24                3.11     17.03
1966-09-21      1.25                3.44     16.73
1966-09-22      1.37                 2.7     16.63
1966-09-23       0.0                2.04     16.33
1966-09-24      0.98                2.36     16.13
1966-09-25      5.75                2.68     16.03
1966-09-26      0.11                2.34     15.83
1966-09-27       0.0                2.77     15.53
1966-09-28       0.0                2.51     15.27
1966-09-29       0.0                 2.8     15.17
1966-09-30       0.0                2.42     14.97
1966-10-01       0.0                 1.5      14.8
1966-10-02      1.18                2.56     14.57
1966-10-03      0.83                2.11     14.37
1966-10-04      0.14                2.06      14.1
1966-10-05       0.0                1.87      13.9
1966-10-06       0.0                1.99      13.6
1966-10-07       0.0                2.29      13.5
1966-10-08      0.05                2.04     13.47
1966-10-09      4.95                1.77     13.47
1966-10-10      8.85                1.73     13.47
1966-10-11     15.12                1.78     13.27
1966-10-12      4.69                1.03     13.07
1966-10-13      4.18                1.76     12.77
1966-10-14       1.1                2.18     12.47
1966-10-15      6.59                1.92      12.1
1966-10-16      6.04                1.53     11.83
1966-10-17      0.94                1.81     11.53
1966-10-18       0.0                1.74     11.13
1966-10-19       0.0                1.78      10.8
1966-10-20      0.02                1.59     10.43
1966-10-21       0.0                2.84      10.1
1966-10-22       0.0                2.57       9.9
1966-10-23       0.0                1.61      9.73
1966-10-24      0.08                2.01      9.53
1966-10-25      3.78                2.05       9.3
1966-10-26      0.84                2.61       9.2
1966-10-27      2.38                1.99       9.0
1966-10-28      1.07                1.76      8.73
1966-10-29      0.22                1.08      8.53
1966-10-30       0.0                2.23      8.33
1966-10-31       0.0                0.98      8.03
1966-11-01       0.0                0.78       7.8
