1997-02-01      0.03                0.58      -5.8
1997-02-02      0.13                0.67     -6.57
1997-02-03       0.1                0.75      -5.0
1997-02-04       0.0                0.64     -5.16
1997-02-05       0.2                 0.8      -3.4
1997-02-06      0.06                0.83     -4.17
1997-02-07      0.03                0.79     -4.63
1997-02-08       0.0                0.72      -3.0
1997-02-09      0.33                0.85     -1.43
1997-02-10      1.55                0.77     -2.63
1997-02-11      0.44                1.02     -5.53
1997-02-12       0.0                0.89     -6.57
1997-02-13       0.0                0.95     -5.73
1997-02-14      0.07                1.03     -3.33
1997-02-15      0.37                0.93      0.44
1997-02-16      0.94                1.22      -4.3
1997-02-17       0.0                0.98     -6.26
1997-02-18      0.35                0.92     -5.66
1997-02-19       0.0                1.34     -3.53
1997-02-20      0.01                1.29      2.84
1997-02-21       0.0                1.91      -2.1
1997-02-22       0.0                1.09     -3.27
1997-02-23       0.0                1.27      0.23
1997-02-24      1.32                1.48      3.13
1997-02-25      9.59                0.68       1.8
1997-02-26       0.3                1.73      3.33
1997-02-27      1.31                1.66      5.43
1997-02-28     16.63                0.71      2.63
1997-03-01      0.09                1.64       3.3
1997-03-02       0.0                1.65      0.43
1997-03-03       0.0                1.51     -1.17
1997-03-04       0.0                 1.2      4.14
1997-03-05      0.17                1.91      7.63
1997-03-06     10.54                0.74      3.64
1997-03-07       0.1                 2.4      7.17
1997-03-08       0.0                1.94      5.34
1997-03-09       0.0                1.86      6.27
1997-03-10      0.08                1.01       4.5
1997-03-11       0.0                1.89       6.0
1997-03-12       0.0                1.96      6.57
1997-03-13       0.0                2.42      9.47
1997-03-14      8.11                1.36      4.53
1997-03-15      3.49                1.06       1.7
1997-03-16      3.23                1.42      0.53
1997-03-17       0.0                2.06      1.83
1997-03-18       0.0                1.99      3.93
1997-03-19       0.0                2.29      4.07
1997-03-20       0.0                2.46      6.07
1997-03-21       0.0                 2.1      6.27
1997-03-22      0.58                2.14      5.17
1997-03-23      2.15                1.53     -0.13
1997-03-24      0.06                2.44      2.04
1997-03-25       0.0                2.49      6.24
1997-03-26       0.0                2.23       6.5
1997-03-27       0.0                 2.8       7.8
1997-03-28       0.0                3.08       9.5
1997-03-29       0.0                2.75      8.57
1997-03-30       0.0                2.93       2.2
1997-03-31      0.88                 2.5       2.2
1997-04-01      4.92                 2.4       8.2
1997-04-02      16.5                 1.3       7.6
1997-04-03      0.01                2.11       7.2
1997-04-04      0.52                1.44      7.77
1997-04-05       1.2                1.96      9.83
1997-04-06      2.96                1.32       7.0
1997-04-07      0.04                2.93     11.47
1997-04-08       0.0                3.11     11.47
1997-04-09       0.0                3.99      8.93
1997-04-10       0.0                3.53      8.24
1997-04-11       0.0                3.26      7.93
1997-04-12       0.0                 4.0      9.84
1997-04-13       0.0                3.67      11.0
1997-04-14       0.0                3.79      12.0
1997-04-15      0.32                3.33      9.37
1997-04-16      2.61                2.86      9.17
1997-04-17      0.35                 1.6       7.7
1997-04-18       0.0                3.25      9.67
1997-04-19      0.53                3.18     10.43
1997-04-20       0.0                3.49     11.93
1997-04-21       0.0                3.62     12.93
1997-04-22       0.0                3.03      9.13
1997-04-23       0.0                3.84     10.27
1997-04-24       0.0                3.09       9.8
1997-04-25       0.0                3.62      11.0
1997-04-26       0.0                 4.2     12.87
1997-04-27       0.0                4.11      14.0
1997-04-28      0.63                3.72     14.07
1997-04-29       1.4                 2.1      14.4
1997-04-30       0.0                3.63     14.43
1997-05-01      0.25                4.48     13.73
1997-05-02      0.34                3.25      14.3
1997-05-03      0.81                4.22     18.67
1997-05-04       2.3                2.07     15.07
1997-05-05      0.48                5.01     18.07
1997-05-06     13.33                1.94     18.83
1997-05-07     86.24                1.73      13.0
1997-05-08     14.76                1.58      7.47
1997-05-09      0.78                3.49     12.07
1997-05-10       0.0                4.03     14.24
1997-05-11      0.27                3.75      14.4
1997-05-12     19.34                2.73     13.67
1997-05-13     52.88                1.68      12.1
1997-05-14      5.54                1.76      13.6
1997-05-15       0.5                2.18     16.97
1997-05-16       0.0                4.08      15.8
1997-05-17       0.0                4.74      14.7
1997-05-18       0.0                3.75     17.43
1997-05-19     10.64                2.81      13.9
1997-05-20      1.72                3.06      11.1
1997-05-21      4.23                2.63      12.7
1997-05-22      0.81                3.73     14.77
1997-05-23     13.53                 1.7     11.27
1997-05-24     34.13                2.25      10.5
1997-05-25      5.74                3.45      13.3
1997-05-26      1.13                3.95      13.1
1997-05-27      0.04                3.76      13.1
1997-05-28      3.49                3.12      13.2
1997-05-29      10.6                1.95     15.33
1997-05-30     19.77                1.96     15.77
1997-05-31      0.08                3.52      17.1
1997-06-01     42.23                4.17      18.4
1997-06-02      0.07                3.89     14.67
1997-06-03      0.24                4.16      16.1
1997-06-04      2.24                3.56     16.67
1997-06-05     11.38                2.28     13.97
1997-06-06      2.77                 4.5     17.63
1997-06-07      0.17                 4.8      18.9
1997-06-08      0.59                2.05     16.53
1997-06-09      0.27                 4.9     19.93
1997-06-10      0.04                 5.4     19.73
1997-06-11      2.51                4.91      18.8
1997-06-12      1.44                4.25     18.87
1997-06-13      0.04                 4.6      21.2
1997-06-14       0.0                5.51     22.23
1997-06-15       0.0                6.15     22.17
1997-06-16       0.0                5.42      21.6
1997-06-17       0.0                4.97      22.9
1997-06-18       0.0                5.11     23.47
1997-06-19       0.0                3.75     22.23
1997-06-20       0.0                2.64      21.5
1997-06-21       0.0                3.47     22.87
1997-06-22      0.17                2.77      22.2
1997-06-23       0.0                4.41     23.17
1997-06-24       0.0                4.45     23.77
1997-06-25     39.63                2.16     20.73
1997-06-26     52.49                2.12     19.33
1997-06-27      5.05                2.33     21.27
1997-06-28      0.02                5.44     20.97
1997-06-29      2.55                5.39      22.1
1997-06-30      9.14                3.36     23.27
1997-07-01     89.73                2.12      19.1
1997-07-02      0.89                3.71     23.03
1997-07-03      1.65                2.73     23.67
1997-07-04     37.35                2.39     22.77
1997-07-05     13.67                2.45     18.93
1997-07-06      3.87                2.23     17.73
1997-07-07       0.2                4.12      20.7
1997-07-08       0.0                4.08      22.0
1997-07-09       0.0                4.91     22.17
1997-07-10       0.0                5.03      23.6
1997-07-11       0.0                5.63      22.6
1997-07-12      2.59                3.04      20.6
1997-07-13       0.0                4.26     22.23
1997-07-14       0.0                4.03      24.2
1997-07-15     55.25                2.15      21.2
1997-07-16     15.14                3.77     23.97
1997-07-17      0.08                5.01     22.87
1997-07-18       0.0                5.22     23.17
1997-07-19       0.0                4.64     23.93
1997-07-20       0.0                3.93     24.23
1997-07-21       0.0                 3.5      25.4
1997-07-22       0.0                4.59     26.03
1997-07-23      0.07                5.33      27.2
1997-07-24      0.05                5.55      26.6
1997-07-25      0.08                5.14      27.4
1997-07-26       0.0                5.71     24.83
1997-07-27       0.0                3.08     23.23
1997-07-28      0.22                5.41      24.7
1997-07-29      7.05                4.78      25.4
1997-07-30      1.54                 5.1     26.03
1997-07-31      0.03                4.82     26.63
1997-08-01      2.83                4.68      27.5
1997-08-02      8.16                4.12     26.17
1997-08-03     26.71                2.45     23.27
1997-08-04      24.8                1.98     20.73
1997-08-05      0.23                5.01     23.73
1997-08-06       0.0                4.34     24.33
1997-08-07      0.81                2.15      23.6
1997-08-08       9.3                3.31     25.73
1997-08-09      2.71                4.05     26.17
1997-08-10      0.18                2.93     23.37
1997-08-11      1.28                3.21     23.03
1997-08-12      0.13                4.73      22.0
1997-08-13       0.0                5.17      22.3
1997-08-14       0.0                5.32      22.1
1997-08-15       0.0                5.18     21.83
1997-08-16       0.0                5.09     21.67
1997-08-17       0.0                4.96     21.83
1997-08-18      5.61                3.76     23.07
1997-08-19     20.36                2.01      21.0
1997-08-20      0.03                3.94      25.3
1997-08-21      3.08                2.61     24.07
1997-08-22      0.01                 4.8     22.87
1997-08-23       0.0                3.85      23.0
1997-08-24       1.8                4.26      24.1
1997-08-25       0.0                 3.7     21.67
1997-08-26       0.0                4.13      22.1
1997-08-27       0.0                3.67     23.93
1997-08-28       0.0                3.93     23.47
1997-08-29       0.0                3.35     23.33
1997-08-30      0.59                2.96      25.2
1997-08-31       1.3                4.04     25.94
1997-09-01     41.53                 3.5      25.9
