1997-11-01       0.0                1.04      3.03
1997-11-02       0.0                0.97       5.4
1997-11-03       0.0                0.91       6.9
1997-11-04       0.0                0.78       8.6
1997-11-05       0.0                0.96      7.67
1997-11-06       0.0                0.96      6.63
1997-11-07       0.0                0.87      6.83
1997-11-08       0.0                0.85      8.63
1997-11-09       0.0                 0.8      7.03
1997-11-10       0.1                1.08      9.37
1997-11-11      0.62                0.86      8.77
1997-11-12     14.52                0.71      9.03
1997-11-13      1.98                 1.4      7.67
1997-11-14      1.59                0.62      7.33
1997-11-15      0.35                0.78       7.7
1997-11-16      0.27                0.79      7.63
1997-11-17      0.87                1.39       2.2
1997-11-18      0.37                1.02     -1.67
1997-11-19       0.0                0.54     -0.83
1997-11-20       0.0                0.71      3.77
1997-11-21     10.88                0.48       2.7
1997-11-22      1.91                0.88       7.0
1997-11-23       0.0                0.61      5.57
1997-11-24      1.05                 0.6      5.73
1997-11-25      22.4                0.49       5.2
1997-11-26      6.91                0.69      8.17
1997-11-27      1.31                 0.9      5.07
1997-11-28      4.68                0.77       5.4
1997-11-29     22.84                0.51       5.4
1997-11-30      1.14                0.68      5.43
1997-12-01       0.0                0.82     -1.97
1997-12-02       0.0                0.87     -7.17
1997-12-03       0.0                 0.4     -8.13
1997-12-04       0.0                0.37     -4.23
1997-12-05      0.62                0.43       1.5
1997-12-06     17.25                0.41      1.47
1997-12-07      8.54                0.56      4.13
1997-12-08      3.93                0.58     -0.17
1997-12-09      0.32                0.87     -5.73
1997-12-10      0.34                0.73      -9.0
1997-12-11      1.89                0.52     -6.33
1997-12-12       0.0                0.31     -8.33
1997-12-13       0.0                0.38     -4.16
1997-12-14      0.54                0.32     -2.96
1997-12-15       0.6                0.74     -0.07
1997-12-16       0.0                0.32     -2.26
1997-12-17       0.0                0.44      1.57
1997-12-18      0.03                0.49      4.17
1997-12-19       0.0                 0.6       6.3
1997-12-20      0.17                 0.5      4.33
1997-12-21      0.31                0.92      2.27
1997-12-22      0.08                0.72      2.13
1997-12-23      0.22                1.01      1.73
1997-12-24      0.03                0.55      1.13
1997-12-25       0.0                0.46      0.87
1997-12-26       0.0                0.42      0.73
1997-12-27       0.0                0.45      0.64
1997-12-28       0.0                0.47      -1.2
1997-12-29       0.0                0.37      -3.8
1997-12-30       0.0                0.51     -1.57
1997-12-31      0.17                0.56     -2.27
1998-01-01      2.96                0.37     -1.06
1998-01-02      0.17                0.42     -0.26
1998-01-03       0.0                0.54       3.1
1998-01-04      0.09                1.43     -2.53
1998-01-05      1.42                0.59     -4.37
1998-01-06      0.01                 1.1      -3.3
1998-01-07      0.55                0.36      -3.1
1998-01-08      6.31                0.52     -0.37
1998-01-09      0.16                0.45     -1.27
1998-01-10      0.07                0.43      1.47
1998-01-11      0.99                0.99      0.13
1998-01-12      1.96                0.46     -0.43
1998-01-13       1.5                 0.5     -0.83
1998-01-14      4.62                0.92      -2.1
1998-01-15      4.16                1.26      -2.5
1998-01-16      1.41                0.78     -1.93
1998-01-17      0.27                0.56      -1.8
1998-01-18      0.25                1.16     -5.73
1998-01-19      0.11                0.78    -11.37
1998-01-20       1.8                0.68     -6.53
1998-01-21      0.21                0.61     -8.33
1998-01-22      0.37                0.66     -5.07
1998-01-23       0.0                0.87      -9.6
1998-01-24       0.0                0.61     -12.4
1998-01-25      0.18                0.58    -10.56
1998-01-26      0.34                 0.8     -5.23
1998-01-27       0.0                0.75      -7.3
1998-01-28       0.0                 0.6     -7.23
1998-01-29       0.0                0.78     -6.56
1998-01-30       0.0                0.98     -1.53
1998-01-31       0.0                0.86     -2.77
1998-02-01       0.0                0.65     -4.07
1998-02-02       0.0                0.79      -3.4
1998-02-03      0.79                0.57      -2.3
1998-02-04      0.05                0.78     -1.43
1998-02-05       0.0                0.85      -4.2
1998-02-06       0.0                 1.0      -1.1
1998-02-07      1.39                0.57      -1.0
1998-02-08      0.13                1.33     -4.37
1998-02-09      3.39                0.46      -7.5
1998-02-10      0.48                0.76      -4.5
1998-02-11      1.93                0.82      -1.6
1998-02-12      6.39                1.34      4.83
1998-02-13      5.64                0.57      0.33
1998-02-14      0.26                0.94     -0.13
1998-02-15       0.0                0.96      0.73
1998-02-16       0.0                1.16      0.67
1998-02-17       0.0                1.46       0.4
1998-02-18       0.0                1.23       1.4
1998-02-19      3.15                0.98       4.2
1998-02-20      4.35                1.51      4.23
1998-02-21      0.05                1.75     -0.23
1998-02-22       0.0                1.64      1.83
1998-02-23      0.07                1.57       3.0
1998-02-24      0.25                1.51      2.13
1998-02-25       0.0                2.03       3.3
1998-02-26      0.22                1.47      3.23
1998-02-27      6.97                 0.7       1.5
1998-02-28       2.1                1.03      0.47
1998-03-01       0.0                1.53      2.97
1998-03-02       0.0                1.39      3.77
1998-03-03       0.0                1.59       4.2
1998-03-04       0.0                1.89      4.73
1998-03-05       0.0                1.98       5.0
1998-03-06      0.01                2.17       7.0
1998-03-07       0.0                2.33      3.67
1998-03-08       0.0                1.87       3.9
1998-03-09       0.0                2.47       4.9
1998-03-10      0.06                2.26       4.1
1998-03-11      3.25                 1.0      3.13
1998-03-12      0.18                2.25       5.8
1998-03-13      0.55                2.31       5.9
1998-03-14       0.0                2.15       2.7
1998-03-15       0.0                2.21      0.13
1998-03-16       0.0                1.46      3.24
1998-03-17       0.0                 2.1      5.27
1998-03-18      0.24                1.83      7.43
1998-03-19      22.9                1.15      7.87
1998-03-20      0.28                2.33      0.34
1998-03-21      1.03                 1.9     -0.03
1998-03-22       0.0                2.09      -0.2
1998-03-23       0.0                2.22       2.6
1998-03-24       0.0                 2.3       4.5
1998-03-25       0.0                2.52      8.27
1998-03-26      1.14                1.48      7.23
1998-03-27      0.26                1.88      8.27
1998-03-28       0.0                2.68     10.47
1998-03-29       0.0                3.11      12.0
1998-03-30       0.0                1.97     12.13
1998-03-31      0.56                3.14     10.33
1998-04-01     11.19                1.68       4.7
1998-04-02      0.69                2.54      3.87
1998-04-03       0.0                2.69      5.43
1998-04-04      0.57                2.42      7.23
1998-04-05      7.46                1.29      8.74
1998-04-06      0.14                4.25      11.6
1998-04-07      0.05                3.18     11.27
1998-04-08      0.14                1.75     13.93
1998-04-09       0.0                3.78     14.17
1998-04-10       0.0                2.74     13.53
1998-04-11      0.31                3.73     16.13
1998-04-12     11.34                1.66     14.03
1998-04-13     23.25                2.71      14.2
1998-04-14      6.23                3.14     15.27
1998-04-15      1.57                2.38     11.23
1998-04-16       0.7                3.28      12.7
1998-04-17      0.07                2.95     14.03
1998-04-18       0.0                3.81     13.97
1998-04-19       0.0                3.87      15.3
1998-04-20       0.0                 3.6      16.8
1998-04-21       0.0                3.31     19.47
1998-04-22     22.67                2.75     18.53
1998-04-23     14.84                1.92      19.7
1998-04-24     17.81                 2.4     16.03
1998-04-25      0.35                 3.8     10.33
1998-04-26      0.01                2.74      11.5
1998-04-27       0.0                4.06     14.23
1998-04-28       0.0                4.38     16.27
1998-04-29      4.38                1.86      12.1
1998-04-30      0.08                3.67      14.8
1998-05-01       6.2                1.72      12.9
1998-05-02      39.7                1.93      15.4
1998-05-03      1.45                4.32     11.77
1998-05-04       0.0                4.08      13.0
1998-05-05       0.0                4.36     15.33
1998-05-06       0.0                4.41     16.23
1998-05-07      0.85                 2.0     15.27
1998-05-08      2.17                3.94      14.0
1998-05-09       0.0                3.53      14.7
1998-05-10      0.29                2.41     14.07
1998-05-11      4.91                2.05     11.27
1998-05-12     10.06                 1.8      11.0
1998-05-13      0.21                4.02      14.4
1998-05-14      0.02                3.94     17.93
1998-05-15      0.86                 4.7     18.17
1998-05-16      20.6                1.85     11.27
1998-05-17      1.31                3.32     15.37
1998-05-18       0.0                3.04      15.9
1998-05-19       0.0                 3.9     17.63
1998-05-20      0.01                4.18      19.0
1998-05-21       0.0                5.09     19.93
1998-05-22       0.0                3.89     19.13
1998-05-23       0.0                3.95     20.13
1998-05-24      0.29                2.28     17.33
1998-05-25      0.04                4.94     15.63
1998-05-26      0.02                4.86     15.63
1998-05-27      0.02                4.77     16.87
1998-05-28       0.0                4.33     17.23
1998-05-29      0.05                3.87     16.07
1998-05-30       0.0                5.11     14.97
1998-05-31       0.0                4.33     14.37
1998-06-01      0.36                3.59      15.9
