1991-08-01     15.35                3.62     25.53
1991-08-02     49.21                2.05     21.03
1991-08-03      1.11                4.16     23.13
1991-08-04      3.58                2.26     21.13
1991-08-05      2.93                2.63     21.53
1991-08-06      1.56                4.32      21.6
1991-08-07      0.31                3.45     21.73
1991-08-08      0.24                5.05      22.2
1991-08-09      5.57                 2.4     20.33
1991-08-10      1.56                 3.9      21.7
1991-08-11      0.65                4.77      21.9
1991-08-12       0.0                4.83      22.9
1991-08-13       0.0                 4.4      25.4
1991-08-14       0.0                5.38     25.83
1991-08-15       0.0                5.22      24.5
1991-08-16       0.0                5.09      23.5
1991-08-17       0.0                5.05      24.1
1991-08-18       0.0                4.89     23.23
1991-08-19       0.0                4.74     24.93
1991-08-20       0.0                5.11     25.43
1991-08-21      1.16                4.79     23.37
1991-08-22     13.68                2.52      22.7
1991-08-23     31.04                2.86     21.83
1991-08-24     12.17                3.56      21.9
1991-08-25      0.37                4.63     24.87
1991-08-26      0.04                4.28     19.47
1991-08-27       0.0                4.41      18.2
1991-08-28       0.0                 4.3     18.93
1991-08-29      0.06                 4.1      20.6
1991-08-30      0.11                4.45     23.83
1991-08-31       0.0                3.63      22.6
1991-09-01      0.32                3.85     24.27
1991-09-02       0.2                3.07     22.23
1991-09-03       2.1                1.78      21.4
1991-09-04     47.93                1.77      21.2
1991-09-05     39.02                1.84      22.1
1991-09-06     10.64                2.74     21.47
1991-09-07      0.03                3.71     22.57
1991-09-08      0.09                3.97     21.77
1991-09-09      0.04                4.09      21.7
1991-09-10      0.74                2.63     21.77
1991-09-11      4.52                1.58      20.5
1991-09-12      0.33                3.27     20.27
1991-09-13      0.76                3.77     19.03
1991-09-14      1.73                3.66      18.0
1991-09-15       0.0                3.63      17.5
1991-09-16      0.12                3.55     17.93
1991-09-17       0.0                3.03     17.63
1991-09-18       0.0                3.66     20.03
1991-09-19      2.36                3.12      19.9
1991-09-20      3.08                2.41     17.33
1991-09-21      1.17                2.22     16.73
1991-09-22      0.15                 3.0     17.47
1991-09-23      0.01                1.67     16.47
1991-09-24       0.0                2.32      18.6
1991-09-25       0.0                2.75     17.87
1991-09-26     19.03                1.76      16.9
1991-09-27     43.55                1.33     16.03
1991-09-28      0.74                2.88     14.67
1991-09-29      0.04                2.05     14.77
1991-09-30       0.0                1.36     13.74
1991-10-01       0.0                2.41     15.53
1991-10-02       0.0                2.08     16.87
1991-10-03      1.59                1.27      17.9
1991-10-04      6.05                2.58     14.07
1991-10-05       0.0                2.01     13.23
1991-10-06      1.65                2.05     13.77
1991-10-07      0.04                2.09     11.53
1991-10-08       0.0                2.29     12.97
1991-10-09      0.04                2.48     14.13
1991-10-10      0.04                 2.4      13.6
1991-10-11       0.0                2.33     13.93
1991-10-12      0.08                1.93     13.37
1991-10-13      0.14                1.84     14.47
1991-10-14      1.46                1.34      8.17
1991-10-15      0.32                1.48      9.27
1991-10-16      5.77                0.89       9.3
1991-10-17      1.34                2.44      10.9
1991-10-18       0.0                 2.3      12.0
1991-10-19      0.12                2.26      8.07
1991-10-20       0.0                1.64      6.27
1991-10-21       0.0                 1.6       8.1
1991-10-22       0.0                1.64      7.97
1991-10-23       0.0                1.23      7.33
1991-10-24       0.0                0.83      8.24
1991-10-25      0.26                1.19      10.7
1991-10-26       0.0                1.28     12.57
1991-10-27       0.0                2.04      9.94
1991-10-28       0.0                1.42      8.37
1991-10-29       0.0                1.22       9.2
1991-10-30       0.0                1.55      11.0
1991-10-31       0.0                1.13      10.5
1991-11-01       0.0                1.03      10.1
1991-11-02      0.01                 0.8      9.23
1991-11-03      0.87                1.41       8.1
1991-11-04      0.18                1.02       2.7
1991-11-05       0.0                0.77      5.57
1991-11-06       0.0                0.86       8.1
1991-11-07      7.43                0.58      8.24
1991-11-08       0.4                1.16      6.33
1991-11-09      0.95                0.95      3.63
1991-11-10       0.5                1.51      4.73
1991-11-11       0.0                1.32      2.17
1991-11-12       0.0                1.13       3.3
1991-11-13       0.0                1.58      7.43
1991-11-14       0.0                1.48      3.37
1991-11-15       0.0                0.74      1.93
1991-11-16       0.0                0.81      2.27
1991-11-17      0.16                 1.0       6.4
1991-11-18      0.95                0.64       3.6
1991-11-19      1.33                0.66      2.33
1991-11-20       0.0                0.88       3.1
1991-11-21       0.0                0.78      4.53
1991-11-22       0.0                0.73      6.77
1991-11-23      0.01                0.92      7.33
1991-11-24       0.0                0.79       1.0
1991-11-25       0.0                0.52      0.23
1991-11-26       0.0                0.53      3.27
1991-11-27       0.0                0.58       3.7
1991-11-28       0.0                0.53      4.27
1991-11-29       0.0                0.46      3.14
1991-11-30       0.0                0.72      4.77
1991-12-01       0.0                0.51      3.54
1991-12-02      0.01                0.45      4.17
1991-12-03       0.0                1.02      2.77
1991-12-04       0.0                0.45      0.94
1991-12-05       0.0                0.45      3.14
1991-12-06       0.0                0.45      4.14
1991-12-07      1.76                0.61      6.37
1991-12-08      1.99                0.67      1.63
1991-12-09      0.38                0.83     -2.47
1991-12-10      1.59                0.34     -4.23
1991-12-11      0.14                0.85     -3.67
1991-12-12       0.0                0.49     -9.83
1991-12-13       0.0                0.28     -6.56
1991-12-14       0.0                 0.4      2.87
1991-12-15      0.25                0.48      4.43
1991-12-16      1.12                0.44      4.97
1991-12-17      1.27                0.46      4.63
1991-12-18      0.46                0.44      2.83
1991-12-19      0.71                0.49      2.43
1991-12-20      0.08                0.52       3.1
1991-12-21       0.0                0.45      1.83
1991-12-22       0.0                0.46      1.57
1991-12-23      0.01                 0.5      4.73
1991-12-24      0.55                0.66      4.57
1991-12-25      3.75                0.68      1.97
1991-12-26      3.71                0.62      1.57
1991-12-27      2.32                0.49       1.4
1991-12-28      1.46                 0.9     -5.96
1991-12-29      0.15                0.43    -10.46
1991-12-30       0.0                 0.4     -8.66
1991-12-31       0.0                0.32      -3.7
1992-01-01       0.0                0.44     -1.33
1992-01-02      0.01                0.43     -2.57
1992-01-03       0.0                0.39      -3.8
1992-01-04       0.0                0.42      -5.4
1992-01-05      0.38                0.39      -3.1
1992-01-06      1.57                0.45      0.73
1992-01-07      0.97                0.62      0.73
1992-01-08      0.26                0.47       0.2
1992-01-09      0.77                 0.7     -0.07
1992-01-10      0.37                0.56      -0.9
1992-01-11       0.0                0.43     -1.93
1992-01-12      0.13                0.43     -1.36
1992-01-13      1.27                0.49      0.97
1992-01-14      0.55                0.65      -3.3
1992-01-15      0.21                 0.6     -4.63
1992-01-16      0.54                0.41     -3.76
1992-01-17       0.0                1.18     -6.47
1992-01-18       0.0                0.63     -7.93
1992-01-19       0.0                0.42     -8.43
1992-01-20      0.47                0.45      -6.4
1992-01-21      0.04                0.62     -3.33
1992-01-22       0.0                1.04     -2.73
1992-01-23      0.42                0.75     -5.47
1992-01-24      0.25                 0.7     -5.23
1992-01-25       0.0                0.74       0.2
1992-01-26       0.0                0.83     -2.53
1992-01-27       0.0                1.16      0.77
1992-01-28      1.26                0.51     -2.13
1992-01-29      0.01                0.57       1.3
1992-01-30      1.62                0.58     -0.37
1992-01-31      3.62                0.86      -1.7
1992-02-01      0.52                1.01     -3.53
1992-02-02      0.13                0.71      -3.8
1992-02-03      0.55                0.58       0.2
1992-02-04       0.0                0.78      -2.1
1992-02-05      0.04                0.79     -3.23
1992-02-06      0.49                0.66      -4.0
1992-02-07      0.07                0.98     -6.43
1992-02-08      0.08                0.89      -7.0
1992-02-09       0.0                1.09      -5.4
1992-02-10       0.0                1.46      -1.6
1992-02-11       0.0                1.18     -3.63
1992-02-12      0.55                 0.5     -3.16
1992-02-13      0.07                1.22     -2.33
1992-02-14       0.6                1.18      -1.8
1992-02-15      0.88                1.83       2.0
1992-02-16       0.0                1.39     -4.17
1992-02-17       0.0                0.97     -4.53
1992-02-18      1.17                 1.1      -1.0
1992-02-19      0.08                1.21     -5.53
1992-02-20       0.0                1.06     -5.87
1992-02-21       0.0                1.36      -3.8
1992-02-22      0.34                1.24      -3.6
1992-02-23      0.73                1.38       0.4
1992-02-24      0.01                1.17     -0.56
1992-02-25       0.0                1.35      0.07
1992-02-26       0.0                1.68      2.63
1992-02-27      1.23                1.22       7.5
1992-02-28      2.46                1.14      8.17
1992-02-29      8.55                0.86      6.57
1992-03-01       2.5                1.63      3.77
