1972-11-01      0.04                1.28       8.6
1972-11-02      0.37                1.22     10.87
1972-11-03      2.04                1.02     10.47
1972-11-04      2.32                1.57     10.27
1972-11-05     15.03                1.06      8.97
1972-11-06      3.47                1.07       7.9
1972-11-07       0.0                1.41      6.54
1972-11-08      0.08                0.97       7.7
1972-11-09      0.68                1.03     11.64
1972-11-10       0.7                1.09     10.84
1972-11-11      0.06                1.26      10.4
1972-11-12      0.07                0.71     10.01
1972-11-13      0.35                1.08      12.3
1972-11-14       6.4                0.87     10.17
1972-11-15      1.01                0.78     10.44
1972-11-16      9.01                0.75       8.5
1972-11-17      0.28                1.56      4.54
1972-11-18      0.22                0.87      1.17
1972-11-19      0.48                0.73      3.04
1972-11-20       7.8                1.37       4.9
1972-11-21       0.6                1.45     -3.43
1972-11-22      0.17                0.77     -1.63
1972-11-23     12.82                0.45     -0.16
1972-11-24     11.36                0.72     -2.93
1972-11-25      0.04                0.52     -3.06
1972-11-26      1.81                0.33     -0.99
1972-11-27      0.58                0.84     -5.06
1972-11-28       0.0                0.38     -4.49
1972-11-29      0.28                0.38     -0.66
1972-11-30      1.97                0.96       0.0
1972-12-01       0.0                0.66     -4.53
1972-12-02       0.0                0.43     -3.69
1972-12-03       0.0                 0.4     -0.52
1972-12-04      0.02                0.36      3.61
1972-12-05      1.93                0.55      6.91
1972-12-06      0.29                0.64      6.44
1972-12-07      2.59                0.54      2.61
1972-12-08       0.0                0.48     -0.66
1972-12-09       0.0                0.41     -0.29
1972-12-10      0.24                0.47      4.34
1972-12-11      0.66                0.45      4.47
1972-12-12      2.26                1.61      -1.4
1972-12-13      0.36                0.86      -7.1
1972-12-14      0.76                 0.7     -3.43
1972-12-15       0.0                0.42      0.31
1972-12-16      0.05                1.06      5.44
1972-12-17      0.76                0.56      1.07
1972-12-18      0.16                0.85      -4.3
1972-12-19      0.03                0.51     -3.89
1972-12-20       0.0                0.59      0.14
1972-12-21       0.0                0.58      0.17
1972-12-22       0.0                0.46     -0.76
1972-12-23      0.07                0.84      2.87
1972-12-24      0.16                0.95       3.2
1972-12-25      0.51                0.49      1.57
1972-12-26      0.18                0.43      3.84
1972-12-27      0.02                0.37      1.37
1972-12-28      2.71                0.34      1.51
1972-12-29      0.42                0.64     -4.43
1972-12-30      0.19                0.44     -4.89
1972-12-31       0.0                0.48     -0.06
1973-01-01      0.12                0.79      2.27
1973-01-02      0.13                1.37      -4.9
1973-01-03       0.0                 0.8     -7.73
1973-01-04       0.0                0.49      -5.4
1973-01-05      0.02                 0.5     -1.43
1973-01-06      1.07                0.49      -2.5
1973-01-07      5.74                0.53      0.03
1973-01-08      0.01                0.61       0.1
1973-01-09      0.01                0.59     -0.43
1973-01-10      0.17                0.72      -2.4
1973-01-11      0.01                0.51     -4.93
1973-01-12      0.09                0.52      -5.5
1973-01-13      0.43                0.44     -4.06
1973-01-14      0.03                0.54      -3.4
1973-01-15       0.0                0.57     -2.23
1973-01-16      0.41                0.61     -0.27
1973-01-17      2.38                0.48      1.47
1973-01-18      1.14                0.67       1.6
1973-01-19      0.01                0.63      -1.2
1973-01-20       0.0                0.73     -0.97
1973-01-21       0.0                0.76     -1.46
1973-01-22      1.62                1.44      1.13
1973-01-23      3.61                0.84      1.97
1973-01-24     16.88                0.57      1.77
1973-01-25      3.66                0.56     -0.47
1973-01-26      0.99                 0.6      -1.5
1973-01-27      0.01                0.74     -3.33
1973-01-28      0.33                 0.8     -5.03
1973-01-29      0.56                0.79     -3.83
1973-01-30       0.0                0.99      -5.7
1973-01-31       0.0                0.85     -2.67
1973-02-01      0.51                1.01       2.6
1973-02-02      0.09                 0.8      -0.8
1973-02-03      0.16                0.59       0.1
1973-02-04       0.0                1.23      0.57
1973-02-05      0.04                1.13       3.3
1973-02-06       0.0                1.61     -2.53
1973-02-07       0.0                1.24     -6.97
1973-02-08       0.0                0.97     -7.87
1973-02-09       0.0                0.97     -6.47
1973-02-10       0.0                0.98      -4.5
1973-02-11       0.0                 1.2     -3.13
1973-02-12      0.08                1.15     -3.13
1973-02-13      0.32                0.68     -2.76
1973-02-14      0.16                1.78      2.57
1973-02-15       0.0                1.26       1.1
1973-02-16      0.14                 1.3       4.0
1973-02-17      0.01                0.78      3.07
1973-02-18      0.13                 1.4       3.1
1973-02-19      0.15                1.26      4.13
1973-02-20      0.02                1.82     -0.03
1973-02-21      0.11                1.28     -1.56
1973-02-22      1.06                0.96      3.27
1973-02-23      0.04                2.09     -0.27
1973-02-24       0.0                1.74      -6.4
1973-02-25       0.0                1.27     -5.76
1973-02-26       0.0                1.39     -1.17
1973-02-27       0.0                1.54      0.93
1973-02-28       0.0                1.71       1.7
1973-03-01       0.0                1.85     -1.17
1973-03-02       0.0                1.45      -3.0
1973-03-03      0.06                 1.9     -0.27
1973-03-04      0.27                1.88      2.87
1973-03-05       0.0                2.21      -1.9
1973-03-06      0.03                1.29     -3.33
1973-03-07      0.06                 1.3     -1.13
1973-03-08       0.0                2.41       2.5
1973-03-09       0.0                1.62       0.6
1973-03-10       0.0                1.92      2.47
1973-03-11       0.0                2.01      3.53
1973-03-12       0.0                1.47      2.97
1973-03-13       0.0                2.19       2.5
1973-03-14      0.13                2.02      0.43
1973-03-15      1.15                1.62      2.37
1973-03-16      1.36                1.08       1.9
1973-03-17       0.1                 2.0      2.27
1973-03-18       0.0                2.26       2.7
1973-03-19      0.46                2.31      2.73
1973-03-20      3.25                1.32      4.33
1973-03-21      0.01                2.51      4.83
1973-03-22       0.0                2.74       5.2
1973-03-23      0.05                2.84      6.57
1973-03-24       0.0                3.08      2.47
1973-03-25       0.0                2.54     -1.07
1973-03-26      0.32                2.38      2.17
1973-03-27      7.89                1.66      5.67
1973-03-28      1.71                3.14     12.17
1973-03-29      0.37                 3.7     12.63
1973-03-30       0.0                3.36      9.47
1973-03-31       0.0                4.08     12.13
1973-04-01       0.0                2.77      7.73
1973-04-02       0.0                2.98       6.4
1973-04-03       0.0                 2.7       4.0
1973-04-04       0.0                3.14      5.03
1973-04-05       0.0                3.18       5.1
1973-04-06      0.34                3.09      7.37
1973-04-07      8.13                2.09      9.93
1973-04-08      1.26                1.67      12.3
1973-04-09      0.32                4.16      11.4
1973-04-10       0.0                2.86     12.87
1973-04-11     16.63                1.71      8.23
1973-04-12      0.16                 3.5      8.67
1973-04-13       0.0                3.49     10.24
1973-04-14      0.53                2.35      9.03
1973-04-15      1.37                2.39       9.6
1973-04-16      4.17                1.68       7.1
1973-04-17      0.03                3.86      9.37
1973-04-18       0.0                4.95     10.47
1973-04-19       0.0                4.14     13.97
1973-04-20       0.0                3.47      15.3
1973-04-21       0.0                2.54      15.0
1973-04-22       0.0                3.14     15.14
1973-04-23     11.23                2.28      16.1
1973-04-24     18.73                1.74     12.97
1973-04-25       0.0                1.86     14.37
1973-04-26       0.0                3.49     13.67
1973-04-27       0.0                4.44     11.37
1973-04-28       0.0                4.38     14.13
1973-04-29       0.0                 4.7      15.5
1973-04-30      0.05                 4.7     16.63
1973-05-01     37.24                1.86      11.8
1973-05-02      10.1                3.35      11.8
1973-05-03       0.0                3.95      13.2
1973-05-04       0.0                4.63     13.27
1973-05-05       0.0                4.43     14.73
1973-05-06      3.41                4.34      15.0
1973-05-07     30.38                1.73      12.9
1973-05-08      1.57                4.76     18.57
1973-05-09       0.0                4.56     13.73
1973-05-10       0.0                4.36     12.37
1973-05-11       0.0                4.51      12.8
1973-05-12       0.0                4.52      14.5
1973-05-13       0.0                4.63     16.17
1973-05-14      0.48                 4.9     16.67
1973-05-15      0.65                3.26     17.63
1973-05-16      5.56                2.29     16.83
1973-05-17       2.1                2.39     15.63
1973-05-18      3.06                4.51      16.0
1973-05-19       0.0                5.29     15.13
1973-05-20       0.3                 5.2      16.0
1973-05-21       0.0                5.12     13.47
1973-05-22      0.04                4.37     12.23
1973-05-23       0.0                4.83     13.67
1973-05-24       0.0                5.29     16.63
1973-05-25       0.0                3.74     17.53
1973-05-26       0.0                4.34      19.3
1973-05-27      0.28                4.92     20.83
1973-05-28      2.18                3.37     16.53
1973-05-29      0.27                5.46      18.1
1973-05-30       0.0                5.32      17.9
1973-05-31      0.46                5.01     18.47
1973-06-01      4.87                3.68     15.47
