1997-05-01      0.25                4.48     13.73
1997-05-02      0.34                3.25      14.3
1997-05-03      0.81                4.22     18.67
1997-05-04       2.3                2.07     15.07
1997-05-05      0.48                5.01     18.07
1997-05-06     13.33                1.94     18.83
1997-05-07     86.24                1.73      13.0
1997-05-08     14.76                1.58      7.47
1997-05-09      0.78                3.49     12.07
1997-05-10       0.0                4.03     14.24
1997-05-11      0.27                3.75      14.4
1997-05-12     19.34                2.73     13.67
1997-05-13     52.88                1.68      12.1
1997-05-14      5.54                1.76      13.6
1997-05-15       0.5                2.18     16.97
1997-05-16       0.0                4.08      15.8
1997-05-17       0.0                4.74      14.7
1997-05-18       0.0                3.75     17.43
1997-05-19     10.64                2.81      13.9
1997-05-20      1.72                3.06      11.1
1997-05-21      4.23                2.63      12.7
1997-05-22      0.81                3.73     14.77
1997-05-23     13.53                 1.7     11.27
1997-05-24     34.13                2.25      10.5
1997-05-25      5.74                3.45      13.3
1997-05-26      1.13                3.95      13.1
1997-05-27      0.04                3.76      13.1
1997-05-28      3.49                3.12      13.2
1997-05-29      10.6                1.95     15.33
1997-05-30     19.77                1.96     15.77
1997-05-31      0.08                3.52      17.1
1997-06-01     42.23                4.17      18.4
1997-06-02      0.07                3.89     14.67
1997-06-03      0.24                4.16      16.1
1997-06-04      2.24                3.56     16.67
1997-06-05     11.38                2.28     13.97
1997-06-06      2.77                 4.5     17.63
1997-06-07      0.17                 4.8      18.9
1997-06-08      0.59                2.05     16.53
1997-06-09      0.27                 4.9     19.93
1997-06-10      0.04                 5.4     19.73
1997-06-11      2.51                4.91      18.8
1997-06-12      1.44                4.25     18.87
1997-06-13      0.04                 4.6      21.2
1997-06-14       0.0                5.51     22.23
1997-06-15       0.0                6.15     22.17
1997-06-16       0.0                5.42      21.6
1997-06-17       0.0                4.97      22.9
1997-06-18       0.0                5.11     23.47
1997-06-19       0.0                3.75     22.23
1997-06-20       0.0                2.64      21.5
1997-06-21       0.0                3.47     22.87
1997-06-22      0.17                2.77      22.2
1997-06-23       0.0                4.41     23.17
1997-06-24       0.0                4.45     23.77
1997-06-25     39.63                2.16     20.73
1997-06-26     52.49                2.12     19.33
1997-06-27      5.05                2.33     21.27
1997-06-28      0.02                5.44     20.97
1997-06-29      2.55                5.39      22.1
1997-06-30      9.14                3.36     23.27
1997-07-01     89.73                2.12      19.1
1997-07-02      0.89                3.71     23.03
1997-07-03      1.65                2.73     23.67
1997-07-04     37.35                2.39     22.77
1997-07-05     13.67                2.45     18.93
1997-07-06      3.87                2.23     17.73
1997-07-07       0.2                4.12      20.7
1997-07-08       0.0                4.08      22.0
1997-07-09       0.0                4.91     22.17
1997-07-10       0.0                5.03      23.6
1997-07-11       0.0                5.63      22.6
1997-07-12      2.59                3.04      20.6
1997-07-13       0.0                4.26     22.23
1997-07-14       0.0                4.03      24.2
1997-07-15     55.25                2.15      21.2
1997-07-16     15.14                3.77     23.97
1997-07-17      0.08                5.01     22.87
1997-07-18       0.0                5.22     23.17
1997-07-19       0.0                4.64     23.93
1997-07-20       0.0                3.93     24.23
1997-07-21       0.0                 3.5      25.4
1997-07-22       0.0                4.59     26.03
1997-07-23      0.07                5.33      27.2
1997-07-24      0.05                5.55      26.6
1997-07-25      0.08                5.14      27.4
1997-07-26       0.0                5.71     24.83
1997-07-27       0.0                3.08     23.23
1997-07-28      0.22                5.41      24.7
1997-07-29      7.05                4.78      25.4
1997-07-30      1.54                 5.1     26.03
1997-07-31      0.03                4.82     26.63
1997-08-01      2.83                4.68      27.5
1997-08-02      8.16                4.12     26.17
1997-08-03     26.71                2.45     23.27
1997-08-04      24.8                1.98     20.73
1997-08-05      0.23                5.01     23.73
1997-08-06       0.0                4.34     24.33
1997-08-07      0.81                2.15      23.6
1997-08-08       9.3                3.31     25.73
1997-08-09      2.71                4.05     26.17
1997-08-10      0.18                2.93     23.37
1997-08-11      1.28                3.21     23.03
1997-08-12      0.13                4.73      22.0
1997-08-13       0.0                5.17      22.3
1997-08-14       0.0                5.32      22.1
1997-08-15       0.0                5.18     21.83
1997-08-16       0.0                5.09     21.67
1997-08-17       0.0                4.96     21.83
1997-08-18      5.61                3.76     23.07
1997-08-19     20.36                2.01      21.0
1997-08-20      0.03                3.94      25.3
1997-08-21      3.08                2.61     24.07
1997-08-22      0.01                 4.8     22.87
1997-08-23       0.0                3.85      23.0
1997-08-24       1.8                4.26      24.1
1997-08-25       0.0                 3.7     21.67
1997-08-26       0.0                4.13      22.1
1997-08-27       0.0                3.67     23.93
1997-08-28       0.0                3.93     23.47
1997-08-29       0.0                3.35     23.33
1997-08-30      0.59                2.96      25.2
1997-08-31       1.3                4.04     25.94
1997-09-01     41.53                 3.5      25.9
1997-09-02      60.5                1.96      21.6
1997-09-03      0.76                4.06      18.2
1997-09-04       0.0                3.91     18.03
1997-09-05       0.0                3.64     19.67
1997-09-06       0.0                3.93     20.93
1997-09-07       0.0                4.05     20.17
1997-09-08       0.0                3.36      21.5
1997-09-09      1.02                3.41     21.67
1997-09-10      8.75                1.62     17.63
1997-09-11      0.77                3.34      19.0
1997-09-12      4.55                2.02     16.57
1997-09-13     23.56                1.67     16.67
1997-09-14      0.03                3.14     15.97
1997-09-15      1.09                2.86     15.54
1997-09-16      1.98                2.25     16.07
1997-09-17      0.19                3.23     16.97
1997-09-18      0.12                 2.1     17.27
1997-09-19       0.0                2.74      14.8
1997-09-20      1.37                2.24     14.47
1997-09-21       0.0                2.65      13.0
1997-09-22      0.51                2.95     14.13
1997-09-23       0.0                2.91     14.17
1997-09-24      0.01                2.22     14.17
1997-09-25     11.06                1.22     11.67
1997-09-26     31.74                1.37     14.27
1997-09-27      0.85                2.23     15.23
1997-09-28       0.0                2.14     14.93
1997-09-29       0.0                2.14     15.27
1997-09-30       0.0                2.11      16.0
1997-10-01       0.0                1.73      15.6
1997-10-02       0.0                2.07      16.4
1997-10-03       0.0                1.95     15.53
1997-10-04      0.11                 1.2      14.5
1997-10-05      0.17                2.05      14.0
1997-10-06      0.02                2.09     13.73
1997-10-07      0.07                2.11     12.77
1997-10-08       0.0                2.13      10.3
1997-10-09      0.01                1.55     10.13
1997-10-10      0.08                2.48     13.47
1997-10-11       0.0                 2.3      8.33
1997-10-12       0.0                1.88       7.1
1997-10-13      6.67                1.86      9.37
1997-10-14      0.04                 1.8      12.3
1997-10-15      0.12                1.54     11.23
1997-10-16      9.53                1.59     11.93
1997-10-17      3.64                2.33      14.9
1997-10-18       0.0                2.03      12.3
1997-10-19       0.0                1.83      12.2
1997-10-20       0.0                2.44      16.9
1997-10-21       0.0                 2.8     14.77
1997-10-22       0.0                1.52     12.33
1997-10-23       0.0                1.74      13.9
1997-10-24       0.0                2.36      10.2
1997-10-25       0.0                1.36       4.7
1997-10-26       0.0                1.56      4.87
1997-10-27       0.0                1.28      4.57
1997-10-28       0.1                1.34       4.7
1997-10-29      0.45                 1.4      6.67
1997-10-30       0.0                1.79      2.47
1997-10-31       0.0                1.19      1.13
1997-11-01       0.0                1.04      3.03
1997-11-02       0.0                0.97       5.4
1997-11-03       0.0                0.91       6.9
1997-11-04       0.0                0.78       8.6
1997-11-05       0.0                0.96      7.67
1997-11-06       0.0                0.96      6.63
1997-11-07       0.0                0.87      6.83
1997-11-08       0.0                0.85      8.63
1997-11-09       0.0                 0.8      7.03
1997-11-10       0.1                1.08      9.37
1997-11-11      0.62                0.86      8.77
1997-11-12     14.52                0.71      9.03
1997-11-13      1.98                 1.4      7.67
1997-11-14      1.59                0.62      7.33
1997-11-15      0.35                0.78       7.7
1997-11-16      0.27                0.79      7.63
1997-11-17      0.87                1.39       2.2
1997-11-18      0.37                1.02     -1.67
1997-11-19       0.0                0.54     -0.83
1997-11-20       0.0                0.71      3.77
1997-11-21     10.88                0.48       2.7
1997-11-22      1.91                0.88       7.0
1997-11-23       0.0                0.61      5.57
1997-11-24      1.05                 0.6      5.73
1997-11-25      22.4                0.49       5.2
1997-11-26      6.91                0.69      8.17
1997-11-27      1.31                 0.9      5.07
1997-11-28      4.68                0.77       5.4
1997-11-29     22.84                0.51       5.4
1997-11-30      1.14                0.68      5.43
1997-12-01       0.0                0.82     -1.97
