1995-09-01      4.89                2.73      22.5
1995-09-02     18.93                2.15     23.73
1995-09-03       0.0                2.19     21.73
1995-09-04       0.0                3.11     20.63
1995-09-05      1.07                3.25     19.53
1995-09-06      5.46                1.59      17.7
1995-09-07       0.2                1.66     18.47
1995-09-08      0.83                3.31     19.83
1995-09-09      4.77                1.48     17.07
1995-09-10      1.67                2.19      17.2
1995-09-11      0.01                3.04     14.67
1995-09-12      0.01                2.85     16.47
1995-09-13       0.0                2.07     17.07
1995-09-14      0.15                2.84      17.2
1995-09-15      0.35                3.17     18.43
1995-09-16       0.0                3.06     16.07
1995-09-17       0.0                2.79      13.8
1995-09-18      1.15                2.43     15.07
1995-09-19       0.0                2.66     15.63
1995-09-20       0.0                2.91      15.3
1995-09-21       0.0                2.53     14.83
1995-09-22      0.02                2.74     16.93
1995-09-23      4.74                1.42     15.97
1995-09-24      0.46                1.79      18.7
1995-09-25      0.52                2.17      16.9
1995-09-26      4.62                1.74     15.27
1995-09-27       2.6                2.42     13.07
1995-09-28       0.0                1.96     14.67
1995-09-29       0.0                2.05      16.8
1995-09-30       0.0                2.53     17.97
1995-10-01       0.0                1.26      14.9
1995-10-02       0.0                1.74     17.47
1995-10-03      0.69                1.16     16.53
1995-10-04      0.19                2.59     17.77
1995-10-05       0.0                2.15      10.6
1995-10-06       0.0                1.86       8.7
1995-10-07       0.0                1.69     10.43
1995-10-08      0.24                 1.7     13.23
1995-10-09       0.0                1.78     13.43
1995-10-10       0.0                 1.7      13.4
1995-10-11       0.0                1.64     14.27
1995-10-12       0.0                1.62      15.6
1995-10-13       0.0                1.74     15.43
1995-10-14      1.26                1.65     16.23
1995-10-15      4.82                1.27     16.63
1995-10-16      0.04                1.26      13.1
1995-10-17      0.01                 1.5     13.87
1995-10-18      0.45                0.96     13.07
1995-10-19      0.05                2.18     12.17
1995-10-20       0.0                1.92      11.0
1995-10-21       0.0                 1.5     11.93
1995-10-22       0.0                1.46     11.97
1995-10-23       0.8                1.14     12.23
1995-10-24      1.41                1.72      11.1
1995-10-25      0.43                1.48       9.3
1995-10-26       0.0                1.47     11.34
1995-10-27       0.0                1.44     11.47
1995-10-28       0.0                1.07     11.37
1995-10-29      1.42                1.36     11.43
1995-10-30      5.57                1.68      10.1
1995-10-31      4.56                1.07       5.6
1995-11-01      0.64                 1.1      1.67
1995-11-02       0.0                1.19       3.4
1995-11-03       0.0                1.43      7.27
1995-11-04      0.68                1.21      6.87
1995-11-05       0.0                1.15      7.74
1995-11-06       0.0                1.17      9.14
1995-11-07       3.9                 0.8      5.77
1995-11-08       0.0                1.78      0.37
1995-11-09      1.42                0.78     -0.53
1995-11-10      1.92                1.18      4.23
1995-11-11      0.01                0.99      3.53
1995-11-12      0.06                0.76       8.5
1995-11-13      2.77                0.77      11.9
1995-11-14      0.12                1.95       5.3
1995-11-15       0.0                0.68       2.5
1995-11-16       0.0                0.74      4.24
1995-11-17       0.0                0.67      7.17
1995-11-18      0.71                 0.6      6.64
1995-11-19      1.36                0.58      5.64
1995-11-20       0.1                0.85      2.03
1995-11-21       0.0                0.71       0.5
1995-11-22      0.65                0.45      1.74
1995-11-23      0.53                1.24      0.73
1995-11-24      0.12                0.48     -2.06
1995-11-25       0.0                 0.7     -0.33
1995-11-26       0.0                1.04       3.7
1995-11-27       0.0                0.53     -0.23
1995-11-28       0.0                0.49       0.2
1995-11-29       0.0                0.49      1.63
1995-11-30      0.22                0.46      1.54
1995-12-01      0.06                0.58      0.63
1995-12-02       0.0                 0.5     -0.36
1995-12-03       0.0                0.48      -0.9
1995-12-04       0.0                0.68     -2.36
1995-12-05       0.0                0.68     -5.13
1995-12-06       0.0                0.39     -4.96
1995-12-07       0.0                0.48      -4.3
1995-12-08       0.0                0.42     -4.17
1995-12-09       0.0                0.42     -3.36
1995-12-10       0.0                 0.4     -1.77
1995-12-11      0.17                0.35     -0.93
1995-12-12      0.07                0.49      0.63
1995-12-13       0.0                0.37      -0.8
1995-12-14      0.03                0.56      1.07
1995-12-15       0.0                 0.8     -1.03
1995-12-16       0.0                0.55     -3.26
1995-12-17       0.0                0.42      -4.1
1995-12-18       0.0                0.36     -4.33
1995-12-19       0.0                0.42      -2.8
1995-12-20      0.28                0.35     -3.76
1995-12-21       0.0                0.42     -3.73
1995-12-22       0.0                0.43     -4.36
1995-12-23      1.44                0.72       0.1
1995-12-24      0.17                 1.1      -6.4
1995-12-25       0.0                0.39     -9.83
1995-12-26       0.0                0.33     -8.56
1995-12-27      0.26                0.36     -6.06
1995-12-28      0.97                0.42      -3.5
1995-12-29      0.12                0.87     -7.17
1995-12-30      0.07                 0.5      -9.6
1995-12-31      0.11                0.37     -6.06
1996-01-01       0.0                0.36      -6.5
1996-01-02       0.0                0.34     -3.03
1996-01-03       0.0                1.31     -4.03
1996-01-04       0.0                0.41     -8.86
1996-01-05      1.36                0.35      -4.6
1996-01-06      0.11                 0.5       0.7
1996-01-07      1.71                0.42      -1.9
1996-01-08      0.73                1.27     -5.13
1996-01-09       0.0                0.76      -9.1
1996-01-10       0.0                0.49     -7.66
1996-01-11       0.0                0.43     -6.53
1996-01-12       0.0                0.51     -3.36
1996-01-13      0.31                0.52     -1.77
1996-01-14      6.79                0.36     -1.87
1996-01-15      6.68                0.43      0.83
1996-01-16      0.01                1.03     -4.43
1996-01-17       0.0                0.65     -6.83
1996-01-18       0.0                0.52     -7.03
1996-01-19       0.0                0.48      -5.9
1996-01-20       0.0                0.66      -5.6
1996-01-21       0.0                0.61     -4.03
1996-01-22      0.23                0.62      -4.4
1996-01-23       0.0                0.93      -5.4
1996-01-24       0.0                0.75     -6.66
1996-01-25       0.0                 0.7     -8.53
1996-01-26       0.0                0.56      -9.3
1996-01-27      0.44                0.51      -6.5
1996-01-28      0.22                 0.7     -1.33
1996-01-29      0.02                1.07      -3.1
1996-01-30       0.0                1.25     -7.23
1996-01-31      0.95                0.72     -9.83
1996-02-01       0.0                 1.0      -9.6
1996-02-02       0.0                0.67    -11.17
1996-02-03      0.07                0.77     -8.76
1996-02-04      2.54                0.42     -4.53
1996-02-05       0.0                 1.3     -5.93
1996-02-06       0.0                0.61      -9.8
1996-02-07       0.0                0.44     -8.63
1996-02-08      0.69                0.63     -6.73
1996-02-09      0.25                0.65     -8.06
1996-02-10       0.0                0.83      -8.1
1996-02-11       0.0                0.77     -5.26
1996-02-12       0.0                1.17       4.9
1996-02-13       0.0                0.84       6.3
1996-02-14       0.0                0.83      6.53
1996-02-15      0.85                1.52       1.0
1996-02-16      8.39                1.06      -1.7
1996-02-17      1.19                1.35     -2.63
1996-02-18      2.46                0.92     -2.57
1996-02-19       0.0                0.99     -4.33
1996-02-20      1.23                1.13     -6.17
1996-02-21       0.0                1.15      -6.8
1996-02-22       0.0                1.28      -5.2
1996-02-23      0.38                1.22      -2.9
1996-02-24       0.0                1.13     -2.47
1996-02-25      0.01                0.91     -1.53
1996-02-26      0.17                1.13      -1.3
1996-02-27       0.0                1.82     -2.03
1996-02-28       0.0                1.36      -2.4
1996-02-29       0.3                1.12      1.13
1996-03-01      0.22                1.82      0.07
1996-03-02       0.0                1.62     -1.13
1996-03-03      0.03                1.74     -0.87
1996-03-04      3.57                1.11     -0.77
1996-03-05      0.32                1.48     -1.93
1996-03-06       1.1                1.01       0.7
1996-03-07      8.54                0.78      1.87
1996-03-08      0.92                1.53       1.9
1996-03-09      0.34                0.98      0.13
1996-03-10      0.14                1.92      1.27
1996-03-11      0.35                1.49     -1.53
1996-03-12       0.0                1.51      -2.2
1996-03-13      0.11                1.14      0.63
1996-03-14      0.02                1.41       7.0
1996-03-15      0.33                1.61      2.37
1996-03-16     11.71                0.96       0.7
1996-03-17      1.84                1.83      4.57
1996-03-18      0.66                1.79      0.17
1996-03-19       0.2                1.78     -0.87
1996-03-20       0.0                1.97      2.43
1996-03-21      7.21                1.27      3.23
1996-03-22       2.2                1.69      3.63
1996-03-23      0.41                1.87      1.43
1996-03-24      0.08                1.07       1.8
1996-03-25      0.47                2.34      5.47
1996-03-26      0.83                2.29       5.6
1996-03-27       0.0                2.29       5.9
1996-03-28       0.0                2.27      4.07
1996-03-29      9.46                2.12      8.03
1996-03-30     16.22                1.34      7.13
1996-03-31      1.18                1.91      4.07
1996-04-01       0.0                1.87      2.43
