1969-02-01      1.12                0.67     -1.66
1969-02-02      0.41                 0.4     -7.99
1969-02-03      1.07                0.35     -7.63
1969-02-04      0.21                0.57      -2.8
1969-02-05      0.07                0.45     -9.89
1969-02-06      0.09                0.34     -8.99
1969-02-07      0.95                0.39     -1.29
1969-02-08      0.51                1.05      0.47
1969-02-09       0.0                0.57      0.67
1969-02-10       0.0                0.96      5.07
1969-02-11       0.0                0.86       4.5
1969-02-12       0.1                0.67      5.21
1969-02-13      7.39                0.94       2.2
1969-02-14      2.34                1.34     -1.53
1969-02-15      0.78                0.82     -0.97
1969-02-16      3.31                0.73     -0.57
1969-02-17      0.11                0.85      0.47
1969-02-18      2.33                0.75      0.73
1969-02-19      5.58                1.24     -0.37
1969-02-20      6.23                0.92     -2.17
1969-02-21      5.82                0.83      -3.0
1969-02-22       0.0                1.08     -5.26
1969-02-23       0.0                0.51     -6.06
1969-02-24       0.0                0.96     -6.13
1969-02-25       0.0                0.79     -7.76
1969-02-26       0.0                0.72      -6.3
1969-02-27      0.09                1.27     -1.96
1969-02-28       0.0                1.13     -3.66
1969-03-01       0.0                0.91      -3.1
1969-03-02      0.44                1.05     -1.37
1969-03-03      3.06                0.88     -0.93
1969-03-04      2.84                1.09     -1.37
1969-03-05      0.05                1.21     -2.26
1969-03-06       0.0                1.32       0.8
1969-03-07       0.0                1.49       2.6
1969-03-08       0.0                0.89      3.57
1969-03-09      0.41                1.08      2.07
1969-03-10      2.11                1.74      0.13
1969-03-11      9.01                1.52       0.4
1969-03-12      2.38                1.32      -1.3
1969-03-13       0.0                1.74      -0.3
1969-03-14      2.48                1.64       2.5
1969-03-15      3.46                1.74       1.4
1969-03-16      5.32                1.17      1.43
1969-03-17      0.47                1.96       1.8
1969-03-18      1.75                1.21      3.24
1969-03-19      0.39                1.52      6.93
1969-03-20      2.38                1.05      7.67
1969-03-21      0.07                3.26       3.4
1969-03-22       0.0                3.04       3.3
1969-03-23       0.0                2.12      4.93
1969-03-24      0.01                2.46      8.03
1969-03-25       0.0                2.76     11.87
1969-03-26       0.0                3.05     13.54
1969-03-27       0.0                 3.5      9.67
1969-03-28       0.0                3.87      4.03
1969-03-29       0.0                1.47      3.57
1969-03-30       0.0                2.31      3.76
1969-03-31       0.0                2.69      5.16
1969-04-01      0.03                2.41      7.53
1969-04-02      0.13                2.15      5.93
1969-04-03      3.16                2.47       9.5
1969-04-04       1.1                2.07      4.37
1969-04-05      2.24                3.03      4.93
1969-04-06      0.97                2.12       6.6
1969-04-07      2.68                2.21       6.2
1969-04-08      4.05                1.96      9.13
1969-04-09      0.58                2.45      8.03
1969-04-10       0.0                2.35      8.07
1969-04-11       0.0                3.14     10.13
1969-04-12      0.13                3.98     16.17
1969-04-13       6.0                1.73     19.24
1969-04-14     19.37                1.75      14.8
1969-04-15      3.15                1.98      8.87
1969-04-16       0.0                2.74      6.33
1969-04-17      0.01                 3.4      6.57
1969-04-18       0.0                3.36     10.67
1969-04-19      0.13                3.47     12.03
1969-04-20      6.69                1.75     12.53
1969-04-21      5.59                2.08      15.7
1969-04-22      2.64                4.05      14.0
1969-04-23     40.28                 3.1     14.53
1969-04-24     54.76                 2.8       8.7
1969-04-25     19.26                2.39      6.83
1969-04-26      0.73                3.87     10.16
1969-04-27       0.0                3.66     15.77
1969-04-28       0.0                4.26     15.77
1969-04-29       0.0                2.19      15.6
1969-04-30      0.07                3.03      13.3
1969-05-01       0.0                3.93     18.53
1969-05-02      0.19                4.72      17.9
1969-05-03      7.01                4.34     17.93
1969-05-04     29.96                2.04      17.9
1969-05-05     24.77                2.08     17.73
1969-05-06       1.7                4.72     13.57
1969-05-07       0.0                4.72      17.2
1969-05-08       0.0                3.59     19.91
1969-05-09      0.03                4.64     18.97
1969-05-10      7.31                2.61      20.2
1969-05-11       3.5                3.23      17.2
1969-05-12      0.04                3.88     17.63
1969-05-13       0.0                3.62      15.6
1969-05-14       0.0                3.32     15.86
1969-05-15      0.56                3.56     16.76
1969-05-16      0.27                4.41     18.73
1969-05-17      4.52                4.67     16.73
1969-05-18      4.55                3.78     14.17
1969-05-19      1.65                4.89     14.94
1969-05-20       0.0                4.95     14.47
1969-05-21       0.0                4.53      19.3
1969-05-22       0.0                4.99     20.07
1969-05-23      0.01                 4.7     16.86
1969-05-24      1.51                2.28     15.56
1969-05-25      1.11                 5.7      15.6
1969-05-26      2.87                3.89     15.53
1969-05-27      9.94                1.88      12.6
1969-05-28      2.76                2.56      11.2
1969-05-29     30.19                1.74      13.5
1969-05-30     11.12                3.91     15.46
1969-05-31      0.88                3.96      15.7
1969-06-01      7.68                4.79      19.0
1969-06-02      7.92                2.34     16.33
1969-06-03      1.36                3.76     16.23
1969-06-04      0.02                4.95     19.47
1969-06-05      1.84                2.17     17.33
1969-06-06      2.52                4.03      13.5
1969-06-07       0.0                4.74      15.9
1969-06-08       0.1                5.19      19.6
1969-06-09      0.02                5.33     23.04
1969-06-10      0.27                4.34      22.5
1969-06-11      1.16                2.77     18.67
1969-06-12      3.28                4.47     18.97
1969-06-13      3.12                 4.1     18.73
1969-06-14       0.1                 5.4     20.17
1969-06-15       0.0                3.59     22.13
1969-06-16      0.14                4.13     19.13
1969-06-17      1.01                3.25     20.37
1969-06-18      2.64                2.65      18.7
1969-06-19      2.98                3.56     18.13
1969-06-20      3.48                 4.3      19.4
1969-06-21      1.64                 3.9     19.37
1969-06-22     12.07                3.11     18.77
1969-06-23       1.9                5.02     20.83
1969-06-24       0.0                5.08     23.23
1969-06-25      3.99                5.31      22.7
1969-06-26       4.4                3.54      19.7
1969-06-27      5.08                5.58      22.0
1969-06-28      2.63                2.92     21.44
1969-06-29       0.0                5.12     23.03
1969-06-30      0.16                4.94     22.23
1969-07-01      4.46                3.02     20.76
1969-07-02      3.16                 5.4      23.5
1969-07-03      0.01                4.88      23.3
1969-07-04      0.02                5.52     23.07
1969-07-05      2.33                3.23      20.3
1969-07-06      1.25                5.96     21.03
1969-07-07      6.18                3.86     20.67
1969-07-08      16.8                2.52     18.17
1969-07-09      1.29                5.46      20.1
1969-07-10      0.43                3.18     18.73
1969-07-11      0.36                2.55     19.73
1969-07-12     23.02                3.67     21.37
1969-07-13      25.9                4.44     21.06
1969-07-14      0.59                3.34     23.37
1969-07-15     38.83                2.22      23.1
1969-07-16     32.06                2.29     22.97
1969-07-17     10.58                3.26     25.27
1969-07-18      9.89                2.41      24.6
1969-07-19     16.63                2.71      25.7
1969-07-20      7.26                4.74     25.57
1969-07-21      5.79                2.87      25.9
1969-07-22      2.93                2.58     26.07
1969-07-23      0.35                3.69     26.03
1969-07-24      0.66                 2.9     26.87
1969-07-25      1.95                2.58      27.3
1969-07-26      0.38                2.46      27.3
1969-07-27      0.26                3.74     27.17
1969-07-28      4.35                2.84     29.07
1969-07-29     43.18                3.01     27.43
1969-07-30    108.49                2.26     24.03
1969-07-31     41.11                3.78     23.73
1969-08-01      8.76                2.63     24.27
1969-08-02      27.2                2.03      21.7
1969-08-03     57.32                2.14     21.57
1969-08-04      9.86                2.68      21.5
1969-08-05       7.5                2.95     22.83
1969-08-06     34.01                2.13      23.0
1969-08-07     22.56                2.52     25.33
1969-08-08     54.05                2.08      24.4
1969-08-09     15.55                2.07      25.1
1969-08-10      5.97                2.19     25.87
1969-08-11      7.41                3.26     27.57
1969-08-12       4.0                2.26      28.7
1969-08-13      3.78                3.45      28.9
1969-08-14      3.43                4.59     28.34
1969-08-15       0.0                 4.0     26.57
1969-08-16       0.0                4.08      26.2
1969-08-17       0.0                3.32      25.6
1969-08-18      0.16                4.51     26.87
1969-08-19      5.36                3.44     26.57
1969-08-20       0.0                4.31      25.7
1969-08-21      0.03                3.64      25.0
1969-08-22      6.45                2.68      25.0
1969-08-23      2.19                4.63     25.97
1969-08-24      1.53                4.02      25.6
1969-08-25      0.61                3.51     23.93
1969-08-26      3.56                3.92      22.2
1969-08-27      2.37                4.35      23.7
1969-08-28      0.36                3.58     23.47
1969-08-29     28.94                3.45     23.63
1969-08-30     11.06                3.14      21.7
1969-08-31      1.78                1.91     22.03
1969-09-01      1.73                2.28     23.27
