1998-09-01      9.01                2.75     21.67
1998-09-02       0.9                 3.1     21.23
1998-09-03      0.04                3.27     22.07
1998-09-04       0.0                 2.7     21.77
1998-09-05      0.84                1.96     21.17
1998-09-06       0.0                3.65     22.57
1998-09-07      0.03                3.87     23.73
1998-09-08      0.01                 3.3     23.27
1998-09-09       0.0                3.29      24.2
1998-09-10       0.0                3.05     25.07
1998-09-11       0.0                 3.2     24.77
1998-09-12      0.15                3.52     24.47
1998-09-13       0.0                3.66      24.7
1998-09-14      0.09                2.86     24.27
1998-09-15      2.01                3.03     21.53
1998-09-16      0.18                3.56     16.87
1998-09-17       0.0                3.27     17.53
1998-09-18       0.0                 3.3     20.57
1998-09-19       0.0                2.01      19.8
1998-09-20      6.43                3.18      23.5
1998-09-21     13.79                1.66     19.73
1998-09-22      0.81                3.25      16.0
1998-09-23      0.07                2.46     16.53
1998-09-24      0.16                 2.1     19.57
1998-09-25       0.0                 1.8     19.97
1998-09-26       0.0                2.03     21.27
1998-09-27       0.0                2.33      19.7
1998-09-28       0.0                2.08     18.63
1998-09-29     19.13                1.44     17.23
1998-09-30     52.63                1.37     17.13
1998-10-01      8.55                2.56     17.07
1998-10-02      0.06                2.08     19.53
1998-10-03       0.0                2.36     17.43
1998-10-04       0.0                2.56     16.23
1998-10-05       0.0                2.02     17.47
1998-10-06      0.25                1.69     17.93
1998-10-07      0.62                 2.1     16.73
1998-10-08      0.01                2.09      17.7
1998-10-09       0.0                1.59     17.47
1998-10-10       0.0                1.82     19.53
1998-10-11       0.0                2.04     19.33
1998-10-12      7.32                1.51     18.77
1998-10-13      8.03                1.44     18.47
1998-10-14      7.56                1.24     17.53
1998-10-15      0.04                2.23     15.67
1998-10-16       0.0                1.05      13.2
1998-10-17      1.45                1.87     14.27
1998-10-18      1.59                2.52      15.4
1998-10-19       0.0                2.13      8.97
1998-10-20      0.02                1.47      9.44
1998-10-21       0.0                1.45     11.64
1998-10-22      0.14                1.42      11.7
1998-10-23      0.04                1.78      14.1
1998-10-24       0.2                1.35      13.9
1998-10-25       0.0                1.36     12.67
1998-10-26       0.0                1.04     11.77
1998-10-27      0.14                1.58      13.0
1998-10-28       0.0                 1.0      10.7
1998-10-29      0.04                1.18     12.47
1998-10-30       0.0                0.89     12.77
1998-10-31      0.01                1.69      13.6
1998-11-01       0.0                1.31       7.2
1998-11-02      10.9                0.65      6.37
1998-11-03      0.08                1.06       9.8
1998-11-04       0.0                1.38     10.87
1998-11-05      0.33                1.42      8.33
1998-11-06       0.0                1.04      10.6
1998-11-07       0.0                1.14     10.23
1998-11-08      0.67                1.14       9.2
1998-11-09      1.82                1.49      6.87
1998-11-10       0.0                0.98      3.53
1998-11-11      0.08                1.14      7.97
1998-11-12      0.78                1.01      7.27
1998-11-13      0.35                0.88     10.77
1998-11-14      0.11                1.08     15.27
1998-11-15      0.47                 0.8     14.14
1998-11-16      22.9                0.75     11.73
1998-11-17      1.15                2.09       3.1
1998-11-18       0.0                1.33     -2.23
1998-11-19      1.51                0.65     -2.93
1998-11-20      0.45                0.66     -2.77
1998-11-21      0.28                0.84      1.53
1998-11-22      0.01                0.72       1.2
1998-11-23      2.44                0.44      0.74
1998-11-24      2.86                0.48       1.8
1998-11-25      0.05                0.51       2.1
1998-11-26      1.16                0.59       3.5
1998-11-27      5.01                0.49      3.57
1998-11-28       0.0                0.54      2.93
1998-11-29      0.17                0.44      2.94
1998-11-30       0.0                0.52       4.0
1998-12-01      3.42                0.57      3.97
1998-12-02       0.4                0.85       1.9
1998-12-03      0.11                0.57       0.8
1998-12-04       0.0                 0.4     -0.43
1998-12-05      0.58                0.46      1.33
1998-12-06      0.16                 0.5       3.2
1998-12-07      0.23                 0.9      3.63
1998-12-08      2.91                 1.0      -2.3
1998-12-09       0.0                0.62     -3.63
1998-12-10      0.14                0.52     -4.57
1998-12-11      0.16                0.53     -3.23
1998-12-12      0.44                0.43     -2.96
1998-12-13      0.12                0.56      3.17
1998-12-14      0.54                0.55      3.87
1998-12-15       0.0                0.77       1.7
1998-12-16       0.0                1.05       5.5
1998-12-17      0.08                0.45       3.9
1998-12-18       0.0                0.45      3.64
1998-12-19      0.25                1.39      6.07
1998-12-20      1.31                0.49      1.23
1998-12-21       0.0                 0.4      1.67
1998-12-22      0.24                0.53       3.9
1998-12-23       0.0                0.41       1.6
1998-12-24       0.0                0.38       1.3
1998-12-25      0.08                0.42      0.27
1998-12-26      0.32                0.38      0.74
1998-12-27       0.0                0.41      1.64
1998-12-28       0.0                0.37      0.54
1998-12-29       0.2                1.14      1.67
1998-12-30       0.0                0.51     -4.13
1998-12-31       0.0                0.48     -4.73
1999-01-01       0.0                0.57     -4.13
1999-01-02      0.12                0.75       0.3
1999-01-03       0.0                0.43     -0.43
1999-01-04       0.0                0.44      0.17
1999-01-05       0.0                 0.4       0.7
1999-01-06      0.48                0.41      1.37
1999-01-07       0.0                1.07      -4.7
1999-01-08       0.0                0.81      -9.1
1999-01-09       0.0                0.68    -10.23
1999-01-10       0.0                0.63     -7.56
1999-01-11       0.0                0.62      -7.5
1999-01-12       0.0                 0.6     -7.06
1999-01-13       0.0                0.68     -5.66
1999-01-14       0.0                0.56      -4.8
1999-01-15       0.0                0.72     -3.83
1999-01-16       0.0                0.62     -3.43
1999-01-17       0.0                0.52     -4.43
1999-01-18       0.0                0.55     -0.63
1999-01-19       0.0                0.79       2.3
1999-01-20       0.0                0.94     -3.36
1999-01-21       0.0                0.71     -4.73
1999-01-22      0.08                0.55      3.27
1999-01-23      0.11                0.71      4.13
1999-01-24       0.2                0.91      5.63
1999-01-25      2.42                1.35      3.47
1999-01-26      0.17                1.07      0.57
1999-01-27      1.36                1.01      2.77
1999-01-28      0.03                1.31     -2.17
1999-01-29      0.21                0.84     -4.86
1999-01-30       0.0                0.71     -6.26
1999-01-31       0.0                0.55      -2.8
1999-02-01       0.0                0.89      1.77
1999-02-02       0.0                1.31     -4.23
1999-02-03       0.0                0.75     -7.97
1999-02-04       0.0                0.81      -7.6
1999-02-05       0.0                0.97      -4.0
1999-02-06       0.0                1.01     -1.76
1999-02-07       0.0                0.98       1.0
1999-02-08       0.0                 0.9      1.37
1999-02-09       0.0                0.85      0.17
1999-02-10       0.0                1.07      0.87
1999-02-11      0.03                1.27      -0.6
1999-02-12      0.03                1.21      -4.6
1999-02-13       0.0                0.97      -6.0
1999-02-14      0.72                0.72      -3.0
1999-02-15       0.0                 1.0      2.77
1999-02-16      0.14                0.95       2.9
1999-02-17       0.0                0.68      6.24
1999-02-18      0.02                2.14      4.97
1999-02-19       0.0                1.57     -1.03
1999-02-20       0.0                 1.3      -3.9
1999-02-21       0.0                1.27      -3.8
1999-02-22       0.0                1.37     -0.93
1999-02-23      0.03                 1.1      1.23
1999-02-24      0.32                 0.8      2.93
1999-02-25      0.12                1.14      4.53
1999-02-26      0.11                0.93      3.44
1999-02-27       0.0                2.15       0.1
1999-02-28       0.0                1.41     -1.86
1999-03-01      0.01                0.79      2.84
1999-03-02       0.0                1.98       5.6
1999-03-03       0.0                 2.0      5.33
1999-03-04      2.51                1.66      7.43
1999-03-05      7.07                2.21      5.63
1999-03-06       0.0                1.54      3.77
1999-03-07      0.31                2.03      3.07
1999-03-08      1.57                0.86      1.27
1999-03-09      0.09                1.19      2.17
1999-03-10       0.0                1.48       2.9
1999-03-11       0.0                1.85       1.5
1999-03-12       0.0                 1.7      2.13
1999-03-13      0.33                 2.0       6.0
1999-03-14      1.39                1.25      6.33
1999-03-15      0.19                1.88       3.0
1999-03-16       0.0                 2.5      6.23
1999-03-17      1.96                2.35      8.83
1999-03-18     28.09                1.11      9.77
1999-03-19       1.1                1.85       3.8
1999-03-20      0.26                 2.4       3.0
1999-03-21      0.52                1.64      0.87
1999-03-22      0.01                2.26      -1.3
1999-03-23       0.0                2.01      2.17
1999-03-24      0.01                1.28       4.1
1999-03-25      1.02                 2.1      7.43
1999-03-26      2.77                1.34      5.17
1999-03-27      0.09                3.09      6.23
1999-03-28       0.0                2.69      3.03
1999-03-29       0.0                 2.0       1.3
1999-03-30       0.0                 2.3      6.13
1999-03-31      0.17                2.66      7.93
1999-04-01      11.2                1.19       8.3
