1977-07-01      2.32                5.22     24.63
1977-07-02      2.05                4.43     26.07
1977-07-03      6.26                 4.4      24.8
1977-07-04     17.75                2.33      23.6
1977-07-05      3.21                4.26     23.63
1977-07-06      1.15                2.47     23.67
1977-07-07      3.22                2.28      23.5
1977-07-08     15.51                2.29     23.17
1977-07-09     62.56                2.22      23.9
1977-07-10      1.32                4.91     25.13
1977-07-11      5.07                4.87      24.0
1977-07-12     44.12                2.08     19.43
1977-07-13      5.38                3.97      21.9
1977-07-14       0.0                4.92     23.73
1977-07-15       0.0                4.08     24.57
1977-07-16      1.56                5.09     24.53
1977-07-17     18.06                3.27      24.5
1977-07-18      3.77                4.72     22.87
1977-07-19      0.01                5.59     23.17
1977-07-20       0.0                3.65     24.03
1977-07-21       0.0                4.64     26.47
1977-07-22      0.66                4.11     26.93
1977-07-23      0.03                4.85     26.67
1977-07-24      0.86                5.45     27.13
1977-07-25     12.52                3.29     26.93
1977-07-26      2.77                5.05     27.43
1977-07-27       0.0                5.69      27.5
1977-07-28       0.0                5.21     28.03
1977-07-29       0.0                5.17     27.87
1977-07-30       0.0                5.17      27.9
1977-07-31       0.0                4.95     27.73
1977-08-01       0.0                4.87     26.73
1977-08-02       0.0                2.53     26.34
1977-08-03      0.62                3.88     25.63
1977-08-04     24.71                3.41     24.33
1977-08-05       4.0                 4.4      23.8
1977-08-06     13.01                2.01      21.0
1977-08-07     78.86                1.98     21.37
1977-08-08      1.39                4.48     25.43
1977-08-09      0.09                5.11     23.67
1977-08-10      0.06                3.95      23.6
1977-08-11       0.0                 4.5     21.83
1977-08-12       0.0                4.71      22.0
1977-08-13       0.0                4.66      20.3
1977-08-14      0.28                4.27     20.23
1977-08-15      0.54                2.75     20.83
1977-08-16      4.16                2.08     19.23
1977-08-17      0.05                5.11      19.9
1977-08-18       0.0                4.41     19.37
1977-08-19       0.0                5.06     20.27
1977-08-20       0.0                5.11      20.2
1977-08-21       0.0                5.29     19.37
1977-08-22       0.0                 4.7     20.33
1977-08-23      0.02                3.61      19.6
1977-08-24      0.94                4.47      20.3
1977-08-25      1.44                3.38      19.2
1977-08-26       0.0                4.82     19.07
1977-08-27       0.0                4.64     18.63
1977-08-28       0.0                4.23     19.83
1977-08-29       0.0                3.88      21.1
1977-08-30       0.8                3.96     23.53
1977-08-31      9.48                1.88     20.93
1977-09-01      5.21                 2.2      22.6
1977-09-02     22.57                2.36      23.6
1977-09-03      1.77                3.65     24.37
1977-09-04       0.0                4.09      24.6
1977-09-05      0.22                3.64     23.23
1977-09-06      2.37                3.12     23.83
1977-09-07      0.15                4.17     21.63
1977-09-08       1.0                4.41     20.27
1977-09-09      0.18                4.11      20.2
1977-09-10      1.81                2.37      20.7
1977-09-11      6.74                2.26      20.6
1977-09-12      9.77                1.65      18.0
1977-09-13      1.02                 2.0     18.83
1977-09-14       0.0                2.38     19.77
1977-09-15       0.0                3.54     18.17
1977-09-16       0.0                2.96     17.73
1977-09-17       0.0                2.09     18.27
1977-09-18       0.0                1.95      20.9
1977-09-19       0.0                3.16      20.6
1977-09-20      0.95                3.09     18.47
1977-09-21       0.0                2.92     12.57
1977-09-22       0.0                2.86      14.1
1977-09-23       0.0                2.19     15.47
1977-09-24       0.0                2.54      17.5
1977-09-25       0.0                2.82     17.23
1977-09-26       0.0                2.58      17.8
1977-09-27       0.0                2.85     16.87
1977-09-28       0.0                2.25     17.83
1977-09-29       0.0                2.52     18.13
1977-09-30       0.0                 2.3      18.6
1977-10-01      0.11                2.66     20.27
1977-10-02      1.03                3.24      20.3
1977-10-03       0.0                2.65     19.93
1977-10-04       0.0                2.87     19.17
1977-10-05       0.0                2.72     17.23
1977-10-06      2.17                1.85     17.63
1977-10-07      7.16                1.27      14.0
1977-10-08       0.0                1.98     14.13
1977-10-09      0.05                1.66     14.13
1977-10-10      4.96                2.03     10.63
1977-10-11       0.0                1.93      10.6
1977-10-12       0.0                1.87     10.87
1977-10-13       0.0                1.84      12.9
1977-10-14      0.43                1.73     14.13
1977-10-15      2.18                1.15      13.2
1977-10-16       0.0                1.91      9.67
1977-10-17       0.0                1.63      10.1
1977-10-18       0.0                1.55     10.87
1977-10-19       0.0                1.65     11.97
1977-10-20       0.0                 1.7      12.7
1977-10-21       0.0                1.41     13.57
1977-10-22       0.0                1.42     14.24
1977-10-23       0.0                 1.4     13.97
1977-10-24      0.25                1.88     11.73
1977-10-25       0.0                1.96     14.77
1977-10-26      0.19                0.98     12.67
1977-10-27       0.0                1.16     14.67
1977-10-28       0.0                1.45     15.37
1977-10-29      1.07                1.14      15.4
1977-10-30      3.08                1.99     18.07
1977-10-31      0.32                0.87     13.57
1977-11-01       1.1                0.84     10.33
1977-11-02      3.87                1.14       8.5
1977-11-03       0.1                1.66       8.5
1977-11-04       0.0                1.49     11.13
1977-11-05      0.45                1.23     10.83
1977-11-06     10.97                0.71     10.23
1977-11-07      10.7                1.07      9.57
1977-11-08      28.0                0.74      8.03
1977-11-09       0.0                1.27       5.7
1977-11-10       0.0                1.15       2.5
1977-11-11       0.0                0.92       2.1
1977-11-12      0.01                0.77      5.33
1977-11-13      0.06                1.22       8.1
1977-11-14      0.55                0.88       6.2
1977-11-15      0.73                0.79      6.03
1977-11-16      3.61                0.56      5.67
1977-11-17       7.0                0.78      8.97
1977-11-18       3.1                0.85      6.93
1977-11-19      1.57                1.12      4.87
1977-11-20       2.6                0.91      5.43
1977-11-21      3.77                0.97      6.43
1977-11-22       0.0                1.26       0.2
1977-11-23       0.7                0.79      -0.9
1977-11-24      0.54                0.58      3.47
1977-11-25      0.14                0.73       9.2
1977-11-26      0.22                 0.8      8.33
1977-11-27      0.04                1.07      3.37
1977-11-28      0.53                0.99     -2.57
1977-11-29       1.1                0.96     -1.13
1977-11-30      0.32                 0.5     -3.26
1977-12-01      5.48                0.39      -3.8
1977-12-02       0.0                 0.7     -1.07
1977-12-03       0.0                 0.5       3.8
1977-12-04      0.06                0.71      6.67
1977-12-05      0.28                0.63      6.73
1977-12-06      0.28                 0.6       4.6
1977-12-07      0.07                 0.6      5.07
1977-12-08      0.76                0.56       2.7
1977-12-09       0.0                0.77      1.97
1977-12-10      0.06                0.45       0.8
1977-12-11      0.46                0.57      5.67
1977-12-12       0.0                0.45      3.77
1977-12-13      0.51                0.44       4.3
1977-12-14       0.0                0.42      2.77
1977-12-15      1.59                0.45      3.67
1977-12-16     12.14                0.62       4.0
1977-12-17       0.0                1.66      4.13
1977-12-18      0.06                0.81       1.3
1977-12-19      0.03                0.78     -3.27
1977-12-20      0.14                0.41     -2.43
1977-12-21       0.0                0.45      -3.7
1977-12-22       0.0                0.41     -4.76
1977-12-23       0.0                 0.4      -3.3
1977-12-24       0.0                0.77      0.24
1977-12-25       0.0                0.84      -5.9
1977-12-26       0.0                0.46     -6.86
1977-12-27       0.0                0.46     -3.53
1977-12-28      0.94                0.43     -2.76
1977-12-29      9.03                0.38      0.17
1977-12-30      1.49                0.49     -0.16
1977-12-31      7.33                0.42       1.7
1978-01-01      5.14                0.51      -0.5
1978-01-02       8.3                0.47     -1.87
1978-01-03      0.01                 0.4     -6.83
1978-01-04      0.27                0.63      -7.5
1978-01-05      0.62                0.61     -5.23
1978-01-06       0.0                0.82     -1.33
1978-01-07      0.02                0.81      1.13
1978-01-08      0.33                0.79     -0.27
1978-01-09      0.01                 1.1      -4.9
1978-01-10       0.0                0.61     -8.03
1978-01-11      0.01                0.42     -3.66
1978-01-12       0.0                0.48      0.24
1978-01-13       0.0                 0.4     -3.06
1978-01-14       0.0                 0.4      -1.6
1978-01-15       0.0                1.32     -2.96
1978-01-16      0.01                0.48     -8.63
1978-01-17      0.09                0.63      -6.2
1978-01-18      0.28                0.61     -6.06
1978-01-19      1.68                0.85     -6.23
1978-01-20      3.12                0.49     -5.73
1978-01-21      0.03                 1.1     -6.23
1978-01-22       0.0                0.43      -9.2
1978-01-23       0.0                0.47     -4.33
1978-01-24      0.03                0.67     -0.37
1978-01-25      0.55                0.78      -1.7
1978-01-26      1.84                0.55      -0.1
1978-01-27      0.08                0.74      -1.5
1978-01-28      2.73                0.66      -3.9
1978-01-29      0.35                0.92      -3.2
1978-01-30       0.0                0.91      -8.4
1978-01-31      0.17                 0.7    -10.73
1978-02-01       0.0                0.81    -12.66
