1987-12-01       0.0                0.63     -7.93
1987-12-02      0.01                0.73     -7.56
1987-12-03      0.02                0.85      -3.5
1987-12-04       0.0                0.75      -5.8
1987-12-05      0.54                0.61     -0.83
1987-12-06      0.17                0.65      0.03
1987-12-07      0.11                0.65      -0.6
1987-12-08       0.0                0.54      0.37
1987-12-09      0.06                0.51       1.2
1987-12-10      0.04                0.71       2.2
1987-12-11      0.06                0.82     -3.66
1987-12-12       0.0                 0.5      -5.5
1987-12-13       0.0                0.48     -3.93
1987-12-14       0.0                0.49     -2.86
1987-12-15      0.13                0.38      -0.5
1987-12-16       0.0                 1.1     -0.73
1987-12-17       0.0                0.79      0.47
1987-12-18       0.0                0.55     -0.73
1987-12-19       0.0                0.62      0.94
1987-12-20       0.0                0.95       0.0
1987-12-21       0.1                0.91      0.17
1987-12-22      0.03                1.05       0.9
1987-12-23       0.0                0.57      -1.4
1987-12-24      0.37                0.51       1.1
1987-12-25       0.2                0.84       7.2
1987-12-26      0.09                0.85       4.2
1987-12-27       0.0                0.56      5.24
1987-12-28       0.0                0.48      6.97
1987-12-29       0.0                0.61      5.13
1987-12-30       0.0                1.42     -2.63
1987-12-31       0.0                0.46     -5.93
1988-01-01       0.0                0.41     -3.63
1988-01-02       0.0                0.53      -2.3
1988-01-03       0.0                0.46     -1.66
1988-01-04       0.0                0.67     -1.27
1988-01-05       0.0                0.61     -2.96
1988-01-06       0.0                0.62      -3.0
1988-01-07      0.09                0.46     -2.23
1988-01-08      0.54                1.09       0.7
1988-01-09      0.36                1.11     -7.27
1988-01-10       0.0                0.67    -10.33
1988-01-11       0.0                0.65     -7.16
1988-01-12       0.0                0.55     -3.36
1988-01-13       0.0                0.45      0.74
1988-01-14       0.0                0.73      4.37
1988-01-15       0.0                0.69      2.93
1988-01-16       0.0                0.88     -2.23
1988-01-17       0.0                0.73     -5.16
1988-01-18       0.0                 0.8      -3.2
1988-01-19       0.0                0.83     -2.53
1988-01-20      0.01                0.59     -1.33
1988-01-21      0.45                0.46     -0.26
1988-01-22      0.26                1.27      0.07
1988-01-23      0.09                1.11     -8.87
1988-01-24       0.0                0.93     -9.23
1988-01-25       0.0                 0.9     -6.16
1988-01-26       0.0                 1.1     -4.36
1988-01-27      0.05                1.23     -4.93
1988-01-28      0.61                0.86      -4.2
1988-01-29      0.46                1.25     -3.53
1988-01-30      0.09                0.85     -7.43
1988-01-31       0.0                0.85     -6.46
1988-02-01      0.49                 0.9     -4.66
1988-02-02      0.18                1.65     -6.63
1988-02-03      0.12                 0.7    -11.23
1988-02-04      0.97                0.36     -7.76
1988-02-05      1.32                0.68      0.43
1988-02-06      0.13                1.35      -6.5
1988-02-07       0.0                0.81     -10.6
1988-02-08       0.0                0.95      -8.8
1988-02-09       0.0                1.14      -6.6
1988-02-10       0.0                0.82      -7.6
1988-02-11       0.0                0.66     -5.73
1988-02-12       0.0                0.81      -3.4
1988-02-13       0.0                0.99      -0.7
1988-02-14      0.13                1.14     -2.33
1988-02-15       0.0                1.17     -5.93
1988-02-16       0.0                1.05     -7.27
1988-02-17       0.0                1.12     -7.37
1988-02-18       0.0                1.13     -7.33
1988-02-19       0.0                1.35      -4.8
1988-02-20      0.03                1.27      0.17
1988-02-21       0.0                1.44     -0.87
1988-02-22       0.0                1.26      1.07
1988-02-23      0.16                1.88       2.8
1988-02-24      0.61                1.03       2.2
1988-02-25      0.18                1.34      2.57
1988-02-26      0.53                1.67      3.27
1988-02-27      0.57                1.79      1.67
1988-02-28      0.13                1.74      1.17
1988-02-29       0.0                1.14      0.53
1988-03-01       0.0                1.59      2.53
1988-03-02      0.01                 1.7     -2.27
1988-03-03      0.02                1.56     -4.27
1988-03-04       0.0                1.36     -4.53
1988-03-05      0.13                1.49      -1.9
1988-03-06      0.29                1.61     -3.03
1988-03-07      0.26                1.77     -4.07
1988-03-08       0.6                1.51     -2.16
1988-03-09      0.06                1.34     -2.26
1988-03-10      0.36                1.98      3.53
1988-03-11      6.08                0.71       0.3
1988-03-12       1.0                2.19      6.53
1988-03-13       0.0                2.02      6.87
1988-03-14      1.12                1.54      5.13
1988-03-15      0.32                1.75     -0.63
1988-03-16       0.0                1.58     -0.23
1988-03-17       0.0                2.22      4.53
1988-03-18       0.0                1.72      3.33
1988-03-19       0.0                2.22      3.03
1988-03-20       0.0                1.86       2.6
1988-03-21      0.77                2.54      3.73
1988-03-22      0.36                1.89      4.17
1988-03-23       0.0                2.71       2.9
1988-03-24       0.0                1.74      1.13
1988-03-25       0.0                2.55      6.27
1988-03-26       0.0                2.14       3.6
1988-03-27       0.0                 2.7      5.07
1988-03-28       0.0                 2.1       5.3
1988-03-29       0.0                3.13       4.8
1988-03-30       0.0                3.07      4.73
1988-03-31       0.0                 2.7      6.33
1988-04-01       0.0                1.62      6.57
1988-04-02       0.0                2.93      7.63
1988-04-03       0.0                 3.0       5.8
1988-04-04       0.0                3.75      9.97
1988-04-05      0.07                3.02      8.67
1988-04-06       0.0                2.34       5.2
1988-04-07      0.01                3.39      5.97
1988-04-08      0.07                2.76      5.67
1988-04-09       0.0                2.68      7.53
1988-04-10       0.0                3.28       8.4
1988-04-11      4.62                3.23     10.67
1988-04-12     10.19                3.06      12.1
1988-04-13      0.08                 3.6     11.17
1988-04-14       0.0                3.76      7.34
1988-04-15      0.04                3.84     10.43
1988-04-16       0.0                3.05      12.0
1988-04-17       3.2                4.29     13.93
1988-04-18     10.03                2.85     10.84
1988-04-19      9.58                2.02      5.07
1988-04-20      0.26                2.99      8.67
1988-04-21       0.0                 3.7      11.2
1988-04-22       0.0                3.73       7.9
1988-04-23      0.28                2.68       6.9
1988-04-24      0.14                3.26       8.2
1988-04-25       0.0                4.42     11.84
1988-04-26       0.0                4.69     14.37
1988-04-27       0.0                4.07     14.47
1988-04-28       0.0                4.08     16.34
1988-04-29      0.27                 4.8     17.07
1988-04-30      1.09                2.69      15.5
1988-05-01       0.0                4.97      17.2
1988-05-02       0.0                4.52      13.9
1988-05-03      0.04                3.46     17.17
1988-05-04       0.0                4.09      15.5
1988-05-05       0.0                4.53     13.37
1988-05-06      4.62                3.75      13.6
1988-05-07      11.6                 3.3     12.87
1988-05-08      0.06                4.29      10.1
1988-05-09       0.0                2.29     10.93
1988-05-10       0.0                4.69     14.37
1988-05-11       0.0                3.43     15.43
1988-05-12       0.0                5.18     14.37
1988-05-13      0.03                5.04     15.77
1988-05-14      1.26                2.87     15.97
1988-05-15       0.1                4.64      15.9
1988-05-16       0.0                3.79     18.07
1988-05-17       0.0                4.49     19.27
1988-05-18       0.0                4.44     20.14
1988-05-19       0.0                5.08     22.37
1988-05-20       0.0                5.67     19.53
1988-05-21       2.3                4.98      17.5
1988-05-22     13.34                1.98      12.2
1988-05-23       1.0                 3.3     13.33
1988-05-24      0.08                 4.1     16.17
1988-05-25       0.0                4.78     17.47
1988-05-26      0.91                4.94     16.67
1988-05-27      0.98                3.95     17.27
1988-05-28      1.47                4.67     17.83
1988-05-29       0.0                5.13     17.43
1988-05-30       0.0                 5.4     20.43
1988-05-31      2.65                2.26      18.0
1988-06-01     17.07                1.95     15.33
1988-06-02      5.87                3.69      19.5
1988-06-03      7.88                3.58      18.5
1988-06-04      4.91                3.09     16.97
1988-06-05      0.06                3.85     20.43
1988-06-06      0.06                3.15      19.9
1988-06-07      0.65                 4.5     19.93
1988-06-08       5.5                2.14     19.23
1988-06-09      0.23                5.39     19.73
1988-06-10       0.0                5.52      19.9
1988-06-11       0.0                3.58     20.97
1988-06-12       0.0                 5.7      22.8
1988-06-13       0.0                5.61     21.57
1988-06-14      0.12                4.75      22.4
1988-06-15      2.64                4.63     21.63
1988-06-16      5.01                4.88      20.3
1988-06-17       0.0                5.34     19.03
1988-06-18      5.05                4.68     19.43
1988-06-19     14.05                3.65     20.33
1988-06-20      4.06                3.95      20.6
1988-06-21      0.25                5.51      20.9
1988-06-22       0.0                 5.2     18.87
1988-06-23       1.2                3.74      18.2
1988-06-24       2.9                 4.8     19.33
1988-06-25      0.34                5.96      20.5
1988-06-26       0.0                5.77     19.57
1988-06-27       0.0                5.39     20.27
1988-06-28      2.48                4.34      21.7
1988-06-29      0.91                 3.7      22.0
1988-06-30      0.08                5.86      22.8
1988-07-01      0.37                3.94      22.9
