1971-01-01      0.03                0.59      0.17
1971-01-02      0.05                0.41      -1.0
1971-01-03      2.41                0.33     -2.06
1971-01-04       4.0                0.61      -6.7
1971-01-05      4.89                 0.2     -9.36
1971-01-06       0.0                0.23     -5.23
1971-01-07       0.0                0.33     -1.13
1971-01-08      0.33                0.47     -1.03
1971-01-09       0.0                0.37     -0.06
1971-01-10       0.0                0.39      0.04
1971-01-11      0.08                0.37       1.6
1971-01-12      0.01                0.48      1.97
1971-01-13      2.34                0.71      0.13
1971-01-14       0.0                0.49     -1.83
1971-01-15       0.0                0.37     -0.36
1971-01-16       0.0                0.58       0.7
1971-01-17       0.0                0.53      1.44
1971-01-18       0.0                0.44       3.6
1971-01-19      1.19                 0.9      2.93
1971-01-20      7.41                0.64      3.07
1971-01-21      9.71                 1.2      2.63
1971-01-22      4.92                 1.2      -1.3
1971-01-23      0.03                0.54     -0.73
1971-01-24      0.13                 0.7     -0.06
1971-01-25      0.81                0.46     -2.03
1971-01-26      0.01                0.61      -3.0
1971-01-27       0.0                0.63     -5.63
1971-01-28       0.0                0.51     -6.93
1971-01-29      0.01                0.57     -6.63
1971-01-30      0.21                0.57     -5.66
1971-01-31      0.13                0.56     -6.86
1971-02-01       0.0                 0.5      -7.2
1971-02-02       0.0                0.52     -5.03
1971-02-03       0.0                0.57      -4.6
1971-02-04      8.67                0.56     -5.16
1971-02-05       0.0                0.59     -2.53
1971-02-06       0.0                0.63     -2.06
1971-02-07      0.05                1.05     -0.13
1971-02-08       0.0                 0.9      -2.6
1971-02-09      0.16                0.77     -2.83
1971-02-10      0.04                0.69     -4.43
1971-02-11      0.01                0.63      -3.2
1971-02-12      0.04                0.55      0.27
1971-02-13      0.07                0.87       0.7
1971-02-14      6.29                0.65       1.3
1971-02-15      0.77                0.79       1.9
1971-02-16      2.73                0.72      3.43
1971-02-17      0.97                1.57      2.03
1971-02-18       0.0                0.83     -1.37
1971-02-19       0.0                0.93     -0.73
1971-02-20      2.47                0.96       1.4
1971-02-21      2.93                0.71      1.87
1971-02-22      1.95                1.22      4.43
1971-02-23      0.52                1.02      3.43
1971-02-24       0.0                0.97     -1.23
1971-02-25      0.01                1.05      -0.1
1971-02-26       0.0                1.21      1.77
1971-02-27       0.0                 1.5      4.36
1971-02-28      10.6                0.94       1.8
1971-03-01       6.5                1.06      1.67
1971-03-02     11.08                0.78       1.2
1971-03-03      4.01                 1.0      0.07
1971-03-04       0.0                1.32      0.43
1971-03-05       0.0                1.12      -1.8
1971-03-06       0.0                1.24     -3.93
1971-03-07       0.0                1.22      -4.5
1971-03-08       0.0                1.25     -2.76
1971-03-09       0.0                1.37     -2.23
1971-03-10       0.0                1.17     -4.57
1971-03-11      0.01                1.34     -2.63
1971-03-12      0.23                1.29      0.37
1971-03-13       0.0                1.37      -1.4
1971-03-14       0.0                1.47      -0.3
1971-03-15      0.02                1.35      2.04
1971-03-16      0.21                1.19      2.93
1971-03-17       0.0                1.38      3.37
1971-03-18       0.0                 1.7       4.9
1971-03-19       0.0                2.25       8.2
1971-03-20       0.0                2.12       8.7
1971-03-21       0.0                1.95     11.04
1971-03-22       0.0                1.98      5.27
1971-03-23      0.42                1.95      3.03
1971-03-24      0.74                0.98      2.53
1971-03-25      0.02                1.44      4.93
1971-03-26      1.45                1.02      8.14
1971-03-27      0.98                1.88     11.24
1971-03-28      0.76                2.43     14.84
1971-03-29      0.05                2.23     11.14
1971-03-30       0.0                2.09      9.37
1971-03-31       0.0                2.41     11.07
1971-04-01       0.0                1.86      9.14
1971-04-02       0.0                2.18      8.04
1971-04-03       0.0                2.25      4.97
1971-04-04       0.0                 2.6      7.47
1971-04-05      2.01                1.82      9.77
1971-04-06      0.12                2.82      8.83
1971-04-07      0.01                2.59      8.66
1971-04-08      1.01                1.58      11.4
1971-04-09       0.0                3.37      9.27
1971-04-10       0.0                2.92      8.14
1971-04-11      0.22                2.63      9.57
1971-04-12      0.52                3.27      12.7
1971-04-13      6.36                1.34     10.43
1971-04-14      1.43                2.16      8.07
1971-04-15       0.0                3.06      9.56
1971-04-16      0.87                1.85     11.83
1971-04-17      0.11                2.96      11.7
1971-04-18       0.0                3.51      11.4
1971-04-19       0.0                3.92     16.57
1971-04-20       0.0                 3.6      15.1
1971-04-21       0.0                3.91     15.07
1971-04-22       0.0                 3.7      19.0
1971-04-23       0.0                3.59     14.23
1971-04-24       0.0                4.05     15.23
1971-04-25       0.0                3.85      13.0
1971-04-26       0.0                3.72      13.8
1971-04-27      7.72                3.94     12.36
1971-04-28     12.39                1.82     10.77
1971-04-29       0.1                2.82      9.93
1971-04-30       0.0                4.13     10.43
1971-05-01      0.06                3.61      13.4
1971-05-02      3.46                3.78     15.47
1971-05-03     28.94                2.18     10.03
1971-05-04      3.15                3.19      9.13
1971-05-05      2.46                2.66       9.8
1971-05-06      3.06                2.42     10.53
1971-05-07      2.49                2.79      9.67
1971-05-08      0.03                3.43      10.2
1971-05-09       0.0                2.79     14.77
1971-05-10       0.0                 4.5     20.97
1971-05-11       0.0                4.32     22.67
1971-05-12      0.04                3.82     18.77
1971-05-13      8.55                3.24      18.4
1971-05-14       0.0                4.43     15.56
1971-05-15      0.01                4.58     17.17
1971-05-16       0.0                2.47     18.97
1971-05-17      0.03                4.23     15.23
1971-05-18      0.22                3.44     19.47
1971-05-19       0.0                4.45     16.27
1971-05-20       0.0                4.55     17.77
1971-05-21       0.0                4.02     19.43
1971-05-22       0.0                5.08     16.76
1971-05-23      2.19                4.83     16.53
1971-05-24     15.47                2.06     16.46
1971-05-25      0.17                5.14     21.97
1971-05-26       1.6                2.34     22.91
1971-05-27      0.09                2.13     18.17
1971-05-28      0.01                4.74     18.54
1971-05-29       0.0                2.73     20.37
1971-05-30      0.01                5.16     23.23
1971-05-31      0.13                4.62     19.87
1971-06-01       0.0                3.15     18.13
1971-06-02      0.39                3.02     17.36
1971-06-03     12.82                2.05     15.23
1971-06-04      0.44                5.15      17.4
1971-06-05      0.23                5.03      20.8
1971-06-06       0.0                3.77     20.27
1971-06-07       0.0                4.62      17.5
1971-06-08       0.0                5.92      18.8
1971-06-09      2.06                4.54      19.0
1971-06-10      4.86                2.34     18.73
1971-06-11      5.63                3.48      22.5
1971-06-12      0.05                4.91     23.07
1971-06-13       0.7                4.33      18.0
1971-06-14      0.94                2.92      19.7
1971-06-15       0.0                4.51      19.6
1971-06-16      0.06                5.41     22.13
1971-06-17      2.59                3.97     22.67
1971-06-18      0.45                4.04      20.6
1971-06-19      0.04                4.04     20.46
1971-06-20       0.0                4.58      20.1
1971-06-21      0.07                4.87     20.06
1971-06-22       0.0                4.25     23.57
1971-06-23      0.01                4.15     23.13
1971-06-24       0.0                5.42     21.86
1971-06-25      0.14                5.23     22.73
1971-06-26     17.14                2.34     21.37
1971-06-27     15.01                2.54     24.37
1971-06-28     12.22                2.56     22.93
1971-06-29     17.08                3.16     21.33
1971-06-30     18.86                2.12     20.23
1971-07-01     35.33                2.36     20.93
1971-07-02     14.93                2.27      20.5
1971-07-03      0.84                4.23     24.73
1971-07-04      0.15                3.58     26.27
1971-07-05      0.12                 4.2     27.97
1971-07-06     12.67                3.19     25.17
1971-07-07     28.95                2.27     25.27
1971-07-08     15.65                3.54     24.23
1971-07-09       1.0                4.35      25.6
1971-07-10     39.54                2.25     22.63
1971-07-11      2.92                3.06     21.33
1971-07-12       0.0                3.11     22.17
1971-07-13       0.0                4.32     24.13
1971-07-14      0.01                2.17     25.54
1971-07-15      0.15                4.59     28.94
1971-07-16      8.08                3.52     26.13
1971-07-17      6.24                3.57      24.7
1971-07-18      4.29                4.59      22.9
1971-07-19      1.92                2.29      21.9
1971-07-20      1.28                3.02      21.4
1971-07-21     12.42                 2.1      20.8
1971-07-22      18.3                3.81     22.06
1971-07-23      2.73                5.21     21.43
1971-07-24      1.89                4.64     22.36
1971-07-25      4.42                2.15      22.1
1971-07-26     13.88                2.12      22.2
1971-07-27      3.27                3.84     26.07
1971-07-28      5.12                2.67      28.9
1971-07-29      2.42                2.18     25.37
1971-07-30      0.64                 2.2     26.33
1971-07-31      0.29                5.11     26.56
1971-08-01       0.0                4.83     27.83
