1987-10-01       0.0                 2.6     15.67
1987-10-02       0.0                2.33     17.23
1987-10-03      0.35                2.53      17.1
1987-10-04       0.0                2.36      16.5
1987-10-05       0.0                2.39     16.87
1987-10-06      0.68                2.07     17.57
1987-10-07      2.28                2.45      18.4
1987-10-08      0.72                2.29     16.83
1987-10-09       0.0                2.26     16.57
1987-10-10       0.0                2.26      18.4
1987-10-11      0.06                2.18      17.8
1987-10-12      0.03                2.95     12.43
1987-10-13      0.11                1.76      12.3
1987-10-14      0.28                 2.0      15.3
1987-10-15      0.73                 1.9     14.73
1987-10-16       0.9                2.37      15.5
1987-10-17      0.34                1.81      14.6
1987-10-18      8.33                1.36      12.9
1987-10-19       0.2                 2.6     10.17
1987-10-20       0.0                2.11       7.5
1987-10-21       0.0                1.45      5.57
1987-10-22       0.0                1.52       4.7
1987-10-23       0.0                1.24      6.83
1987-10-24       0.0                1.65     10.97
1987-10-25       0.0                1.38      8.23
1987-10-26       0.0                1.64       9.8
1987-10-27       0.0                1.61      10.0
1987-10-28       0.0                1.64      14.5
1987-10-29      0.49                0.99     13.93
1987-10-30      0.43                1.86     12.73
1987-10-31      0.23                2.06      9.43
1987-11-01      4.33                1.38      11.1
1987-11-02     15.48                0.84      9.93
1987-11-03      3.14                1.62      8.04
1987-11-04      0.71                1.37      6.83
1987-11-05      0.13                1.26      2.97
1987-11-06      0.16                0.97       2.6
1987-11-07       0.4                1.07      4.93
1987-11-08      0.49                1.06       3.4
1987-11-09      2.59                0.93       7.1
1987-11-10      0.08                0.76      7.93
1987-11-11      0.32                1.08     12.47
1987-11-12      4.43                1.12     12.23
1987-11-13      0.66                2.13      8.23
1987-11-14      0.17                 1.2      6.07
1987-11-15       0.0                0.84       6.4
1987-11-16      0.03                1.14      6.93
1987-11-17      0.52                0.88      4.63
1987-11-18      4.64                0.72      5.04
1987-11-19      0.34                0.92       3.1
1987-11-20       0.0                0.75      3.07
1987-11-21       0.0                1.54      7.93
1987-11-22       0.0                0.87      6.07
1987-11-23       0.0                1.76      8.57
1987-11-24       0.0                 0.8      3.37
1987-11-25       0.0                0.78      4.67
1987-11-26      2.48                1.13       6.9
1987-11-27      3.48                0.88       3.9
1987-11-28      1.47                0.73     -1.33
1987-11-29      0.13                 0.7     -4.87
1987-11-30       0.0                 0.6      -5.9
1987-12-01       0.0                0.63     -7.93
1987-12-02      0.01                0.73     -7.56
1987-12-03      0.02                0.85      -3.5
1987-12-04       0.0                0.75      -5.8
1987-12-05      0.54                0.61     -0.83
1987-12-06      0.17                0.65      0.03
1987-12-07      0.11                0.65      -0.6
1987-12-08       0.0                0.54      0.37
1987-12-09      0.06                0.51       1.2
1987-12-10      0.04                0.71       2.2
1987-12-11      0.06                0.82     -3.66
1987-12-12       0.0                 0.5      -5.5
1987-12-13       0.0                0.48     -3.93
1987-12-14       0.0                0.49     -2.86
1987-12-15      0.13                0.38      -0.5
1987-12-16       0.0                 1.1     -0.73
1987-12-17       0.0                0.79      0.47
1987-12-18       0.0                0.55     -0.73
1987-12-19       0.0                0.62      0.94
1987-12-20       0.0                0.95       0.0
1987-12-21       0.1                0.91      0.17
1987-12-22      0.03                1.05       0.9
1987-12-23       0.0                0.57      -1.4
1987-12-24      0.37                0.51       1.1
1987-12-25       0.2                0.84       7.2
1987-12-26      0.09                0.85       4.2
1987-12-27       0.0                0.56      5.24
1987-12-28       0.0                0.48      6.97
1987-12-29       0.0                0.61      5.13
1987-12-30       0.0                1.42     -2.63
1987-12-31       0.0                0.46     -5.93
1988-01-01       0.0                0.41     -3.63
1988-01-02       0.0                0.53      -2.3
1988-01-03       0.0                0.46     -1.66
1988-01-04       0.0                0.67     -1.27
1988-01-05       0.0                0.61     -2.96
1988-01-06       0.0                0.62      -3.0
1988-01-07      0.09                0.46     -2.23
1988-01-08      0.54                1.09       0.7
1988-01-09      0.36                1.11     -7.27
1988-01-10       0.0                0.67    -10.33
1988-01-11       0.0                0.65     -7.16
1988-01-12       0.0                0.55     -3.36
1988-01-13       0.0                0.45      0.74
1988-01-14       0.0                0.73      4.37
1988-01-15       0.0                0.69      2.93
1988-01-16       0.0                0.88     -2.23
1988-01-17       0.0                0.73     -5.16
1988-01-18       0.0                 0.8      -3.2
1988-01-19       0.0                0.83     -2.53
1988-01-20      0.01                0.59     -1.33
1988-01-21      0.45                0.46     -0.26
1988-01-22      0.26                1.27      0.07
1988-01-23      0.09                1.11     -8.87
1988-01-24       0.0                0.93     -9.23
1988-01-25       0.0                 0.9     -6.16
1988-01-26       0.0                 1.1     -4.36
1988-01-27      0.05                1.23     -4.93
1988-01-28      0.61                0.86      -4.2
1988-01-29      0.46                1.25     -3.53
1988-01-30      0.09                0.85     -7.43
1988-01-31       0.0                0.85     -6.46
1988-02-01      0.49                 0.9     -4.66
1988-02-02      0.18                1.65     -6.63
1988-02-03      0.12                 0.7    -11.23
1988-02-04      0.97                0.36     -7.76
1988-02-05      1.32                0.68      0.43
1988-02-06      0.13                1.35      -6.5
1988-02-07       0.0                0.81     -10.6
1988-02-08       0.0                0.95      -8.8
1988-02-09       0.0                1.14      -6.6
1988-02-10       0.0                0.82      -7.6
1988-02-11       0.0                0.66     -5.73
1988-02-12       0.0                0.81      -3.4
1988-02-13       0.0                0.99      -0.7
1988-02-14      0.13                1.14     -2.33
1988-02-15       0.0                1.17     -5.93
1988-02-16       0.0                1.05     -7.27
1988-02-17       0.0                1.12     -7.37
1988-02-18       0.0                1.13     -7.33
1988-02-19       0.0                1.35      -4.8
1988-02-20      0.03                1.27      0.17
1988-02-21       0.0                1.44     -0.87
1988-02-22       0.0                1.26      1.07
1988-02-23      0.16                1.88       2.8
1988-02-24      0.61                1.03       2.2
1988-02-25      0.18                1.34      2.57
1988-02-26      0.53                1.67      3.27
1988-02-27      0.57                1.79      1.67
1988-02-28      0.13                1.74      1.17
1988-02-29       0.0                1.14      0.53
1988-03-01       0.0                1.59      2.53
1988-03-02      0.01                 1.7     -2.27
1988-03-03      0.02                1.56     -4.27
1988-03-04       0.0                1.36     -4.53
1988-03-05      0.13                1.49      -1.9
1988-03-06      0.29                1.61     -3.03
1988-03-07      0.26                1.77     -4.07
1988-03-08       0.6                1.51     -2.16
1988-03-09      0.06                1.34     -2.26
1988-03-10      0.36                1.98      3.53
1988-03-11      6.08                0.71       0.3
1988-03-12       1.0                2.19      6.53
1988-03-13       0.0                2.02      6.87
1988-03-14      1.12                1.54      5.13
1988-03-15      0.32                1.75     -0.63
1988-03-16       0.0                1.58     -0.23
1988-03-17       0.0                2.22      4.53
1988-03-18       0.0                1.72      3.33
1988-03-19       0.0                2.22      3.03
1988-03-20       0.0                1.86       2.6
1988-03-21      0.77                2.54      3.73
1988-03-22      0.36                1.89      4.17
1988-03-23       0.0                2.71       2.9
1988-03-24       0.0                1.74      1.13
1988-03-25       0.0                2.55      6.27
1988-03-26       0.0                2.14       3.6
1988-03-27       0.0                 2.7      5.07
1988-03-28       0.0                 2.1       5.3
1988-03-29       0.0                3.13       4.8
1988-03-30       0.0                3.07      4.73
1988-03-31       0.0                 2.7      6.33
1988-04-01       0.0                1.62      6.57
1988-04-02       0.0                2.93      7.63
1988-04-03       0.0                 3.0       5.8
1988-04-04       0.0                3.75      9.97
1988-04-05      0.07                3.02      8.67
1988-04-06       0.0                2.34       5.2
1988-04-07      0.01                3.39      5.97
1988-04-08      0.07                2.76      5.67
1988-04-09       0.0                2.68      7.53
1988-04-10       0.0                3.28       8.4
1988-04-11      4.62                3.23     10.67
1988-04-12     10.19                3.06      12.1
1988-04-13      0.08                 3.6     11.17
1988-04-14       0.0                3.76      7.34
1988-04-15      0.04                3.84     10.43
1988-04-16       0.0                3.05      12.0
1988-04-17       3.2                4.29     13.93
1988-04-18     10.03                2.85     10.84
1988-04-19      9.58                2.02      5.07
1988-04-20      0.26                2.99      8.67
1988-04-21       0.0                 3.7      11.2
1988-04-22       0.0                3.73       7.9
1988-04-23      0.28                2.68       6.9
1988-04-24      0.14                3.26       8.2
1988-04-25       0.0                4.42     11.84
1988-04-26       0.0                4.69     14.37
1988-04-27       0.0                4.07     14.47
1988-04-28       0.0                4.08     16.34
1988-04-29      0.27                 4.8     17.07
1988-04-30      1.09                2.69      15.5
1988-05-01       0.0                4.97      17.2
