1994-05-01       0.9                2.31      11.1
1994-05-02      0.02                4.39     16.57
1994-05-03      10.1                2.66     13.23
1994-05-04     22.12                2.65     10.43
1994-05-05      5.27                1.92       9.0
1994-05-06       0.0                4.41     14.14
1994-05-07      0.03                 3.2     15.13
1994-05-08      0.01                 4.2      13.3
1994-05-09       0.0                 4.3      15.4
1994-05-10      1.98                2.17     16.17
1994-05-11      0.32                3.02     13.87
1994-05-12       0.0                4.57     16.37
1994-05-13       0.0                4.04      18.7
1994-05-14     20.96                1.83      13.7
1994-05-15     15.64                1.75     11.87
1994-05-16      0.08                3.08      15.7
1994-05-17       0.0                4.32     12.73
1994-05-18       0.0                4.65     12.83
1994-05-19       0.0                4.13      11.3
1994-05-20       0.0                3.93     14.93
1994-05-21       0.0                3.54      17.4
1994-05-22       0.0                4.65      19.4
1994-05-23       0.0                4.29      18.5
1994-05-24     10.25                2.89     18.97
1994-05-25     21.73                2.19     17.93
1994-05-26       0.0                3.93     20.77
1994-05-27       0.0                5.09     15.87
1994-05-28      0.26                4.79     15.64
1994-05-29      1.47                3.52     17.07
1994-05-30       0.0                4.24     16.93
1994-05-31      0.03                 4.6     17.23
1994-06-01      0.14                4.29     16.47
1994-06-02      0.08                5.13     17.43
1994-06-03      0.29                3.85      17.8
1994-06-04      0.19                2.18      16.7
1994-06-05       0.0                5.12     17.07
1994-06-06       0.0                4.74     16.97
1994-06-07       0.0                4.85     18.87
1994-06-08      0.17                3.08      20.4
1994-06-09      0.69                4.96     20.43
1994-06-10      0.04                4.46     21.47
1994-06-11       0.0                4.56      20.4
1994-06-12       0.0                5.07      21.0
1994-06-13       0.0                3.65      21.6
1994-06-14       0.0                5.16     20.27
1994-06-15       0.0                5.46     21.83
1994-06-16       0.0                5.66     23.63
1994-06-17       0.0                4.88     23.53
1994-06-18      4.16                3.07     18.03
1994-06-19      4.98                4.08     15.47
1994-06-20      0.04                4.92      16.8
1994-06-21       0.0                5.33      18.7
1994-06-22      5.68                2.55      19.4
1994-06-23     25.72                2.04     17.47
1994-06-24       1.9                3.83     19.97
1994-06-25      4.49                2.11     19.73
1994-06-26     13.03                3.91     22.33
1994-06-27      0.04                3.71     22.67
1994-06-28      5.21                4.55     22.97
1994-06-29      5.72                2.28      22.7
1994-06-30     49.55                2.21     21.37
1994-07-01     46.68                2.54      23.6
1994-07-02       0.0                4.74     25.83
1994-07-03      5.22                2.56     24.47
1994-07-04      2.85                2.47     24.53
1994-07-05     18.02                2.29      23.9
1994-07-06     12.63                2.46     24.63
1994-07-07     12.14                2.66      24.9
1994-07-08      5.17                3.79     24.93
1994-07-09      1.18                3.98     25.73
1994-07-10      1.14                2.74     25.57
1994-07-11      0.09                3.31     26.43
1994-07-12      0.04                4.93     26.67
1994-07-13      0.09                5.32      26.7
1994-07-14      0.04                4.25     28.03
1994-07-15      0.11                4.56     27.63
1994-07-16      4.84                4.41      26.9
1994-07-17      0.04                4.34     26.37
1994-07-18      0.61                 4.8     27.77
1994-07-19      0.04                4.91      27.6
1994-07-20      0.01                3.61     26.87
1994-07-21       0.0                5.34     28.57
1994-07-22       0.0                5.11     29.07
1994-07-23       0.0                5.48      27.6
1994-07-24       0.0                5.71     27.17
1994-07-25       0.0                5.56      26.7
1994-07-26      0.28                5.28     26.03
1994-07-27      0.27                5.03     25.43
1994-07-28      0.37                4.01      27.3
1994-07-29       0.0                5.46      28.2
1994-07-30      3.48                4.27     28.27
1994-07-31      4.67                4.13     27.77
1994-08-01     47.63                2.17      24.3
1994-08-02      2.46                4.79     27.87
1994-08-03      3.88                4.06     27.37
1994-08-04      7.95                2.85     26.87
1994-08-05       0.0                4.92      28.0
1994-08-06       0.0                4.72      28.5
1994-08-07      0.03                4.64      28.4
1994-08-08      0.31                4.98     28.13
1994-08-09      8.42                4.72     27.93
1994-08-10     21.97                 2.2     25.37
1994-08-11     10.22                2.59      25.6
1994-08-12       0.3                5.12      28.0
1994-08-13       0.0                 5.4     26.93
1994-08-14       0.0                4.83     27.93
1994-08-15      0.51                2.63      27.7
1994-08-16      1.74                2.94     27.83
1994-08-17      4.43                2.24     25.47
1994-08-18      1.75                2.74     24.33
1994-08-19      0.01                 5.1     23.63
1994-08-20      0.33                4.62     21.93
1994-08-21      0.06                4.52      21.1
1994-08-22       0.0                4.49     20.83
1994-08-23       0.0                4.12     22.77
1994-08-24       0.0                3.54     23.17
1994-08-25      17.7                1.81      20.5
1994-08-26      5.16                3.63     24.83
1994-08-27       0.6                 2.9     24.27
1994-08-28     30.23                1.81     20.43
1994-08-29     25.67                1.82      21.9
1994-08-30      2.04                2.53     24.23
1994-08-31      0.01                3.62     25.37
1994-09-01      0.83                3.31     25.67
1994-09-02      3.77                2.74      24.1
1994-09-03      1.22                3.72     24.23
1994-09-04      0.89                3.07      23.5
1994-09-05      7.63                2.65     23.53
1994-09-06       0.0                3.83     21.37
1994-09-07       0.0                3.45     21.27
1994-09-08       0.0                 3.0     21.27
1994-09-09      0.53                 2.4     21.17
1994-09-10      4.55                1.59     18.87
1994-09-11       0.0                3.05      17.7
1994-09-12       0.0                2.95     17.23
1994-09-13       0.0                 3.1     16.57
1994-09-14       0.0                 3.2     16.47
1994-09-15       0.0                2.98      16.1
1994-09-16      5.12                3.29     15.87
1994-09-17      17.6                1.42     16.13
1994-09-18      1.75                1.58     19.07
1994-09-19      2.64                2.95     18.67
1994-09-20      0.07                2.46      18.8
1994-09-21      0.08                2.49      16.7
1994-09-22      0.06                2.13      16.0
1994-09-23      0.16                2.38      15.0
1994-09-24      1.91                2.07     14.67
1994-09-25      0.04                2.24      15.4
1994-09-26      0.04                1.65     15.83
1994-09-27       0.0                2.52     16.07
1994-09-28       0.0                2.63     15.07
1994-09-29      0.15                2.29     14.67
1994-09-30      0.15                2.12     15.33
1994-10-01       0.0                 2.0     15.73
1994-10-02       0.0                1.75      15.5
1994-10-03      2.62                1.75     16.73
1994-10-04      3.21                2.43      13.8
1994-10-05      3.88                1.81      12.5
1994-10-06      0.93                2.24     15.03
1994-10-07      0.27                1.25     13.37
1994-10-08      0.05                1.87     16.27
1994-10-09       0.0                1.69     16.63
1994-10-10       0.0                1.39     15.47
1994-10-11     20.68                 1.5      15.4
1994-10-12     53.74                1.61      16.3
1994-10-13      0.63                2.55      16.7
1994-10-14      0.02                1.74      14.4
1994-10-15     13.51                0.94      11.6
1994-10-16     34.29                1.38     14.87
1994-10-17       0.3                1.74     12.47
1994-10-18       0.0                1.62     12.93
1994-10-19       0.2                1.85      14.6
1994-10-20      2.61                1.35      10.0
1994-10-21      8.92                0.97      6.63
1994-10-22       0.4                1.36       9.2
1994-10-23      0.09                 1.7      9.43
1994-10-24      0.21                1.73      9.13
1994-10-25       0.0                1.35       9.4
1994-10-26       0.0                1.16     10.07
1994-10-27       0.0                1.22     11.07
1994-10-28       0.0                0.72      9.67
1994-10-29       0.0                1.27      9.07
1994-10-30       0.0                1.34      6.87
1994-10-31       0.0                1.06       6.1
1994-11-01       0.0                1.13       7.3
1994-11-02       2.0                1.51       9.1
1994-11-03      0.15                 1.6      7.13
1994-11-04       0.0                0.93      6.13
1994-11-05      0.01                0.76      8.27
1994-11-06      0.21                2.02     13.37
1994-11-07       0.0                1.22       6.8
1994-11-08       0.0                0.81       7.4
1994-11-09      1.05                1.07       8.7
1994-11-10      5.31                0.79     11.07
1994-11-11      0.08                1.06      9.63
1994-11-12       1.8                0.62       8.5
1994-11-13      0.83                1.21       6.5
1994-11-14      4.82                 0.9      5.77
1994-11-15      0.38                1.26       4.3
1994-11-16      0.12                0.95      7.53
1994-11-17      4.85                 0.7      9.17
1994-11-18     15.25                0.63       9.5
1994-11-19      0.12                0.93       8.3
1994-11-20       0.0                0.81      5.67
1994-11-21      0.07                0.68      3.87
1994-11-22      0.69                0.63      1.77
1994-11-23      0.11                0.65      4.57
1994-11-24      3.33                0.54       3.8
1994-11-25      0.11                0.97      3.07
1994-11-26       0.0                0.82      0.23
1994-11-27       0.0                0.45     -0.06
1994-11-28      0.11                0.45      4.04
1994-11-29       0.0                0.47       3.7
1994-11-30       0.0                0.48      4.87
1994-12-01      0.58                0.46      6.37
