1999-06-01      3.37                2.07     18.13
1999-06-02      12.1                 2.4     18.73
1999-06-03       0.0                 4.5     21.07
1999-06-04       0.0                4.44      21.4
1999-06-05      0.09                5.34     22.63
1999-06-06      0.62                2.26      20.9
1999-06-07      0.02                4.96      20.6
1999-06-08       0.0                5.29      20.1
1999-06-09       0.0                4.91      20.0
1999-06-10       0.0                5.17     20.53
1999-06-11       0.0                5.55      21.3
1999-06-12       0.0                5.67     21.73
1999-06-13       0.0                5.39     22.77
1999-06-14       0.0                5.36      23.6
1999-06-15      0.28                2.89      22.3
1999-06-16     11.95                2.01     17.13
1999-06-17       0.0                2.23     18.33
1999-06-18       0.0                4.65     20.87
1999-06-19       1.1                4.41      20.3
1999-06-20       0.0                3.79      19.5
1999-06-21     17.79                4.76     21.47
1999-06-22       3.2                5.31      21.9
1999-06-23      32.7                2.11     17.63
1999-06-24      0.71                4.99      20.6
1999-06-25       0.0                 4.4     22.07
1999-06-26      0.15                5.21     24.37
1999-06-27       0.0                5.31      24.3
1999-06-28       0.0                5.33     24.43
1999-06-29       0.0                5.66     21.43
1999-06-30       0.0                5.21      22.8
1999-07-01       0.0                3.52     23.33
1999-07-02       0.0                3.75     22.13
1999-07-03      0.71                5.05     22.57
1999-07-04      8.23                3.76      23.0
1999-07-05       0.0                5.47      21.6
1999-07-06       0.0                5.62     22.27
1999-07-07       0.0                5.72     21.53
1999-07-08       0.0                3.99      21.0
1999-07-09      0.93                3.07      22.8
1999-07-10       4.2                2.65     20.47
1999-07-11      1.03                5.31     19.67
1999-07-12      2.96                3.78      18.6
1999-07-13      1.63                4.32     21.83
1999-07-14      0.26                5.25     23.03
1999-07-15     17.38                3.77     22.37
1999-07-16     17.08                2.22      21.6
1999-07-17      0.59                3.37     24.53
1999-07-18      0.29                4.53     24.97
1999-07-19      0.71                5.26     25.07
1999-07-20      2.32                5.49     26.23
1999-07-21      9.45                5.05      26.2
1999-07-22      35.3                2.22     24.27
1999-07-23      3.93                 3.5      25.2
1999-07-24      3.41                2.27      24.2
1999-07-25      8.27                 3.5      26.1
1999-07-26       3.9                4.84     27.57
1999-07-27      7.45                3.14     25.43
1999-07-28     44.83                2.26     24.07
1999-07-29     15.47                2.28     25.17
1999-07-30      6.13                2.91     26.73
1999-07-31     82.86                2.22      23.8
1999-08-01    159.15                2.15     22.33
1999-08-02    166.46                1.94     19.53
1999-08-03     36.41                2.71     22.17
1999-08-04       0.2                4.06     23.33
1999-08-05       0.0                5.18      24.4
1999-08-06      0.14                4.93     23.23
1999-08-07      0.06                5.66     25.37
1999-08-08       0.0                3.83      26.1
1999-08-09      3.79                4.66     27.47
1999-08-10      0.03                5.76      28.0
1999-08-11      0.04                5.25      27.1
1999-08-12       0.0                5.61      25.1
1999-08-13       0.0                5.47     23.63
1999-08-14      0.04                5.75     24.27
1999-08-15      0.77                4.66     23.93
1999-08-16       0.0                5.21      24.3
1999-08-17      2.23                5.15     25.33
1999-08-18      41.4                3.13      22.4
1999-08-19     65.12                 2.1      20.6
1999-08-20      6.75                2.25      24.0
1999-08-21      2.16                3.96     23.93
1999-08-22       0.1                2.85     23.13
1999-08-23      0.04                4.11     21.33
1999-08-24      0.19                4.27     22.33
1999-08-25      0.22                2.92     22.57
1999-08-26      1.87                3.67      22.1
1999-08-27      13.0                2.21     20.47
1999-08-28      0.66                3.33      23.2
1999-08-29       0.0                2.64     23.47
1999-08-30      3.21                2.32     23.87
1999-08-31      2.66                2.59     22.27
1999-09-01       0.0                4.38     23.47
1999-09-02      0.02                3.61      24.4
1999-09-03      0.04                3.79      24.1
1999-09-04      0.04                 4.1     22.77
1999-09-05     48.75                2.01      21.5
1999-09-06      3.04                3.29     23.27
1999-09-07      6.71                2.31     23.37
1999-09-08      1.73                2.82     24.97
1999-09-09      1.41                3.06     25.63
1999-09-10      6.95                3.05     24.33
1999-09-11       0.0                2.72     24.43
1999-09-12       0.1                2.61     24.67
1999-09-13       0.0                 3.7     24.23
1999-09-14       0.0                2.69     22.57
1999-09-15      0.42                3.65      19.0
1999-09-16       0.0                3.81      21.3
1999-09-17      0.49                3.57     21.17
1999-09-18     19.32                1.61     19.77
1999-09-19     79.14                1.51      20.1
1999-09-20     99.27                1.43     15.87
1999-09-21     23.41                1.77      14.5
1999-09-22      3.29                1.89      16.6
1999-09-23     14.62                 1.5     17.93
1999-09-24     14.98                 1.5     18.13
1999-09-25      0.35                 3.2     18.13
1999-09-26       0.0                2.68     17.63
1999-09-27       0.0                 2.4     19.37
1999-09-28       0.0                2.89     20.67
1999-09-29       0.0                 1.8     20.03
1999-09-30       0.0                2.57     19.07
1999-10-01     13.87                1.22     16.33
1999-10-02     18.11                1.23     13.13
1999-10-03      0.77                2.23      12.5
1999-10-04      0.06                2.04     13.23
1999-10-05       0.0                 2.4      15.4
1999-10-06       0.0                1.38     13.53
1999-10-07      0.04                1.78     16.17
1999-10-08       0.0                2.03      17.0
1999-10-09      0.21                1.79      16.7
1999-10-10     15.13                1.16      15.5
1999-10-11      8.66                1.71      16.8
1999-10-12      0.03                2.08     16.93
1999-10-13       0.0                1.22     15.57
1999-10-14      1.04                1.83      14.7
1999-10-15       0.0                2.46      13.6
1999-10-16       0.0                1.86       4.6
1999-10-17      0.04                0.98       5.0
1999-10-18       0.0                1.61     10.64
1999-10-19       0.0                1.46     10.97
1999-10-20       0.0                1.24      11.8
1999-10-21       0.0                1.32     13.44
1999-10-22       0.0                1.36     13.74
1999-10-23      0.04                1.72      11.2
1999-10-24       0.0                1.36     12.53
1999-10-25       0.0                 1.3      12.5
1999-10-26      0.38                0.84     12.04
1999-10-27       0.0                1.47     14.83
1999-10-28     18.63                0.97     13.13
1999-10-29      0.22                1.76       7.4
1999-10-30      0.12                1.38       5.8
1999-10-31     24.46                0.72      5.03
1999-11-01      7.59                0.84      6.83
1999-11-02      0.12                1.24       5.1
1999-11-03       0.0                1.08      4.73
1999-11-04       0.0                0.92       5.8
1999-11-05      0.25                0.88      10.7
1999-11-06       0.0                0.92     10.77
1999-11-07      0.01                0.65      9.54
1999-11-08      0.38                1.33      9.43
1999-11-09      0.03                1.47       7.7
1999-11-10       0.0                0.74       7.6
1999-11-11      1.67                0.59       8.3
1999-11-12      4.05                1.11      10.8
1999-11-13      0.13                 0.8      8.93
1999-11-14       0.0                0.93       8.2
1999-11-15      0.39                1.29      7.13
1999-11-16      0.06                1.14      4.33
1999-11-17      0.01                0.68       2.4
1999-11-18       0.0                 1.1      4.93
1999-11-19       0.0                0.67      4.64
1999-11-20       0.0                0.63      5.87
1999-11-21       0.0                0.64      6.97
1999-11-22       0.0                0.61       7.0
1999-11-23       0.0                0.62      8.47
1999-11-24       0.2                0.59      7.37
1999-11-25      0.53                1.42       5.1
1999-11-26       0.0                1.06     -3.36
1999-11-27      0.01                0.68     -1.66
1999-11-28       0.0                0.85     -1.93
1999-11-29       0.0                0.78      -2.1
1999-11-30       0.0                0.91      2.77
1999-12-01       0.0                0.43     -0.63
1999-12-02       0.0                0.56      3.83
1999-12-03       0.0                0.51      2.07
1999-12-04       0.0                0.58       1.9
1999-12-05       0.0                 0.7      2.87
1999-12-06       0.0                0.82     -0.77
1999-12-07       0.0                0.55      -0.8
1999-12-08       0.1                0.41      3.64
1999-12-09      0.34                1.36       3.0
1999-12-10      0.08                1.06      3.44
1999-12-11       0.0                0.96     -0.87
1999-12-12      0.01                0.62      -1.9
1999-12-13       0.0                0.68      0.44
1999-12-14      0.03                0.59     -2.43
1999-12-15      0.24                0.69      0.13
1999-12-16      3.86                0.38     -0.33
1999-12-17      0.16                0.53     -4.06
1999-12-18       0.0                0.49      -7.2
1999-12-19       0.0                0.62      -9.2
1999-12-20       0.0                0.41     -9.63
1999-12-21       0.0                0.33     -8.03
1999-12-22      0.03                0.47     -7.43
1999-12-23      0.26                0.34     -5.26
1999-12-24      3.74                 0.6     -1.17
1999-12-25      0.55                0.56     -4.93
1999-12-26       0.0                0.37     -6.13
1999-12-27       0.0                0.38      -3.3
1999-12-28      0.31                0.43      1.57
1999-12-29       0.0                0.33     -1.23
1999-12-30       0.0                0.35     -1.36
1999-12-31      0.01                 0.4     -1.33
2000-01-01      0.19                0.44      1.07
