1986-03-01       0.0                1.15     -4.33
1986-03-02       0.0                1.46     -3.16
1986-03-03       0.0                1.45     -0.83
1986-03-04       0.0                1.95       0.9
1986-03-05      0.12                1.77      4.07
1986-03-06       0.0                1.99       3.9
1986-03-07       0.0                2.36      3.07
1986-03-08       0.0                2.16      5.13
1986-03-09      6.05                0.94      3.87
1986-03-10      0.61                1.97      1.63
1986-03-11       0.0                1.93       2.2
1986-03-12       0.0                1.15      1.13
1986-03-13      0.01                 1.0      5.07
1986-03-14      0.01                1.81      3.07
1986-03-15      0.04                1.31      2.37
1986-03-16       0.0                 1.9      1.77
1986-03-17      0.57                2.08      2.53
1986-03-18      2.99                0.95       1.7
1986-03-19      1.39                1.07       1.6
1986-03-20       0.0                1.84       3.2
1986-03-21       0.0                 1.9       4.2
1986-03-22      0.49                1.27      2.97
1986-03-23       0.0                1.99      4.03
1986-03-24       0.0                2.29      3.83
1986-03-25       0.0                2.45      4.27
1986-03-26       0.0                2.63       5.7
1986-03-27       0.0                2.49       7.5
1986-03-28       0.0                2.94       8.7
1986-03-29      1.13                2.58      7.47
1986-03-30      0.29                2.29      6.23
1986-03-31      0.76                2.92      5.37
1986-04-01       0.0                3.22      6.47
1986-04-02       0.0                2.72      8.47
1986-04-03       0.0                2.47      8.93
1986-04-04       0.0                3.45      10.1
1986-04-05       0.0                3.46      7.97
1986-04-06       0.0                3.23       5.8
1986-04-07       0.0                 3.2      4.97
1986-04-08       0.0                 3.5       9.4
1986-04-09       0.0                3.26     13.87
1986-04-10      0.01                3.67     13.87
1986-04-11       0.0                3.42       6.8
1986-04-12       0.0                3.56      7.44
1986-04-13       0.0                3.75     10.17
1986-04-14      0.18                3.06     11.37
1986-04-15      0.09                4.07      12.7
1986-04-16       0.0                3.53       7.6
1986-04-17       0.0                3.79      9.77
1986-04-18       0.0                3.65     13.13
1986-04-19       0.0                4.44     13.73
1986-04-20       0.0                4.64     12.53
1986-04-21       0.0                2.94       7.0
1986-04-22       0.0                3.91      12.2
1986-04-23       0.0                 3.6     12.07
1986-04-24      4.57                3.73     14.27
1986-04-25     17.38                2.08     12.26
1986-04-26     23.89                 1.8       8.0
1986-04-27      9.08                2.61      11.7
1986-04-28       0.2                3.93     12.77
1986-04-29       0.0                4.06     12.73
1986-04-30      0.49                3.47      14.3
1986-05-01       7.5                1.66     12.17
1986-05-02      0.37                2.78     15.07
1986-05-03      0.16                4.58     17.33
1986-05-04      0.26                4.44     16.27
1986-05-05      0.91                4.19     17.97
1986-05-06      1.25                3.87      16.6
1986-05-07      0.14                4.23     17.14
1986-05-08      0.72                5.43      20.0
1986-05-09      4.03                3.78     13.53
1986-05-10      3.68                 2.1      10.3
1986-05-11      0.77                3.65      13.0
1986-05-12       0.0                3.86     14.83
1986-05-13      5.62                 1.9     13.93
1986-05-14      1.49                3.04     13.93
1986-05-15      5.92                 2.1     11.33
1986-05-16      0.77                3.62     13.33
1986-05-17      0.08                4.16     15.67
1986-05-18      2.53                3.33     17.17
1986-05-19     10.73                3.07      18.2
1986-05-20      2.26                4.66     15.53
1986-05-21      0.49                3.62      12.9
1986-05-22      0.05                4.38     14.77
1986-05-23       0.0                 4.5     15.93
1986-05-24       0.0                4.16     17.23
1986-05-25       0.0                4.94     15.87
1986-05-26       0.8                3.62     16.47
1986-05-27       0.0                3.15     17.67
1986-05-28       0.0                4.72      16.6
1986-05-29       0.0                4.66      18.9
1986-05-30       0.0                 5.6     20.07
1986-05-31      0.51                5.47     21.13
1986-06-01      0.46                3.79     20.33
1986-06-02      0.05                4.82     20.77
1986-06-03      0.01                5.31     20.33
1986-06-04      2.51                5.11     17.63
1986-06-05       4.8                3.96      15.8
1986-06-06      0.52                2.73      14.5
1986-06-07       0.0                4.82     17.57
1986-06-08       0.0                5.67      19.7
1986-06-09       0.0                4.81     19.93
1986-06-10       0.0                3.33      21.1
1986-06-11      0.04                 5.5     22.47
1986-06-12       0.0                5.49     21.47
1986-06-13      0.47                3.31     19.43
1986-06-14      0.42                 4.6     20.93
1986-06-15      5.63                2.13     17.83
1986-06-16     19.09                2.08      18.4
1986-06-17      5.19                2.56     18.67
1986-06-18      3.11                 2.9     19.37
1986-06-19      0.52                4.28     20.77
1986-06-20       0.0                4.44     20.43
1986-06-21       0.0                4.97     21.93
1986-06-22      0.96                3.79      22.4
1986-06-23      0.78                5.22      21.1
1986-06-24      7.77                2.63     20.17
1986-06-25     15.07                3.83      21.8
1986-06-26      1.25                5.57     23.97
1986-06-27      0.13                3.74      23.9
1986-06-28     26.36                 2.4     20.23
1986-06-29      1.29                4.63      22.3
1986-06-30      0.85                4.66     20.63
1986-07-01      2.39                2.58     16.73
1986-07-02      0.31                4.99     16.97
1986-07-03      0.26                4.58      16.4
1986-07-04      0.57                3.88     17.57
1986-07-05       1.0                2.32      16.5
1986-07-06      0.01                4.05      19.5
1986-07-07      0.04                4.55     21.77
1986-07-08      0.65                5.54      22.2
1986-07-09      0.09                4.19     20.97
1986-07-10      1.01                4.13      23.1
1986-07-11     20.72                 2.2     21.17
1986-07-12      5.92                2.27      21.1
1986-07-13       3.7                2.79      22.4
1986-07-14      3.84                3.57     23.03
1986-07-15      2.29                3.56     22.97
1986-07-16     32.37                2.33     19.97
1986-07-17     11.73                3.98      21.5
1986-07-18     14.01                3.79     23.83
1986-07-19     29.05                2.27     20.53
1986-07-20      0.55                3.13      23.0
1986-07-21       7.2                2.28     22.37
1986-07-22      5.13                4.18     21.27
1986-07-23      6.52                2.43      20.9
1986-07-24     16.65                2.26     21.67
1986-07-25     22.12                2.23     21.83
1986-07-26      9.69                2.23      23.3
1986-07-27      0.62                2.36     25.47
1986-07-28       0.0                5.03     26.47
1986-07-29       0.0                2.79      25.5
1986-07-30       0.0                 3.5     25.77
1986-07-31       1.0                5.26      26.4
1986-08-01      9.82                4.14     27.17
1986-08-02      5.95                4.66     27.33
1986-08-03       5.8                4.12      25.7
1986-08-04      1.78                 3.8     24.37
1986-08-05      0.25                5.22      22.7
1986-08-06       0.8                4.63     22.83
1986-08-07      1.46                4.41      23.7
1986-08-08      0.43                4.19     23.87
1986-08-09      0.11                3.74      24.0
1986-08-10     17.37                3.05      25.2
1986-08-11     32.94                3.18     22.07
1986-08-12      3.79                2.99     23.27
1986-08-13     11.44                4.42      25.2
1986-08-14      0.62                4.57     24.33
1986-08-15      1.44                 4.0     24.03
1986-08-16      8.68                2.09     22.13
1986-08-17       2.1                2.17     23.53
1986-08-18      0.12                2.09      23.1
1986-08-19       1.5                4.38     24.83
1986-08-20     25.79                2.71      22.5
1986-08-21     11.36                2.97      21.2
1986-08-22      2.47                4.34      19.4
1986-08-23      0.36                3.97     20.63
1986-08-24      0.04                3.59     22.47
1986-08-25      1.22                4.51     22.97
1986-08-26     22.74                3.24     22.53
1986-08-27      33.2                 2.1     21.37
1986-08-28     40.22                2.14      21.2
1986-08-29     13.46                3.45     21.03
1986-08-30      0.61                 4.6     22.57
1986-08-31       0.0                3.48     21.97
1986-09-01      3.28                3.76      23.3
1986-09-02     19.87                1.77      19.9
1986-09-03      2.45                3.48     21.17
1986-09-04      0.93                3.32     20.97
1986-09-05       0.0                3.72      22.7
1986-09-06       0.0                3.67      22.1
1986-09-07       0.0                2.94     21.07
1986-09-08      0.08                2.58     20.63
1986-09-09       0.0                3.22     20.93
1986-09-10       0.0                 3.4      21.3
1986-09-11      0.06                2.36     20.93
1986-09-12      1.26                3.29     20.27
1986-09-13      5.02                2.94      19.0
1986-09-14      0.86                3.26     17.77
1986-09-15      0.01                3.48      18.2
1986-09-16       0.0                3.09     16.63
1986-09-17       0.0                3.34      13.7
1986-09-18       0.0                3.13      13.8
1986-09-19       0.0                2.74      15.4
1986-09-20     26.77                1.71     14.67
1986-09-21     47.53                1.55      14.7
1986-09-22      1.13                 2.6     17.63
1986-09-23       0.0                 3.1     16.07
1986-09-24       0.0                2.42     14.23
1986-09-25       0.0                2.42     16.27
1986-09-26       0.0                2.29     16.03
1986-09-27       0.0                1.99     15.37
1986-09-28       0.0                 3.1      15.5
1986-09-29       0.0                2.64      14.5
1986-09-30      0.08                3.17     13.33
1986-10-01      5.33                2.48     13.83
