1980-08-01       0.0                5.13     19.63
1980-08-02      0.09                5.15     19.17
1980-08-03      0.46                3.98      18.0
1980-08-04      1.32                3.35     19.73
1980-08-05       0.3                4.09     19.43
1980-08-06      0.08                4.65     18.87
1980-08-07      2.18                2.46      18.6
1980-08-08      5.51                2.68     18.23
1980-08-09      0.83                2.96      19.5
1980-08-10      6.54                2.58     19.07
1980-08-11       0.0                3.36      22.2
1980-08-12      4.95                3.24      22.5
1980-08-13     38.45                1.93     20.33
1980-08-14       3.9                2.25     22.43
1980-08-15      1.19                3.87      23.5
1980-08-16      3.62                3.27      20.9
1980-08-17      7.06                1.84     19.03
1980-08-18      11.1                1.96      20.8
1980-08-19       4.9                3.78     23.47
1980-08-20      0.41                2.57     22.33
1980-08-21      0.46                3.64     22.53
1980-08-22      0.63                4.63      22.0
1980-08-23      1.22                3.48     23.47
1980-08-24      8.52                3.69     23.43
1980-08-25      31.7                2.16      21.1
1980-08-26     18.09                2.47     20.57
1980-08-27      1.47                 2.1     19.73
1980-08-28      0.67                2.99      20.5
1980-08-29      0.08                1.89     18.93
1980-08-30       0.0                 2.5     20.93
1980-08-31      5.03                 3.0     22.83
1980-09-01      2.37                3.76     22.23
1980-09-02     15.58                2.05     18.63
1980-09-03      0.04                3.76     20.33
1980-09-04      0.02                2.16     19.83
1980-09-05     24.63                3.76     20.67
1980-09-06       0.0                2.96      18.6
1980-09-07      5.73                2.95     19.13
1980-09-08      0.26                4.05      17.5
1980-09-09       0.0                3.76      16.8
1980-09-10       4.6                1.76     14.67
1980-09-11      12.5                2.33      15.1
1980-09-12       0.0                 3.4     17.77
1980-09-13       0.0                3.34     18.43
1980-09-14       0.0                3.01      19.2
1980-09-15       0.0                3.65     19.73
1980-09-16      0.25                3.44     17.53
1980-09-17       0.0                3.09     15.27
1980-09-18      0.69                2.13     15.43
1980-09-19       0.0                2.73     18.17
1980-09-20      3.12                2.78     18.03
1980-09-21       0.0                1.71     17.47
1980-09-22       0.0                2.88     12.43
1980-09-23      1.71                2.45      10.5
1980-09-24       0.0                2.25     13.57
1980-09-25      0.75                2.28     15.33
1980-09-26      4.69                2.97      13.5
1980-09-27      0.46                2.82     16.37
1980-09-28       0.0                2.18     16.43
1980-09-29      1.13                2.59     14.67
1980-09-30       0.0                2.67     13.23
1980-10-01       0.0                2.14     13.37
1980-10-02       0.0                 2.1      14.0
1980-10-03       0.0                2.18     14.37
1980-10-04       0.0                2.32      14.8
1980-10-05      11.7                1.07     12.97
1980-10-06      0.32                 1.4      15.8
1980-10-07       0.0                 1.9     17.13
1980-10-08      0.44                2.56      13.5
1980-10-09       0.0                1.92     13.67
1980-10-10      4.16                 1.1     14.37
1980-10-11      0.03                2.66     16.07
1980-10-12      0.41                2.72     15.43
1980-10-13      0.04                2.09     16.13
1980-10-14      0.91                2.05     11.13
1980-10-15       0.0                1.69     11.73
1980-10-16      0.01                1.38     12.93
1980-10-17       0.0                1.87      13.2
1980-10-18       0.0                1.19     13.13
1980-10-19       0.0                2.15      11.8
1980-10-20       0.0                1.98     11.93
1980-10-21       0.0                1.67      7.57
1980-10-22       0.0                1.57      5.23
1980-10-23       0.0                1.59      7.57
1980-10-24      0.83                1.22      8.04
1980-10-25      9.72                1.01       5.3
1980-10-26       0.0                2.21      0.73
1980-10-27       0.0                2.25       5.2
1980-10-28       0.0                1.33      3.53
1980-10-29       0.0                1.36      4.23
1980-10-30      2.11                1.63       4.5
1980-10-31       0.0                1.53       4.0
1980-11-01      0.64                0.91      4.77
1980-11-02       0.0                1.23      6.73
1980-11-03       0.0                 1.2      4.67
1980-11-04      0.16                0.76       6.0
1980-11-05      0.04                1.47     11.74
1980-11-06       0.0                1.31      10.5
1980-11-07       0.0                1.96     10.17
1980-11-08       0.0                1.41      1.83
1980-11-09       0.0                1.01       2.7
1980-11-10       0.0                1.09       6.1
1980-11-11       0.0                1.07     10.13
1980-11-12       4.7                1.17      8.93
1980-11-13       0.0                1.58     -0.07
1980-11-14      0.18                0.55      0.64
1980-11-15      0.14                0.75      4.47
1980-11-16       0.0                0.71       6.3
1980-11-17      0.16                 0.8      7.27
1980-11-18       0.0                 0.7      7.24
1980-11-19       0.0                0.77       8.2
1980-11-20       0.0                0.62       6.6
1980-11-21      2.66                 1.1     10.17
1980-11-22      0.01                1.11      7.77
1980-11-23      0.02                0.66       7.9
1980-11-24      9.44                0.48      5.07
1980-11-25      0.68                 0.8      5.53
1980-11-26       0.0                0.77      7.03
1980-11-27       0.0                0.57      5.83
1980-11-28       0.0                0.67       6.6
1980-11-29       0.0                0.47      4.27
1980-11-30      1.06                1.19       5.2
1980-12-01       0.0                0.64       3.5
1980-12-02      1.97                1.06       2.0
1980-12-03      3.72                0.79      -2.6
1980-12-04       0.0                0.61     -6.83
1980-12-05      0.84                0.42     -4.16
1980-12-06       0.0                0.64      1.67
1980-12-07       0.0                0.61     -0.43
1980-12-08       0.0                0.74     -2.16
1980-12-09       0.0                0.61     -3.33
1980-12-10      1.88                0.42       0.8
1980-12-11      10.6                0.37       3.1
1980-12-12      1.14                1.51     -5.77
1980-12-13       0.0                0.77    -11.23
1980-12-14       0.3                0.54      -6.7
1980-12-15      1.07                0.46      -7.3
1980-12-16       0.0                0.32     -6.03
1980-12-17       0.0                0.38     -4.26
1980-12-18       0.0                 0.6     -2.66
1980-12-19       0.0                0.66      -5.8
1980-12-20       0.0                0.57     -7.13
1980-12-21       0.0                0.31      -7.2
1980-12-22      1.64                0.27     -6.83
1980-12-23      7.52                0.46     -2.23
1980-12-24      2.45                0.57      -4.3
1980-12-25      0.48                0.66      -6.0
1980-12-26      0.01                0.77      -8.2
1980-12-27       0.0                0.55    -11.13
1980-12-28       0.0                0.53    -13.03
1980-12-29       0.0                 0.3    -14.26
1980-12-30       0.0                0.24     -13.8
1980-12-31      0.19                0.26    -10.43
1981-01-01      8.84                0.37      -5.7
1981-01-02      1.12                0.33     -8.43
1981-01-03       0.0                0.32     -14.2
1981-01-04       0.0                0.19    -15.73
1981-01-05       0.0                0.28     -15.2
1981-01-06       0.0                0.23    -14.76
1981-01-07       0.0                0.26    -10.96
1981-01-08      0.03                0.24     -9.03
1981-01-09      0.28                0.55     -3.83
1981-01-10      0.03                0.64      -7.2
1981-01-11      0.09                0.36      -9.4
1981-01-12       0.0                0.67     -8.66
1981-01-13       0.0                 0.5    -11.86
1981-01-14      0.42                0.32     -12.4
1981-01-15      2.37                0.46      -7.9
1981-01-16      0.33                0.32      -7.2
1981-01-17       0.0                0.34     -7.96
1981-01-18       0.0                0.39      -6.7
1981-01-19      0.01                0.56      -5.7
1981-01-20       0.0                0.57      -9.3
1981-01-21       0.0                0.55      -9.8
1981-01-22       0.0                0.46     -11.8
1981-01-23      0.59                0.34     -9.46
1981-01-24      1.37                0.49      -3.4
1981-01-25       0.0                0.49      -6.8
1981-01-26       0.0                0.43    -11.06
1981-01-27       0.0                0.41    -11.16
1981-01-28       0.0                0.44      -9.3
1981-01-29       0.0                0.53      -7.4
1981-01-30       0.0                0.45     -8.66
1981-01-31       0.0                0.45     -7.63
1981-02-01       0.0                0.68     -3.66
1981-02-02      0.08                0.72     -7.33
1981-02-03       0.0                0.69     -8.13
1981-02-04       0.0                0.56     -8.66
1981-02-05       0.0                0.58      -7.3
1981-02-06      0.04                0.55      -6.1
1981-02-07      0.38                0.86     -3.16
1981-02-08      1.32                0.42     -3.16
1981-02-09       0.0                1.07      -1.6
1981-02-10      1.05                1.25     -3.33
1981-02-11       0.0                 1.1      -4.6
1981-02-12      0.11                0.58       1.2
1981-02-13       0.0                0.63       4.6
1981-02-14      0.02                1.07      5.13
1981-02-15      0.02                1.28      4.67
1981-02-16      0.62                 1.0      1.13
1981-02-17      0.04                 1.7      -1.2
1981-02-18       0.0                1.02      -1.1
1981-02-19      0.13                1.22     -0.63
1981-02-20      0.65                1.02     -1.97
1981-02-21       0.0                1.16      -1.8
1981-02-22       0.0                 1.1     -0.27
1981-02-23      3.08                1.29      0.77
1981-02-24      3.84                 1.3     -2.43
1981-02-25       0.1                1.12    -10.13
1981-02-26       0.0                1.14    -13.13
1981-02-27       0.0                1.03    -10.87
1981-02-28       0.0                1.02     -5.83
1981-03-01       0.0                1.31     -2.03
