1975-11-01       0.0                 1.2       9.4
1975-11-02      0.01                1.45      9.53
1975-11-03      0.13                1.72      9.13
1975-11-04      0.15                1.66       9.9
1975-11-05      0.56                1.89      10.6
1975-11-06      7.13                1.61      11.6
1975-11-07      0.97                 1.7     10.23
1975-11-08       0.0                0.87      9.73
1975-11-09      2.09                1.73       6.7
1975-11-10      0.01                1.54      6.37
1975-11-11      0.16                0.92      7.07
1975-11-12       1.2                0.99      8.93
1975-11-13       1.1                0.72     10.63
1975-11-14     13.78                1.41      9.67
1975-11-15      8.87                1.82      9.33
1975-11-16      0.82                0.99      8.77
1975-11-17       0.0                0.69      9.63
1975-11-18       0.0                0.71      8.33
1975-11-19      0.03                0.88      7.77
1975-11-20      0.76                0.71      4.97
1975-11-21      1.95                0.53      4.47
1975-11-22       0.0                1.68      2.47
1975-11-23       0.0                0.94     -3.17
1975-11-24       0.0                0.69     -2.27
1975-11-25      0.76                0.76      3.13
1975-11-26      2.15                0.81      4.47
1975-11-27      0.03                0.76      4.34
1975-11-28      0.16                0.94      6.87
1975-11-29       0.0                1.23      3.07
1975-11-30       0.0                0.65      -1.2
1975-12-01      0.03                0.67       0.8
1975-12-02       0.0                0.63      3.57
1975-12-03      0.96                0.69      7.67
1975-12-04     10.56                0.64       5.6
1975-12-05       0.0                0.93       5.2
1975-12-06       0.0                0.81      3.97
1975-12-07       0.0                0.79       0.7
1975-12-08       0.0                0.73      1.37
1975-12-09      0.75                0.86       1.0
1975-12-10       0.0                1.03     -0.83
1975-12-11       0.0                0.81      -6.2
1975-12-12      0.29                0.56     -7.03
1975-12-13       0.0                0.65      -6.9
1975-12-14       0.0                 0.6      -6.8
1975-12-15       0.0                 0.5     -5.63
1975-12-16       0.0                0.59      -6.4
1975-12-17       0.0                 0.5      -7.3
1975-12-18       0.0                0.58     -6.17
1975-12-19       0.0                0.44      -4.2
1975-12-20       0.0                0.38     -2.76
1975-12-21      0.46                0.86     -1.77
1975-12-22       0.0                1.08     -6.83
1975-12-23      0.04                0.41     -8.86
1975-12-24       0.0                0.59     -7.13
1975-12-25       0.0                0.69     -3.16
1975-12-26       0.0                0.46     -5.56
1975-12-27      1.68                0.52     -6.67
1975-12-28       0.0                0.47     -4.56
1975-12-29       0.0                0.56      -4.2
1975-12-30       0.0                0.55     -2.06
1975-12-31       0.0                0.49      -1.6
1976-01-01       0.0                0.55       0.2
1976-01-02      0.02                0.62       2.6
1976-01-03      0.11                 0.4       1.3
1976-01-04      1.25                0.66      2.17
1976-01-05      0.12                1.23     -3.23
1976-01-06      0.45                0.78     -6.93
1976-01-07      2.11                0.48     -1.53
1976-01-08      1.98                 1.3     -2.27
1976-01-09       0.0                1.07     -7.67
1976-01-10      0.02                0.96    -10.07
1976-01-11      0.39                0.65      -8.3
1976-01-12      0.45                0.57     -8.43
1976-01-13      0.38                0.36      -4.2
1976-01-14       0.0                0.71     -6.53
1976-01-15      0.09                0.57      -8.3
1976-01-16      0.08                0.32     -6.33
1976-01-17      0.12                0.98     -2.46
1976-01-18       0.0                 1.0     -7.43
1976-01-19       0.0                0.98    -10.17
1976-01-20      0.02                0.53    -12.33
1976-01-21       0.0                0.61    -12.26
1976-01-22      0.44                0.95    -10.06
1976-01-23       0.0                0.64    -11.93
1976-01-24      0.23                0.64     -8.13
1976-01-25       0.0                0.86      -1.9
1976-01-26       0.0                0.94      -5.3
1976-01-27       0.0                0.66     -7.16
1976-01-28      0.03                0.88      -3.9
1976-01-29      0.16                1.22     -1.76
1976-01-30       0.0                0.92      -6.1
1976-01-31       0.0                0.99      0.94
1976-02-01       0.0                1.15      2.14
1976-02-02       0.0                 1.6       2.9
1976-02-03      0.45                0.94      0.97
1976-02-04      3.97                0.79      0.07
1976-02-05      3.15                1.23     -0.73
1976-02-06      0.01                1.16      -2.7
1976-02-07      0.02                0.72     -4.96
1976-02-08       0.0                0.86     -3.03
1976-02-09      0.03                 1.1      0.13
1976-02-10      0.06                1.11      1.33
1976-02-11      0.29                1.27     -0.77
1976-02-12      0.17                 1.5       0.0
1976-02-13     10.92                 0.7      2.63
1976-02-14      3.57                1.15       6.4
1976-02-15     16.97                0.68      1.97
1976-02-16     12.28                0.55     -2.03
1976-02-17      0.73                1.06     -0.03
1976-02-18      4.16                0.68       1.8
1976-02-19      0.26                1.09     -0.47
1976-02-20      0.81                1.46     -0.23
1976-02-21       0.0                1.11      -1.0
1976-02-22       0.0                1.21      1.17
1976-02-23       0.0                1.35     -0.03
1976-02-24       0.0                1.53      -1.1
1976-02-25       0.0                1.43     -0.03
1976-02-26       1.9                1.49      1.77
1976-02-27      1.61                1.23       2.9
1976-02-28     27.48                1.31      2.57
1976-02-29      4.14                1.56      0.03
1976-03-01      1.03                1.52       0.7
1976-03-02      1.43                1.26      2.27
1976-03-03      0.68                1.98      2.17
1976-03-04       0.0                1.83       1.3
1976-03-05       0.0                1.81       2.7
1976-03-06       0.0                2.07      4.23
1976-03-07       0.0                1.09       4.8
1976-03-08       0.0                1.82       6.0
1976-03-09      0.31                1.73      7.04
1976-03-10       0.2                2.34      7.57
1976-03-11      4.28                1.25      6.73
1976-03-12       0.0                2.07      3.43
1976-03-13       0.0                2.39       2.5
1976-03-14       0.0                2.35      6.37
1976-03-15      0.23                2.43      6.63
1976-03-16      2.79                2.24       7.1
1976-03-17      0.57                1.35      5.97
1976-03-18       0.0                2.46      2.47
1976-03-19       0.0                 2.2      -3.2
1976-03-20      0.15                2.39     -3.13
1976-03-21      0.09                2.09      -0.8
1976-03-22      0.72                1.15       1.5
1976-03-23      0.18                1.66      -0.8
1976-03-24      0.04                1.98      0.23
1976-03-25       0.0                2.31      3.63
1976-03-26      0.13                1.56       6.1
1976-03-27      0.33                2.69      4.23
1976-03-28       0.0                2.54       5.9
1976-03-29       0.0                2.63       8.7
1976-03-30       0.0                2.85      8.07
1976-03-31      1.29                2.12      5.77
1976-04-01       0.0                2.54       4.8
1976-04-02      0.14                2.36       3.1
1976-04-03       0.0                2.39       4.3
1976-04-04       0.0                2.85      5.43
1976-04-05      0.02                2.07      5.87
1976-04-06      0.77                1.49      4.37
1976-04-07      0.17                2.36      6.37
1976-04-08      0.08                2.22       6.9
1976-04-09       0.0                2.98       7.3
1976-04-10       0.0                2.99      8.13
1976-04-11       0.0                3.11       9.3
1976-04-12      2.84                4.08     10.23
1976-04-13     20.88                1.52      8.97
1976-04-14      0.75                3.42     13.67
1976-04-15      0.14                4.02     13.07
1976-04-16      0.25                1.96      9.47
1976-04-17      0.61                3.18      8.47
1976-04-18       0.0                3.52      9.13
1976-04-19      0.05                3.67     11.23
1976-04-20      0.79                2.26     10.03
1976-04-21      0.76                4.26     12.63
1976-04-22      0.41                4.53     17.17
1976-04-23      1.66                4.35      10.3
1976-04-24       0.0                4.46     10.17
1976-04-25      0.02                3.28     11.63
1976-04-26      0.46                4.27      14.3
1976-04-27       0.0                2.93     14.17
1976-04-28       0.0                3.68      13.7
1976-04-29      1.05                3.88     13.97
1976-04-30     10.49                2.56      10.2
1976-05-01      2.13                3.84     12.07
1976-05-02      0.02                3.25     13.73
1976-05-03      0.56                2.87      14.3
1976-05-04      1.17                4.74     10.43
1976-05-05      8.67                 2.2      6.44
1976-05-06      0.24                3.28      10.7
1976-05-07      0.53                4.03      11.3
1976-05-08       0.0                4.03     12.87
1976-05-09      0.14                4.66     14.53
1976-05-10      0.94                4.21     15.23
1976-05-11      8.13                1.79     13.73
1976-05-12       0.0                4.46     13.84
1976-05-13      0.02                4.48     13.24
1976-05-14      0.05                4.31     13.34
1976-05-15      0.77                3.49      15.0
1976-05-16      3.64                3.56      15.8
1976-05-17      1.03                4.75     15.84
1976-05-18      6.53                1.87     14.24
1976-05-19       0.0                 5.4     16.03
1976-05-20       0.0                3.31      15.0
1976-05-21       0.0                4.69     17.23
1976-05-22       0.0                3.45      16.2
1976-05-23       0.0                5.06      17.4
1976-05-24       0.0                 5.3     18.43
1976-05-25       0.0                5.22     18.43
1976-05-26       0.0                6.08     18.43
1976-05-27       0.0                6.49     18.57
1976-05-28       0.0                4.57     18.57
1976-05-29       0.0                 4.1     18.77
1976-05-30      0.94                5.97     19.03
1976-05-31       0.9                3.19     19.63
1976-06-01      4.52                3.04     19.37
