1972-07-01       0.0                5.12      22.0
1972-07-02      0.03                5.32      23.7
1972-07-03      3.31                2.28     21.57
1972-07-04     21.19                2.36      22.4
1972-07-05      0.76                3.54     26.84
1972-07-06      8.31                3.46      26.6
1972-07-07     43.89                2.41      25.6
1972-07-08     30.79                2.31      24.5
1972-07-09      0.15                3.95     23.07
1972-07-10      0.01                3.14     20.87
1972-07-11       0.0                4.61     20.43
1972-07-12       0.0                5.89     19.73
1972-07-13       0.0                6.19      20.4
1972-07-14       0.0                6.42     20.37
1972-07-15      0.04                 6.1     20.77
1972-07-16      0.64                2.32     20.43
1972-07-17      0.01                5.47      24.2
1972-07-18       0.0                5.12      25.0
1972-07-19      0.51                5.46     24.23
1972-07-20       1.8                6.76      25.6
1972-07-21       0.0                 6.2     25.73
1972-07-22       0.0                5.17      25.7
1972-07-23       0.8                6.63      25.4
1972-07-24     20.86                3.33      24.2
1972-07-25     25.92                3.06      25.3
1972-07-26      0.31                4.65     24.43
1972-07-27      2.28                4.04     24.77
1972-07-28       0.0                5.92      24.5
1972-07-29       0.0                5.77     25.33
1972-07-30       0.0                 5.0     26.77
1972-07-31       0.0                5.01     27.27
1972-08-01       0.0                5.29     26.77
1972-08-02      0.07                3.08     27.07
1972-08-03      4.42                4.14      28.1
1972-08-04     57.32                2.07     24.14
1972-08-05     19.79                 2.9      26.6
1972-08-06     18.07                2.44     27.67
1972-08-07     32.58                2.26     24.83
1972-08-08      9.95                3.01      24.9
1972-08-09     30.57                1.98     21.07
1972-08-10     10.96                3.53      23.3
1972-08-11      0.01                4.36     22.47
1972-08-12       0.0                3.97     22.23
1972-08-13       0.0                 3.8     24.87
1972-08-14       0.0                4.68     23.43
1972-08-15       0.4                3.49     24.94
1972-08-16      5.56                4.38     27.67
1972-08-17     43.29                3.21     23.93
1972-08-18    170.59                1.81      19.8
1972-08-19     84.46                1.69     17.57
1972-08-20       1.0                4.35     19.83
1972-08-21       0.0                4.75      18.7
1972-08-22       0.0                4.64      19.4
1972-08-23      2.96                3.96     20.67
1972-08-24      8.15                 3.1     21.53
1972-08-25     50.64                1.75     19.44
1972-08-26     20.89                4.35      20.2
1972-08-27     22.93                1.72      19.1
1972-08-28      0.45                3.92     19.34
1972-08-29      1.28                1.95     18.11
1972-08-30      2.64                2.02      19.2
1972-08-31      1.08                1.62     19.07
1972-09-01       0.0                2.98      17.4
1972-09-02      3.63                1.69      17.8
1972-09-03     35.38                1.75      20.9
1972-09-04     17.75                1.77      19.5
1972-09-05      0.12                2.98     18.24
1972-09-06      7.88                1.92      17.6
1972-09-07       5.2                1.78     17.03
1972-09-08      0.73                4.04      17.8
1972-09-09       0.0                 3.0     17.54
1972-09-10       0.0                2.87     17.77
1972-09-11       0.0                3.73     19.27
1972-09-12      0.06                3.98     18.87
1972-09-13      2.42                2.97      18.7
1972-09-14     10.98                 2.8      17.3
1972-09-15      1.25                2.88     19.13
1972-09-16      0.11                2.81     19.37
1972-09-17      3.58                2.06     18.17
1972-09-18      1.68                1.81     17.83
1972-09-19      0.14                2.59     15.43
1972-09-20       0.0                3.07      15.1
1972-09-21       0.0                2.13      15.8
1972-09-22      2.05                2.96     19.57
1972-09-23      0.06                2.97     15.77
1972-09-24       1.3                1.74     14.74
1972-09-25      1.13                1.96     13.67
1972-09-26       0.1                2.15     15.04
1972-09-27      6.37                2.89     17.17
1972-09-28      9.43                1.94      16.8
1972-09-29       0.0                3.03      14.7
1972-09-30      0.52                2.69     14.87
1972-10-01      0.05                2.89     15.54
1972-10-02      0.33                2.07      14.0
1972-10-03     15.66                1.33     14.94
1972-10-04      4.27                2.17     13.54
1972-10-05       0.0                2.29     16.04
1972-10-06       0.0                 2.0     15.44
1972-10-07      0.01                1.87     16.87
1972-10-08       0.0                2.29     15.17
1972-10-09      0.01                 2.1     16.57
1972-10-10       0.2                2.12     15.14
1972-10-11      0.05                 2.1      9.74
1972-10-12      2.49                1.71     10.27
1972-10-13       0.0                2.12      14.9
1972-10-14      0.85                2.13     17.17
1972-10-15       1.6                2.23     16.24
1972-10-16       0.0                2.03     12.44
1972-10-17       0.0                1.75     12.87
1972-10-18       0.0                2.13      12.6
1972-10-19       0.0                2.75     14.53
1972-10-20      0.47                2.46      16.0
1972-10-21      5.33                 1.0     12.87
1972-10-22      0.03                1.77      6.94
1972-10-23      0.25                1.65      10.3
1972-10-24      0.05                1.09     10.34
1972-10-25      0.29                1.83     13.17
1972-10-26      0.27                1.98     10.64
1972-10-27      0.76                 2.2     10.04
1972-10-28      1.32                1.49       9.4
1972-10-29      1.47                1.01      11.9
1972-10-30      0.34                1.12      8.27
1972-10-31       0.0                1.44      6.84
1972-11-01      0.04                1.28       8.6
1972-11-02      0.37                1.22     10.87
1972-11-03      2.04                1.02     10.47
1972-11-04      2.32                1.57     10.27
1972-11-05     15.03                1.06      8.97
1972-11-06      3.47                1.07       7.9
1972-11-07       0.0                1.41      6.54
1972-11-08      0.08                0.97       7.7
1972-11-09      0.68                1.03     11.64
1972-11-10       0.7                1.09     10.84
1972-11-11      0.06                1.26      10.4
1972-11-12      0.07                0.71     10.01
1972-11-13      0.35                1.08      12.3
1972-11-14       6.4                0.87     10.17
1972-11-15      1.01                0.78     10.44
1972-11-16      9.01                0.75       8.5
1972-11-17      0.28                1.56      4.54
1972-11-18      0.22                0.87      1.17
1972-11-19      0.48                0.73      3.04
1972-11-20       7.8                1.37       4.9
1972-11-21       0.6                1.45     -3.43
1972-11-22      0.17                0.77     -1.63
1972-11-23     12.82                0.45     -0.16
1972-11-24     11.36                0.72     -2.93
1972-11-25      0.04                0.52     -3.06
1972-11-26      1.81                0.33     -0.99
1972-11-27      0.58                0.84     -5.06
1972-11-28       0.0                0.38     -4.49
1972-11-29      0.28                0.38     -0.66
1972-11-30      1.97                0.96       0.0
1972-12-01       0.0                0.66     -4.53
1972-12-02       0.0                0.43     -3.69
1972-12-03       0.0                 0.4     -0.52
1972-12-04      0.02                0.36      3.61
1972-12-05      1.93                0.55      6.91
1972-12-06      0.29                0.64      6.44
1972-12-07      2.59                0.54      2.61
1972-12-08       0.0                0.48     -0.66
1972-12-09       0.0                0.41     -0.29
1972-12-10      0.24                0.47      4.34
1972-12-11      0.66                0.45      4.47
1972-12-12      2.26                1.61      -1.4
1972-12-13      0.36                0.86      -7.1
1972-12-14      0.76                 0.7     -3.43
1972-12-15       0.0                0.42      0.31
1972-12-16      0.05                1.06      5.44
1972-12-17      0.76                0.56      1.07
1972-12-18      0.16                0.85      -4.3
1972-12-19      0.03                0.51     -3.89
1972-12-20       0.0                0.59      0.14
1972-12-21       0.0                0.58      0.17
1972-12-22       0.0                0.46     -0.76
1972-12-23      0.07                0.84      2.87
1972-12-24      0.16                0.95       3.2
1972-12-25      0.51                0.49      1.57
1972-12-26      0.18                0.43      3.84
1972-12-27      0.02                0.37      1.37
1972-12-28      2.71                0.34      1.51
1972-12-29      0.42                0.64     -4.43
1972-12-30      0.19                0.44     -4.89
1972-12-31       0.0                0.48     -0.06
1973-01-01      0.12                0.79      2.27
1973-01-02      0.13                1.37      -4.9
1973-01-03       0.0                 0.8     -7.73
1973-01-04       0.0                0.49      -5.4
1973-01-05      0.02                 0.5     -1.43
1973-01-06      1.07                0.49      -2.5
1973-01-07      5.74                0.53      0.03
1973-01-08      0.01                0.61       0.1
1973-01-09      0.01                0.59     -0.43
1973-01-10      0.17                0.72      -2.4
1973-01-11      0.01                0.51     -4.93
1973-01-12      0.09                0.52      -5.5
1973-01-13      0.43                0.44     -4.06
1973-01-14      0.03                0.54      -3.4
1973-01-15       0.0                0.57     -2.23
1973-01-16      0.41                0.61     -0.27
1973-01-17      2.38                0.48      1.47
1973-01-18      1.14                0.67       1.6
1973-01-19      0.01                0.63      -1.2
1973-01-20       0.0                0.73     -0.97
1973-01-21       0.0                0.76     -1.46
1973-01-22      1.62                1.44      1.13
1973-01-23      3.61                0.84      1.97
1973-01-24     16.88                0.57      1.77
1973-01-25      3.66                0.56     -0.47
1973-01-26      0.99                 0.6      -1.5
1973-01-27      0.01                0.74     -3.33
1973-01-28      0.33                 0.8     -5.03
1973-01-29      0.56                0.79     -3.83
1973-01-30       0.0                0.99      -5.7
1973-01-31       0.0                0.85     -2.67
1973-02-01      0.51                1.01       2.6
