1996-11-01      6.86                0.82      9.27
1996-11-02      0.14                1.28      9.93
1996-11-03      0.45                1.11       8.2
1996-11-04      1.89                0.72      6.93
1996-11-05       4.1                1.04     12.43
1996-11-06      0.26                1.55       4.8
1996-11-07       0.0                0.56      2.07
1996-11-08      1.46                0.77      5.73
1996-11-09      3.09                0.74      7.63
1996-11-10       0.0                0.66      8.87
1996-11-11       0.0                1.02      9.67
1996-11-12      0.34                1.11      5.83
1996-11-13       0.1                1.13      4.63
1996-11-14       0.0                1.27       2.6
1996-11-15       0.0                1.08      0.27
1996-11-16      0.22                0.66      -1.0
1996-11-17      1.19                0.52      0.93
1996-11-18      0.06                1.03       2.5
1996-11-19       0.0                0.72      1.67
1996-11-20      9.31                 0.5      2.07
1996-11-21      0.37                1.22      2.23
1996-11-22       0.0                0.69     -0.07
1996-11-23      0.75                0.43      -0.5
1996-11-24      0.03                0.63      2.93
1996-11-25       0.0                 0.6       3.1
1996-11-26      4.08                0.46       2.1
1996-11-27      0.22                1.15       1.5
1996-11-28      0.06                0.76     -3.23
1996-11-29      1.17                0.86      -2.4
1996-11-30      0.67                0.69     -5.43
1996-12-01      2.39                0.56      -9.2
1996-12-02       0.0                0.38     -7.16
1996-12-03      0.01                0.39     -4.23
1996-12-04      10.5                0.37     -0.23
1996-12-05      0.09                0.64     -4.33
1996-12-06       0.0                0.43     -9.23
1996-12-07      0.09                0.53     -7.86
1996-12-08      0.47                0.42     -3.76
1996-12-09      0.07                0.52      0.47
1996-12-10       0.0                0.53       0.8
1996-12-11       0.0                0.74       1.0
1996-12-12       0.0                0.36     -0.86
1996-12-13       0.0                0.39      0.44
1996-12-14       0.0                0.39      3.07
1996-12-15       0.0                0.41      1.67
1996-12-16      0.37                0.41       3.2
1996-12-17      1.28                0.47       1.8
1996-12-18      0.01                0.88     -4.33
1996-12-19       0.0                0.51     -5.33
1996-12-20       0.0                0.44     -4.67
1996-12-21      0.72                0.55      0.47
1996-12-22      4.52                0.92      2.23
1996-12-23      0.17                0.86     -1.96
1996-12-24      0.45                0.34      0.14
1996-12-25       0.0                0.61      2.17
1996-12-26       0.0                0.39      -0.4
1996-12-27       0.0                0.72      0.37
1996-12-28       0.0                0.56       1.3
1996-12-29       0.0                0.43       0.8
1996-12-30       0.0                0.43     -0.06
1996-12-31      2.32                0.41      -0.1
1997-01-01     10.15                0.83      -2.8
1997-01-02       0.0                0.85      -9.1
1997-01-03       0.0                0.47     -7.73
1997-01-04      0.08                0.34     -6.86
1997-01-05      4.51                 0.6      -3.5
1997-01-06      8.81                0.37     -8.26
1997-01-07      8.65                0.29     -6.93
1997-01-08      1.16                0.32     -6.36
1997-01-09       1.6                0.31      -9.2
1997-01-10       0.0                0.38      -8.4
1997-01-11       0.0                0.38     -7.43
1997-01-12       0.0                0.39     -7.07
1997-01-13      0.83                0.36     -5.66
1997-01-14      0.34                 0.7     -5.66
1997-01-15       0.0                0.35      -8.5
1997-01-16       0.0                0.47     -5.37
1997-01-17       0.0                0.54      -6.3
1997-01-18       0.0                0.98      -5.9
1997-01-19      0.65                0.48      -8.6
1997-01-20       0.0                0.94     -0.13
1997-01-21       0.0                0.97     -9.57
1997-01-22       0.0                0.41     -10.6
1997-01-23      0.01                 0.4     -8.46
1997-01-24       0.0                0.66     -7.56
1997-01-25       0.0                0.51      -8.0
1997-01-26       0.0                0.78      -3.3
1997-01-27      2.29                0.44     -4.56
1997-01-28      1.37                0.76     -4.53
1997-01-29      0.01                0.74     -8.56
1997-01-30       0.0                 0.6     -7.93
1997-01-31      0.47                0.42     -7.53
1997-02-01      0.03                0.58      -5.8
1997-02-02      0.13                0.67     -6.57
1997-02-03       0.1                0.75      -5.0
1997-02-04       0.0                0.64     -5.16
1997-02-05       0.2                 0.8      -3.4
1997-02-06      0.06                0.83     -4.17
1997-02-07      0.03                0.79     -4.63
1997-02-08       0.0                0.72      -3.0
1997-02-09      0.33                0.85     -1.43
1997-02-10      1.55                0.77     -2.63
1997-02-11      0.44                1.02     -5.53
1997-02-12       0.0                0.89     -6.57
1997-02-13       0.0                0.95     -5.73
1997-02-14      0.07                1.03     -3.33
1997-02-15      0.37                0.93      0.44
1997-02-16      0.94                1.22      -4.3
1997-02-17       0.0                0.98     -6.26
1997-02-18      0.35                0.92     -5.66
1997-02-19       0.0                1.34     -3.53
1997-02-20      0.01                1.29      2.84
1997-02-21       0.0                1.91      -2.1
1997-02-22       0.0                1.09     -3.27
1997-02-23       0.0                1.27      0.23
1997-02-24      1.32                1.48      3.13
1997-02-25      9.59                0.68       1.8
1997-02-26       0.3                1.73      3.33
1997-02-27      1.31                1.66      5.43
1997-02-28     16.63                0.71      2.63
1997-03-01      0.09                1.64       3.3
1997-03-02       0.0                1.65      0.43
1997-03-03       0.0                1.51     -1.17
1997-03-04       0.0                 1.2      4.14
1997-03-05      0.17                1.91      7.63
1997-03-06     10.54                0.74      3.64
1997-03-07       0.1                 2.4      7.17
1997-03-08       0.0                1.94      5.34
1997-03-09       0.0                1.86      6.27
1997-03-10      0.08                1.01       4.5
1997-03-11       0.0                1.89       6.0
1997-03-12       0.0                1.96      6.57
1997-03-13       0.0                2.42      9.47
1997-03-14      8.11                1.36      4.53
1997-03-15      3.49                1.06       1.7
1997-03-16      3.23                1.42      0.53
1997-03-17       0.0                2.06      1.83
1997-03-18       0.0                1.99      3.93
1997-03-19       0.0                2.29      4.07
1997-03-20       0.0                2.46      6.07
1997-03-21       0.0                 2.1      6.27
1997-03-22      0.58                2.14      5.17
1997-03-23      2.15                1.53     -0.13
1997-03-24      0.06                2.44      2.04
1997-03-25       0.0                2.49      6.24
1997-03-26       0.0                2.23       6.5
1997-03-27       0.0                 2.8       7.8
1997-03-28       0.0                3.08       9.5
1997-03-29       0.0                2.75      8.57
1997-03-30       0.0                2.93       2.2
1997-03-31      0.88                 2.5       2.2
1997-04-01      4.92                 2.4       8.2
1997-04-02      16.5                 1.3       7.6
1997-04-03      0.01                2.11       7.2
1997-04-04      0.52                1.44      7.77
1997-04-05       1.2                1.96      9.83
1997-04-06      2.96                1.32       7.0
1997-04-07      0.04                2.93     11.47
1997-04-08       0.0                3.11     11.47
1997-04-09       0.0                3.99      8.93
1997-04-10       0.0                3.53      8.24
1997-04-11       0.0                3.26      7.93
1997-04-12       0.0                 4.0      9.84
1997-04-13       0.0                3.67      11.0
1997-04-14       0.0                3.79      12.0
1997-04-15      0.32                3.33      9.37
1997-04-16      2.61                2.86      9.17
1997-04-17      0.35                 1.6       7.7
1997-04-18       0.0                3.25      9.67
1997-04-19      0.53                3.18     10.43
1997-04-20       0.0                3.49     11.93
1997-04-21       0.0                3.62     12.93
1997-04-22       0.0                3.03      9.13
1997-04-23       0.0                3.84     10.27
1997-04-24       0.0                3.09       9.8
1997-04-25       0.0                3.62      11.0
1997-04-26       0.0                 4.2     12.87
1997-04-27       0.0                4.11      14.0
1997-04-28      0.63                3.72     14.07
1997-04-29       1.4                 2.1      14.4
1997-04-30       0.0                3.63     14.43
1997-05-01      0.25                4.48     13.73
1997-05-02      0.34                3.25      14.3
1997-05-03      0.81                4.22     18.67
1997-05-04       2.3                2.07     15.07
1997-05-05      0.48                5.01     18.07
1997-05-06     13.33                1.94     18.83
1997-05-07     86.24                1.73      13.0
1997-05-08     14.76                1.58      7.47
1997-05-09      0.78                3.49     12.07
1997-05-10       0.0                4.03     14.24
1997-05-11      0.27                3.75      14.4
1997-05-12     19.34                2.73     13.67
1997-05-13     52.88                1.68      12.1
1997-05-14      5.54                1.76      13.6
1997-05-15       0.5                2.18     16.97
1997-05-16       0.0                4.08      15.8
1997-05-17       0.0                4.74      14.7
1997-05-18       0.0                3.75     17.43
1997-05-19     10.64                2.81      13.9
1997-05-20      1.72                3.06      11.1
1997-05-21      4.23                2.63      12.7
1997-05-22      0.81                3.73     14.77
1997-05-23     13.53                 1.7     11.27
1997-05-24     34.13                2.25      10.5
1997-05-25      5.74                3.45      13.3
1997-05-26      1.13                3.95      13.1
1997-05-27      0.04                3.76      13.1
1997-05-28      3.49                3.12      13.2
1997-05-29      10.6                1.95     15.33
1997-05-30     19.77                1.96     15.77
1997-05-31      0.08                3.52      17.1
1997-06-01     42.23                4.17      18.4
