1983-08-01     26.25                3.01     25.07
1983-08-02      0.28                3.92      27.3
1983-08-03      0.07                5.42     28.73
1983-08-04       0.0                4.74     27.83
1983-08-05       0.0                4.39     28.27
1983-08-06       0.0                4.29     27.93
1983-08-07       0.0                4.72      27.5
1983-08-08      4.01                2.98     26.83
1983-08-09     15.27                2.15     24.77
1983-08-10     11.57                 3.1     25.43
1983-08-11      0.46                4.67      26.0
1983-08-12       0.0                4.55     26.27
1983-08-13       0.0                4.56     24.83
1983-08-14       0.0                5.39     24.67
1983-08-15      0.01                5.73     23.73
1983-08-16      1.61                4.13      23.4
1983-08-17      0.63                 4.4     23.87
1983-08-18       0.0                5.19     22.73
1983-08-19       0.0                4.81     20.33
1983-08-20      0.23                 2.0      19.1
1983-08-21      2.08                 3.1      19.0
1983-08-22      0.07                3.51     19.77
1983-08-23     16.06                1.81     18.27
1983-08-24     24.76                1.89      18.4
1983-08-25      1.21                2.76      20.5
1983-08-26      6.57                2.94     20.23
1983-08-27     12.47                4.03     23.37
1983-08-28     10.69                2.03     24.53
1983-08-29       8.3                3.76      25.0
1983-08-30      2.13                3.46     25.13
1983-08-31       0.0                 4.2     25.83
1983-09-01       0.7                3.82     25.37
1983-09-02      43.5                1.84     23.77
1983-09-03       1.9                2.87     23.03
1983-09-04      2.63                1.78      21.2
1983-09-05     23.11                1.63      20.2
1983-09-06      0.18                3.59     22.37
1983-09-07      2.62                 2.8     21.57
1983-09-08       0.5                4.09     19.63
1983-09-09      1.33                1.65     17.67
1983-09-10      8.16                 1.7     18.63
1983-09-11     14.74                1.66     18.37
1983-09-12       4.1                2.73     19.63
1983-09-13      1.48                2.68     21.27
1983-09-14       0.1                2.06     21.43
1983-09-15       0.0                 3.3     20.33
1983-09-16       0.0                3.01     20.57
1983-09-17       0.0                 3.4      20.9
1983-09-18       0.0                3.49     19.53
1983-09-19       0.0                3.39     19.23
1983-09-20      0.62                3.77     20.67
1983-09-21      2.87                2.83     19.37
1983-09-22       0.0                3.71     19.67
1983-09-23       5.7                1.44     17.83
1983-09-24     17.95                2.52     21.07
1983-09-25       0.0                 3.3      18.8
1983-09-26       0.0                2.32     17.13
1983-09-27      1.18                3.13     16.03
1983-09-28      0.67                2.81     12.93
1983-09-29       0.0                2.34      13.2
1983-09-30       0.0                2.23     15.17
1983-10-01      0.24                2.15     17.93
1983-10-02     15.99                1.58     17.74
1983-10-03      8.07                 1.3     17.33
1983-10-04       0.0                1.74     18.03
1983-10-05       0.0                2.47     13.74
1983-10-06       0.0                2.03     10.77
1983-10-07      1.34                1.53     10.47
1983-10-08     20.66                1.22      13.0
1983-10-09      1.24                 1.8     15.23
1983-10-10       0.0                1.89     16.03
1983-10-11      0.96                1.86     12.37
1983-10-12      0.46                1.83      14.0
1983-10-13      2.41                1.33      11.5
1983-10-14       0.0                1.88      13.1
1983-10-15       0.0                1.74     13.77
1983-10-16       0.0                 1.8     15.13
1983-10-17      0.65                2.26      12.3
1983-10-18      1.01                2.19     12.27
1983-10-19      0.06                1.12     12.87
1983-10-20       0.0                 1.7      12.8
1983-10-21       0.0                1.74      12.6
1983-10-22       0.0                2.13     10.47
1983-10-23       0.0                1.64      5.73
1983-10-24      0.07                1.36      4.47
1983-10-25      0.32                1.16      4.57
1983-10-26      2.03                1.09       7.2
1983-10-27       0.0                 1.4      9.83
1983-10-28       0.0                1.27      8.54
1983-10-29      0.56                1.58       8.2
1983-10-30      0.02                1.38      9.13
1983-10-31      0.04                1.51      9.87
1983-11-01       0.0                1.12      8.23
1983-11-02      0.18                1.37      9.53
1983-11-03      0.64                 0.7     10.44
1983-11-04       0.0                1.09      12.2
1983-11-05       0.0                0.93     11.13
1983-11-06       1.2                1.44       9.8
1983-11-07      0.16                1.55      6.97
1983-11-08       0.0                1.33      7.67
1983-11-09       0.0                0.85       6.9
1983-11-10      0.02                0.68      6.44
1983-11-11      0.84                1.09      6.34
1983-11-12      0.22                1.46      3.47
1983-11-13       0.0                0.89       1.7
1983-11-14       0.0                0.72       2.2
1983-11-15      1.79                0.68       4.0
1983-11-16      4.97                0.81      1.43
1983-11-17      0.07                1.18      -4.8
1983-11-18       0.0                1.32      1.03
1983-11-19       0.0                0.65      3.03
1983-11-20       0.0                0.65       4.2
1983-11-21      0.02                0.72      5.93
1983-11-22      0.68                 0.9      4.13
1983-11-23      0.48                 0.6      5.47
1983-11-24      0.08                1.05       4.6
1983-11-25       0.0                1.19      -0.8
1983-11-26       0.0                1.01     -3.37
1983-11-27       0.0                0.62     -1.97
1983-11-28       0.0                0.54       0.0
1983-11-29      1.03                 0.7      3.43
1983-11-30      5.94                1.45      1.27
1983-12-01       0.0                0.62      -0.8
1983-12-02       0.0                0.95      3.87
1983-12-03       0.0                0.68      2.17
1983-12-04      0.05                0.65     -0.73
1983-12-05       0.0                0.72      2.63
1983-12-06       0.0                0.44      0.07
1983-12-07       0.0                0.49     -0.33
1983-12-08       0.0                0.41      0.47
1983-12-09       0.0                0.51       3.2
1983-12-10      4.11                0.56      4.83
1983-12-11      1.46                1.51     -0.03
1983-12-12      0.02                0.39     -1.66
1983-12-13      0.62                0.54      3.57
1983-12-14       0.1                 0.6      -1.4
1983-12-15       0.0                0.71      -3.5
1983-12-16       0.0                 0.5     -5.83
1983-12-17       0.0                0.54      -7.2
1983-12-18       0.0                0.36     -7.53
1983-12-19       0.0                0.41     -4.26
1983-12-20       0.0                0.37     -3.26
1983-12-21       0.0                0.35     -3.03
1983-12-22       0.0                 0.9      -2.4
1983-12-23      0.22                0.67      -8.5
1983-12-24      0.36                0.54     -8.97
1983-12-25       0.0                0.31    -11.26
1983-12-26       0.0                0.28     -8.73
1983-12-27      0.07                0.46     -6.53
1983-12-28       0.0                0.39     -8.16
1983-12-29      1.53                0.31      -9.9
1983-12-30      4.54                0.27      -6.8
1983-12-31      0.16                0.41     -8.46
1984-01-01      0.26                0.26     -8.16
1984-01-02      4.88                0.31     -3.66
1984-01-03      2.35                0.56     -2.33
1984-01-04      0.31                0.46     -9.33
1984-01-05       0.0                0.24     -12.8
1984-01-06       0.0                0.26    -10.93
1984-01-07       0.0                 0.3    -11.03
1984-01-08      0.07                0.34      -7.9
1984-01-09      0.01                0.42     -5.03
1984-01-10       0.0                0.67     -2.33
1984-01-11       0.0                0.46     -7.53
1984-01-12      0.45                0.32     -7.93
1984-01-13       0.0                0.38      -5.9
1984-01-14      0.28                0.31     -6.33
1984-01-15       0.0                0.93      -6.0
1984-01-16       0.0                0.47    -12.16
1984-01-17       0.0                0.43    -12.23
1984-01-18       0.0                0.31    -12.06
1984-01-19       0.0                0.49     -8.53
1984-01-20       0.0                0.38    -10.43
1984-01-21      0.04                0.41      -8.6
1984-01-22      0.18                0.65      -9.8
1984-01-23       0.0                 0.4      -9.9
1984-01-24      0.04                0.46     -9.86
1984-01-25       0.0                0.67     -10.6
1984-01-26       0.0                 0.6    -12.06
1984-01-27       0.0                0.59    -13.46
1984-01-28       0.0                0.51     -12.8
1984-01-29       0.0                0.48     -11.3
1984-01-30       0.0                0.55     -5.67
1984-01-31      0.05                0.77      -4.3
1984-02-01      2.27                0.77     -6.33
1984-02-02      0.12                 0.8    -11.43
1984-02-03       0.0                0.49    -14.36
1984-02-04       0.0                0.57     -10.4
1984-02-05       0.0                0.95      -6.3
1984-02-06       0.0                0.75     -13.1
1984-02-07       0.0                0.61    -13.76
1984-02-08       0.0                0.74    -12.96
1984-02-09       0.0                0.68    -11.73
1984-02-10       0.0                0.65    -10.06
1984-02-11       0.0                0.92     -4.57
1984-02-12       0.0                1.12     -2.87
1984-02-13       0.0                0.86     -4.96
1984-02-14       0.0                1.06      -4.3
1984-02-15       0.0                1.05      -5.6
1984-02-16       0.0                0.71      -7.5
1984-02-17      0.21                 1.2      -3.3
1984-02-18       0.2                1.12      -4.2
1984-02-19       0.0                1.16      -4.1
1984-02-20       0.0                 1.2     -2.03
1984-02-21       0.0                1.29      -0.4
1984-02-22      1.92                0.87      -0.9
1984-02-23       2.8                1.04      2.33
1984-02-24      0.16                1.48       2.4
1984-02-25      0.86                1.01      1.93
1984-02-26      0.62                 1.4     -1.57
1984-02-27       0.0                1.32      -4.6
1984-02-28       0.0                 1.3     -5.83
1984-02-29      0.11                1.28     -6.53
1984-03-01      2.07                0.55     -4.26
