1976-10-01       0.0                2.66     16.33
1976-10-02       0.0                2.21     16.37
1976-10-03      0.02                1.36     14.33
1976-10-04      4.23                1.65     10.77
1976-10-05       0.0                1.66      11.8
1976-10-06      0.03                1.76     14.13
1976-10-07       0.0                1.61      15.2
1976-10-08       0.0                1.99     16.73
1976-10-09       0.0                2.71     15.87
1976-10-10      0.37                2.06     13.77
1976-10-11      0.48                2.36     13.37
1976-10-12      4.83                1.19     13.07
1976-10-13      2.77                1.65     14.57
1976-10-14       0.0                1.75     13.87
1976-10-15       0.0                1.78      14.1
1976-10-16       0.0                1.76     13.37
1976-10-17       0.0                1.54      12.8
1976-10-18       0.0                1.57      13.0
1976-10-19      0.09                1.65     13.83
1976-10-20      0.55                1.64     15.03
1976-10-21       0.0                2.66     12.73
1976-10-22       0.0                1.64     12.63
1976-10-23       0.0                 1.0     13.43
1976-10-24       0.0                1.61      11.2
1976-10-25       0.0                1.56       5.8
1976-10-26      1.08                1.51      6.07
1976-10-27      2.16                 1.2      11.3
1976-10-28       7.8                1.91      6.67
1976-10-29      1.41                2.46      2.37
1976-10-30     18.63                0.63      0.27
1976-10-31       0.0                1.13       3.4
1976-11-01       0.0                1.09      5.27
1976-11-02       1.7                1.01       8.2
1976-11-03      2.37                0.92      9.87
1976-11-04      3.92                1.89      8.47
1976-11-05       0.0                1.07      3.57
1976-11-06       0.0                1.11      5.17
1976-11-07       0.0                1.28      7.57
1976-11-08      0.04                1.65      8.67
1976-11-09       0.0                1.28      8.87
1976-11-10       0.1                0.84       9.2
1976-11-11      4.49                1.07      5.17
1976-11-12      1.04                1.03       4.0
1976-11-13      4.58                0.65       5.0
1976-11-14      0.01                1.52      -0.7
1976-11-15       0.0                0.79     -2.37
1976-11-16      0.28                0.63     -0.46
1976-11-17      2.54                0.46      -0.6
1976-11-18       0.0                0.72      1.24
1976-11-19       0.0                 0.5       1.0
1976-11-20      0.02                1.27      1.24
1976-11-21      0.28                0.83     -2.07
1976-11-22      1.27                 0.5      -1.2
1976-11-23      0.33                0.62      -2.3
1976-11-24      1.37                0.34     -2.96
1976-11-25      5.89                0.39       0.4
1976-11-26       0.0                1.11     -0.83
1976-11-27      0.02                0.74      -4.2
1976-11-28       0.0                1.12     -1.07
1976-11-29       0.0                0.78     -4.43
1976-11-30       0.0                 0.6     -1.96
1976-12-01       0.0                0.49      0.94
1976-12-02       0.0                0.46      1.44
1976-12-03      0.04                0.38     -0.63
1976-12-04      0.07                0.39       3.4
1976-12-05      4.07                0.88       4.7
1976-12-06       2.2                0.83      4.83
1976-12-07       8.4                0.84       2.3
1976-12-08      0.17                1.09     -4.47
1976-12-09      0.88                0.76     -6.97
1976-12-10       0.8                0.53      -1.2
1976-12-11       0.0                0.48     -0.26
1976-12-12       0.0                0.34       0.0
1976-12-13      0.22                0.99      1.03
1976-12-14       0.0                0.81     -0.83
1976-12-15      2.73                0.92       3.9
1976-12-16      8.97                0.69       3.3
1976-12-17      0.11                0.85      0.93
1976-12-18      2.01                 1.7       1.0
1976-12-19      0.46                 0.7      -2.6
1976-12-20      0.08                0.48       2.0
1976-12-21       0.0                0.47      1.17
1976-12-22      1.23                0.73       4.3
1976-12-23      3.48                0.85       1.3
1976-12-24      0.03                0.64      2.03
1976-12-25       0.0                 0.7     -1.57
1976-12-26       0.0                0.94    -10.77
1976-12-27       0.0                0.65     -14.3
1976-12-28       0.0                0.47    -12.73
1976-12-29      0.02                0.37    -11.66
1976-12-30      0.03                 0.7      -7.8
1976-12-31       0.0                 0.6    -10.77
1977-01-01       0.0                0.71     -11.1
1977-01-02       0.0                 0.5     -12.6
1977-01-03       0.0                0.49    -12.66
1977-01-04       0.0                0.43    -12.76
1977-01-05      0.03                0.65     -9.56
1977-01-06      0.16                0.45      -8.9
1977-01-07       0.0                0.87     -1.03
1977-01-08       0.0                0.51     -3.86
1977-01-09      0.02                0.54     -4.53
1977-01-10      0.14                0.67     -4.47
1977-01-11       0.0                0.62      -5.3
1977-01-12      0.01                0.77     -6.76
1977-01-13       0.0                0.61     -10.0
1977-01-14      0.01                0.39    -11.13
1977-01-15      0.01                0.38     -8.23
1977-01-16       0.0                0.64     -7.43
1977-01-17       0.0                 0.7     -7.13
1977-01-18       0.0                0.55      -7.8
1977-01-19       0.0                0.69      -7.0
1977-01-20       0.0                0.76     -7.36
1977-01-21       0.0                0.75     -7.03
1977-01-22       0.0                0.55      -8.2
1977-01-23       0.0                0.61     -7.67
1977-01-24      0.07                0.57     -4.93
1977-01-25      0.42                 0.5      1.57
1977-01-26      3.66                0.45      -1.7
1977-01-27       0.0                0.58     -8.67
1977-01-28       0.0                0.64     -12.2
1977-01-29       0.0                0.56    -13.33
1977-01-30       0.0                0.59     -13.1
1977-01-31       0.0                0.66    -13.06
1977-02-01       0.0                0.89     -9.26
1977-02-02       0.0                0.81      -9.5
1977-02-03       0.0                0.75    -10.33
1977-02-04       0.0                0.79    -10.03
1977-02-05       0.0                0.75      -9.9
1977-02-06       0.0                0.79     -9.43
1977-02-07       0.0                0.84      -7.6
1977-02-08       0.0                0.92      -4.3
1977-02-09       0.0                0.91     -2.17
1977-02-10       0.0                1.45     -1.23
1977-02-11       0.0                0.87     -3.97
1977-02-12      0.02                0.98       2.4
1977-02-13      2.45                0.87     -0.47
1977-02-14       1.0                1.27     -5.07
1977-02-15       0.0                1.05     -11.8
1977-02-16       0.0                 0.8    -14.47
1977-02-17       0.0                 0.8    -12.03
1977-02-18       0.0                1.02     -8.33
1977-02-19       0.0                 0.6      -4.9
1977-02-20       0.0                1.78       3.6
1977-02-21      0.02                1.72     -2.26
1977-02-22       0.0                1.41      -6.2
1977-02-23       0.0                1.82      2.14
1977-02-24       0.0                2.24      8.07
1977-02-25       0.0                 2.0      10.0
1977-02-26       0.0                 1.7      4.83
1977-02-27       0.0                1.79      4.67
1977-02-28       0.0                 2.1      6.27
1977-03-01      0.36                1.08      5.37
1977-03-02      3.19                1.22     -1.47
1977-03-03      1.63                1.78      -3.7
1977-03-04       0.0                1.45      -9.2
1977-03-05       0.0                1.31     -8.63
1977-03-06       0.0                 1.4     -0.03
1977-03-07       0.0                2.17       6.3
1977-03-08       0.0                2.04     10.13
1977-03-09       0.0                2.72       3.1
1977-03-10       0.0                2.17      1.63
1977-03-11       0.0                1.87      2.97
1977-03-12      0.99                2.21      4.13
1977-03-13      0.07                1.21      4.34
1977-03-14       0.0                 1.7      4.27
1977-03-15       0.0                2.22      7.63
1977-03-16       0.0                1.19      5.07
1977-03-17      0.03                2.58       9.2
1977-03-18      0.24                 1.6       6.4
1977-03-19      0.08                1.99      6.63
1977-03-20       0.0                2.55      4.87
1977-03-21       0.0                2.39      5.77
1977-03-22      0.57                1.94       7.8
1977-03-23      2.37                1.61      5.63
1977-03-24       1.6                1.69     -1.67
1977-03-25      0.11                 2.6       0.0
1977-03-26     10.48                1.38      3.93
1977-03-27      1.37                1.79      3.83
1977-03-28       0.0                2.37       5.0
1977-03-29      0.09                1.79       5.8
1977-03-30      0.45                 2.1       5.3
1977-03-31       0.0                3.28       6.5
1977-04-01       0.0                2.93      8.73
1977-04-02       0.0                3.13      5.87
1977-04-03       0.0                3.04       7.0
1977-04-04       0.0                3.16       7.9
1977-04-05      5.85                3.53     11.57
1977-04-06     27.39                2.12      8.73
1977-04-07      0.23                3.06      6.07
1977-04-08       0.0                2.02      8.43
1977-04-09      0.16                1.65      9.37
1977-04-10       0.0                2.93      9.33
1977-04-11      1.56                3.57     12.17
1977-04-12      4.99                4.24     14.03
1977-04-13       0.2                3.83     12.77
1977-04-14      6.41                3.67      15.5
1977-04-15     67.71                 1.5     10.73
1977-04-16      3.35                3.45     12.57
1977-04-17      4.87                1.97      9.67
1977-04-18      1.37                2.45      4.33
1977-04-19      0.03                3.74      9.17
1977-04-20       0.0                4.35     14.07
1977-04-21       0.0                3.94     13.07
1977-04-22       0.0                3.33     14.53
1977-04-23      3.37                3.98     17.53
1977-04-24     49.33                 1.9      12.2
1977-04-25      3.59                4.09     13.77
1977-04-26      0.71                3.77      13.3
1977-04-27      7.16                2.51     13.27
1977-04-28      7.34                2.17      9.03
1977-04-29       0.0                 3.6     10.87
1977-04-30      0.22                4.05     12.37
1977-05-01      8.23                1.69     10.93
