1985-12-01      1.95                0.35     -2.53
1985-12-02      0.59                0.71     -4.13
1985-12-03      0.98                0.38     -1.66
1985-12-04      0.43                0.59      3.94
1985-12-05      0.06                0.44       0.3
1985-12-06       0.0                 0.6     -1.27
1985-12-07       0.0                0.43     -3.17
1985-12-08       0.0                0.81     -5.36
1985-12-09       0.0                0.64      -8.4
1985-12-10       0.0                0.56      -9.7
1985-12-11       0.0                 0.7      -6.8
1985-12-12      0.01                0.62      -7.2
1985-12-13      0.01                0.74     -4.16
1985-12-14       0.0                0.98      -6.9
1985-12-15       0.0                 0.7     -10.8
1985-12-16       0.0                0.36    -11.93
1985-12-17       0.0                0.31     -9.73
1985-12-18       0.0                0.38     -7.56
1985-12-19       0.0                0.51     -5.43
1985-12-20       0.0                0.33     -7.07
1985-12-21      0.19                 0.3     -5.46
1985-12-22      0.26                0.62      0.53
1985-12-23       0.0                0.73     -4.13
1985-12-24      0.08                0.38      -5.8
1985-12-25      0.01                0.58     -1.33
1985-12-26       0.0                0.49     -3.66
1985-12-27      0.27                0.35      -1.8
1985-12-28       0.0                0.39     -0.93
1985-12-29      3.98                0.32     -2.86
1985-12-30      6.87                0.44      2.17
1985-12-31      0.84                1.15     -3.53
1986-01-01       0.0                0.81    -10.03
1986-01-02      0.54                0.49    -11.53
1986-01-03      2.64                0.32     -5.93
1986-01-04      0.69                0.96     -9.76
1986-01-05       0.0                 0.3     -17.1
1986-01-06      0.09                0.32     -13.7
1986-01-07      0.18                 0.3     -5.63
1986-01-08       0.0                1.02     -7.27
1986-01-09       0.0                0.53    -11.73
1986-01-10       0.0                0.38     -12.8
1986-01-11       0.0                0.23     -13.2
1986-01-12      0.11                 0.3    -10.93
1986-01-13      0.17                0.46     -6.26
1986-01-14       0.0                0.31     -8.03
1986-01-15      0.01                0.35     -4.53
1986-01-16       0.0                0.33      -4.9
1986-01-17       0.0                0.49       0.0
1986-01-18       0.0                0.46     -1.36
1986-01-19       0.0                 0.4      -1.3
1986-01-20      0.64                0.43     -2.23
1986-01-21      1.97                0.48     -5.57
1986-01-22      0.51                0.71    -12.33
1986-01-23      0.09                0.41     -7.93
1986-01-24       0.0                0.62      -9.4
1986-01-25       0.0                0.71    -10.47
1986-01-26      0.05                 0.6     -12.2
1986-01-27      0.09                0.72    -11.36
1986-01-28      0.21                1.03      -2.6
1986-01-29      0.01                0.57     -4.33
1986-01-30       0.0                0.69     -0.67
1986-01-31      0.08                0.75     -4.67
1986-02-01       0.0                0.68     -8.97
1986-02-02      1.44                0.43      -8.3
1986-02-03      0.29                0.59     -9.56
1986-02-04       0.0                0.58    -11.13
1986-02-05       0.0                0.54    -10.13
1986-02-06       0.0                0.63    -11.26
1986-02-07       0.0                0.72    -11.33
1986-02-08       0.0                0.81     -10.0
1986-02-09       0.0                0.76     -7.77
1986-02-10       0.0                0.62      -7.6
1986-02-11       0.0                0.93     -5.93
1986-02-12       0.0                0.98     -4.36
1986-02-13      0.04                0.52     -0.86
1986-02-14      0.86                1.19      0.97
1986-02-15      0.99                1.12     -3.57
1986-02-16       0.0                1.02     -4.93
1986-02-17      0.37                 0.8      -4.1
1986-02-18      0.43                1.06       0.2
1986-02-19      0.16                0.83     -2.27
1986-02-20      0.01                0.92     -1.93
1986-02-21       0.0                 1.3     -3.33
1986-02-22       0.0                1.35     -1.93
1986-02-23       0.0                1.65      -4.0
1986-02-24       0.0                1.38      -6.0
1986-02-25       0.0                1.16     -3.73
1986-02-26       0.0                 1.5     -4.63
1986-02-27       0.0                 1.0      -8.2
1986-02-28       0.0                0.88     -5.86
1986-03-01       0.0                1.15     -4.33
1986-03-02       0.0                1.46     -3.16
1986-03-03       0.0                1.45     -0.83
1986-03-04       0.0                1.95       0.9
1986-03-05      0.12                1.77      4.07
1986-03-06       0.0                1.99       3.9
1986-03-07       0.0                2.36      3.07
1986-03-08       0.0                2.16      5.13
1986-03-09      6.05                0.94      3.87
1986-03-10      0.61                1.97      1.63
1986-03-11       0.0                1.93       2.2
1986-03-12       0.0                1.15      1.13
1986-03-13      0.01                 1.0      5.07
1986-03-14      0.01                1.81      3.07
1986-03-15      0.04                1.31      2.37
1986-03-16       0.0                 1.9      1.77
1986-03-17      0.57                2.08      2.53
1986-03-18      2.99                0.95       1.7
1986-03-19      1.39                1.07       1.6
1986-03-20       0.0                1.84       3.2
1986-03-21       0.0                 1.9       4.2
1986-03-22      0.49                1.27      2.97
1986-03-23       0.0                1.99      4.03
1986-03-24       0.0                2.29      3.83
1986-03-25       0.0                2.45      4.27
1986-03-26       0.0                2.63       5.7
1986-03-27       0.0                2.49       7.5
1986-03-28       0.0                2.94       8.7
1986-03-29      1.13                2.58      7.47
1986-03-30      0.29                2.29      6.23
1986-03-31      0.76                2.92      5.37
1986-04-01       0.0                3.22      6.47
1986-04-02       0.0                2.72      8.47
1986-04-03       0.0                2.47      8.93
1986-04-04       0.0                3.45      10.1
1986-04-05       0.0                3.46      7.97
1986-04-06       0.0                3.23       5.8
1986-04-07       0.0                 3.2      4.97
1986-04-08       0.0                 3.5       9.4
1986-04-09       0.0                3.26     13.87
1986-04-10      0.01                3.67     13.87
1986-04-11       0.0                3.42       6.8
1986-04-12       0.0                3.56      7.44
1986-04-13       0.0                3.75     10.17
1986-04-14      0.18                3.06     11.37
1986-04-15      0.09                4.07      12.7
1986-04-16       0.0                3.53       7.6
1986-04-17       0.0                3.79      9.77
1986-04-18       0.0                3.65     13.13
1986-04-19       0.0                4.44     13.73
1986-04-20       0.0                4.64     12.53
1986-04-21       0.0                2.94       7.0
1986-04-22       0.0                3.91      12.2
1986-04-23       0.0                 3.6     12.07
1986-04-24      4.57                3.73     14.27
1986-04-25     17.38                2.08     12.26
1986-04-26     23.89                 1.8       8.0
1986-04-27      9.08                2.61      11.7
1986-04-28       0.2                3.93     12.77
1986-04-29       0.0                4.06     12.73
1986-04-30      0.49                3.47      14.3
1986-05-01       7.5                1.66     12.17
1986-05-02      0.37                2.78     15.07
1986-05-03      0.16                4.58     17.33
1986-05-04      0.26                4.44     16.27
1986-05-05      0.91                4.19     17.97
1986-05-06      1.25                3.87      16.6
1986-05-07      0.14                4.23     17.14
1986-05-08      0.72                5.43      20.0
1986-05-09      4.03                3.78     13.53
1986-05-10      3.68                 2.1      10.3
1986-05-11      0.77                3.65      13.0
1986-05-12       0.0                3.86     14.83
1986-05-13      5.62                 1.9     13.93
1986-05-14      1.49                3.04     13.93
1986-05-15      5.92                 2.1     11.33
1986-05-16      0.77                3.62     13.33
1986-05-17      0.08                4.16     15.67
1986-05-18      2.53                3.33     17.17
1986-05-19     10.73                3.07      18.2
1986-05-20      2.26                4.66     15.53
1986-05-21      0.49                3.62      12.9
1986-05-22      0.05                4.38     14.77
1986-05-23       0.0                 4.5     15.93
1986-05-24       0.0                4.16     17.23
1986-05-25       0.0                4.94     15.87
1986-05-26       0.8                3.62     16.47
1986-05-27       0.0                3.15     17.67
1986-05-28       0.0                4.72      16.6
1986-05-29       0.0                4.66      18.9
1986-05-30       0.0                 5.6     20.07
1986-05-31      0.51                5.47     21.13
1986-06-01      0.46                3.79     20.33
1986-06-02      0.05                4.82     20.77
1986-06-03      0.01                5.31     20.33
1986-06-04      2.51                5.11     17.63
1986-06-05       4.8                3.96      15.8
1986-06-06      0.52                2.73      14.5
1986-06-07       0.0                4.82     17.57
1986-06-08       0.0                5.67      19.7
1986-06-09       0.0                4.81     19.93
1986-06-10       0.0                3.33      21.1
1986-06-11      0.04                 5.5     22.47
1986-06-12       0.0                5.49     21.47
1986-06-13      0.47                3.31     19.43
1986-06-14      0.42                 4.6     20.93
1986-06-15      5.63                2.13     17.83
1986-06-16     19.09                2.08      18.4
1986-06-17      5.19                2.56     18.67
1986-06-18      3.11                 2.9     19.37
1986-06-19      0.52                4.28     20.77
1986-06-20       0.0                4.44     20.43
1986-06-21       0.0                4.97     21.93
1986-06-22      0.96                3.79      22.4
1986-06-23      0.78                5.22      21.1
1986-06-24      7.77                2.63     20.17
1986-06-25     15.07                3.83      21.8
1986-06-26      1.25                5.57     23.97
1986-06-27      0.13                3.74      23.9
1986-06-28     26.36                 2.4     20.23
1986-06-29      1.29                4.63      22.3
1986-06-30      0.85                4.66     20.63
1986-07-01      2.39                2.58     16.73
