1995-02-01       0.0                0.52     -6.93
1995-02-02       0.0                0.57      -4.5
1995-02-03       0.0                0.63      -3.7
1995-02-04       0.0                0.74     -4.76
1995-02-05       0.0                0.72      -5.1
1995-02-06       0.0                0.94     -4.93
1995-02-07       0.0                1.02     -2.26
1995-02-08       0.0                0.77      -0.2
1995-02-09      0.04                0.92     -0.73
1995-02-10      0.17                0.96     -1.17
1995-02-11       0.0                1.13      0.97
1995-02-12       0.0                0.62       1.6
1995-02-13       0.0                1.23     -0.27
1995-02-14      0.07                1.16     -2.53
1995-02-15      1.42                0.95      -2.9
1995-02-16       0.0                1.04      -5.0
1995-02-17       0.0                1.07     -3.17
1995-02-18       0.0                1.11     -0.06
1995-02-19      0.17                1.18      -0.3
1995-02-20      0.98                0.94      0.07
1995-02-21       0.5                1.16     -2.63
1995-02-22       0.2                1.22      -1.4
1995-02-23       0.0                1.31     -0.17
1995-02-24       0.0                1.19      0.57
1995-02-25      0.79                0.69     -0.13
1995-02-26      1.49                0.73     -2.03
1995-02-27       0.3                0.91     -1.27
1995-02-28      1.33                 1.1      1.73
1995-03-01      0.52                 1.0       0.4
1995-03-02       0.0                1.07      0.73
1995-03-03      2.53                1.17     -0.53
1995-03-04       0.3                1.32      -1.0
1995-03-05       0.0                1.63      0.23
1995-03-06       0.0                1.38      4.13
1995-03-07       0.0                1.83      5.83
1995-03-08       0.0                1.75       6.1
1995-03-09      1.87                1.11       5.3
1995-03-10      2.63                1.24       2.0
1995-03-11      0.92                0.81      1.13
1995-03-12      0.59                1.31      3.03
1995-03-13       0.0                1.74       4.3
1995-03-14       0.0                1.62      4.63
1995-03-15      1.02                2.22      6.83
1995-03-16      4.08                1.13      4.63
1995-03-17      0.29                2.54      0.93
1995-03-18      0.35                1.22     -1.63
1995-03-19       0.0                2.07      0.13
1995-03-20      0.04                 2.2      7.04
1995-03-21      0.09                1.51      8.53
1995-03-22      0.53                1.45       4.5
1995-03-23      0.61                1.19      3.37
1995-03-24      1.83                0.98       1.5
1995-03-25      1.35                1.51      1.23
1995-03-26      0.21                 2.2      2.67
1995-03-27      1.26                1.91      4.17
1995-03-28      0.39                2.07       3.6
1995-03-29      0.12                1.18      5.43
1995-03-30      0.14                2.31      6.33
1995-03-31      0.61                1.26      2.87
1995-04-01      0.31                2.19       3.0
1995-04-02      0.07                2.35      1.27
1995-04-03       0.0                 2.7       3.2
1995-04-04       0.0                2.74      6.47
1995-04-05       0.0                2.94      8.13
1995-04-06      0.14                1.11      3.64
1995-04-07       0.0                3.02      7.57
1995-04-08      0.33                3.56      13.7
1995-04-09      0.22                 3.7      9.37
1995-04-10      0.44                2.98       5.7
1995-04-11      1.26                1.72      4.97
1995-04-12      0.31                2.89      6.17
1995-04-13       0.0                2.73       9.4
1995-04-14      0.05                3.51     12.27
1995-04-15       0.0                3.83      9.83
1995-04-16      0.01                2.06      9.03
1995-04-17      0.02                3.53      12.2
1995-04-18       1.4                 3.6     11.63
1995-04-19       2.0                3.54      8.87
1995-04-20      0.27                3.67      8.47
1995-04-21     12.12                1.83      9.47
1995-04-22     12.33                1.47      10.7
1995-04-23      0.78                3.57     10.27
1995-04-24       0.0                3.72       9.6
1995-04-25       1.5                3.66      11.8
1995-04-26      0.24                4.99     13.53
1995-04-27       0.0                3.64      12.7
1995-04-28       0.0                4.19     13.87
1995-04-29       0.0                3.98     15.63
1995-04-30       0.0                3.97      14.7
1995-05-01      0.15                2.38     16.07
1995-05-02       0.0                3.69     14.77
1995-05-03       0.0                4.75     12.53
1995-05-04       0.0                4.13      9.57
1995-05-05       0.0                4.36     12.47
1995-05-06       0.0                4.71     14.97
1995-05-07       0.0                3.98      15.1
1995-05-08       0.0                 3.9     14.43
1995-05-09      0.47                4.87      18.0
1995-05-10      3.97                2.37      13.7
1995-05-11      0.39                3.95     10.93
1995-05-12       0.0                4.44      12.7
1995-05-13       3.0                2.03      10.8
1995-05-14      5.51                1.73      8.83
1995-05-15       0.4                2.67      13.9
1995-05-16       0.0                4.21      15.4
1995-05-17       0.0                4.64      15.0
1995-05-18      0.19                4.68     17.13
1995-05-19      2.27                3.73     16.87
1995-05-20     17.81                1.86     14.63
1995-05-21       0.2                2.45      12.7
1995-05-22      0.18                3.78      13.0
1995-05-23       0.0                4.66     15.47
1995-05-24      0.17                5.38      18.2
1995-05-25       1.0                2.35     16.87
1995-05-26      0.12                4.97     16.37
1995-05-27      0.06                4.25      14.5
1995-05-28      0.04                2.13     15.67
1995-05-29       0.0                4.23     15.33
1995-05-30       0.0                4.44     17.57
1995-05-31       0.0                4.93     17.27
1995-06-01      1.24                4.57     17.57
1995-06-02     10.66                2.01      14.5
1995-06-03     14.26                2.17     14.03
1995-06-04      0.33                2.28     12.27
1995-06-05      3.95                4.14      16.3
1995-06-06      0.64                4.24      19.6
1995-06-07       0.0                4.47      18.7
1995-06-08       0.0                5.44      17.8
1995-06-09       0.0                5.21      16.3
1995-06-10       0.0                4.73      19.0
1995-06-11      0.22                5.24     15.97
1995-06-12      0.02                5.19      17.5
1995-06-13      0.04                5.11      18.4
1995-06-14      0.28                4.55      15.4
1995-06-15      0.04                3.85     17.73
1995-06-16       0.0                 4.9      21.6
1995-06-17      0.17                4.51     20.93
1995-06-18      4.43                2.37     17.47
1995-06-19      1.02                2.68      18.8
1995-06-20      0.09                4.98      21.7
1995-06-21      0.08                5.48     19.97
1995-06-22       1.2                3.37      18.5
1995-06-23      2.92                3.55     19.37
1995-06-24       0.5                3.27     20.63
1995-06-25      5.95                3.04     20.97
1995-06-26      8.57                3.37     20.27
1995-06-27      0.26                3.48     19.67
1995-06-28      0.12                3.51     20.07
1995-06-29       0.0                4.88     21.77
1995-06-30      0.24                2.33      21.4
1995-07-01      1.32                2.56      21.7
1995-07-02      7.21                 3.1     21.67
1995-07-03     11.68                3.75     21.47
1995-07-04       0.0                4.48      21.5
1995-07-05       0.0                4.97     22.57
1995-07-06       0.0                3.46      20.9
1995-07-07      0.05                4.05     23.23
1995-07-08     41.48                2.17     20.97
1995-07-09     94.68                2.37     24.27
1995-07-10     52.48                2.19     21.93
1995-07-11      0.56                3.01     24.63
1995-07-12      1.23                2.32     24.83
1995-07-13      4.48                2.31     24.93
1995-07-14      8.22                2.25     24.03
1995-07-15     21.66                2.23     23.47
1995-07-16     24.65                4.85     24.57
1995-07-17      0.61                2.47     18.33
1995-07-18      3.19                3.61     19.73
1995-07-19     53.11                 2.0     17.33
1995-07-20      3.15                1.99     18.17
1995-07-21      0.04                3.09      22.3
1995-07-22      0.81                4.36     23.73
1995-07-23      2.09                5.11     25.53
1995-07-24      4.13                3.69     24.23
1995-07-25     12.55                 3.0      24.7
1995-07-26      0.54                5.21     26.13
1995-07-27       0.0                3.28     25.67
1995-07-28       0.0                4.72     25.33
1995-07-29       0.0                3.89      24.2
1995-07-30      0.61                 4.2     25.33
1995-07-31      5.29                3.85      26.8
1995-08-01     36.22                3.34      25.4
1995-08-02      20.3                2.65     25.87
1995-08-03      1.87                3.98     26.43
1995-08-04       3.4                 3.5     26.27
1995-08-05     25.73                2.26      24.0
1995-08-06      1.03                2.78      25.6
1995-08-07      2.49                2.25     25.17
1995-08-08     71.32                2.24     25.03
1995-08-09     17.31                2.21      23.7
1995-08-10       0.0                3.92      25.4
1995-08-11       0.0                 2.9     25.07
1995-08-12      4.36                 3.3      25.7
1995-08-13      1.84                2.87      26.1
1995-08-14       0.0                4.77     28.13
1995-08-15     15.88                4.31     27.13
1995-08-16      0.03                4.06      26.3
1995-08-17       6.7                2.94     26.17
1995-08-18      2.44                3.84     27.13
1995-08-19     90.86                2.17     23.47
1995-08-20     38.18                2.26     23.27
1995-08-21       0.8                4.05     24.63
1995-08-22      3.67                3.91     24.47
1995-08-23     96.26                1.85     21.73
1995-08-24    137.82                1.86     21.93
1995-08-25     85.54                1.81      21.3
1995-08-26     59.57                1.78     21.23
1995-08-27     32.51                 3.6     21.67
1995-08-28       0.8                3.31     21.87
1995-08-29       0.8                 3.2      22.8
1995-08-30      2.78                1.79     21.13
1995-08-31       0.0                3.07     23.73
1995-09-01      4.89                2.73      22.5
