1972-04-01      0.01                1.88     -1.36
1972-04-02      0.02                2.47       1.6
1972-04-03      0.62                1.73       5.6
1972-04-04      0.16                2.86      8.77
1972-04-05       0.0                3.14      6.17
1972-04-06       0.0                3.68      7.57
1972-04-07      0.47                1.76      5.07
1972-04-08      1.74                2.53      5.17
1972-04-09      0.19                 2.5      5.07
1972-04-10      0.76                2.98      7.24
1972-04-11      0.38                1.52      7.64
1972-04-12      0.59                2.39       8.5
1972-04-13       0.0                 3.7      9.17
1972-04-14      7.92                2.69      12.2
1972-04-15      3.96                1.91     11.87
1972-04-16      0.92                 2.2     13.34
1972-04-17      1.58                2.58      13.6
1972-04-18       1.6                3.17     11.93
1972-04-19      13.1                1.84     10.99
1972-04-20      1.86                4.39      10.2
1972-04-21       0.0                 4.2      8.73
1972-04-22       0.0                3.87       8.9
1972-04-23       0.0                4.15     11.83
1972-04-24       0.0                4.17      11.0
1972-04-25      0.01                2.12     11.37
1972-04-26      0.02                3.69      13.2
1972-04-27      0.01                3.22     15.74
1972-04-28       0.0                4.97     19.01
1972-04-29       0.0                5.54     21.34
1972-04-30       0.0                2.36     16.13
1972-05-01       0.0                 4.8     11.53
1972-05-02       0.0                4.42      11.6
1972-05-03      0.81                3.75     13.73
1972-05-04      8.25                 1.9      12.4
1972-05-05       0.0                4.63     14.06
1972-05-06       0.0                4.08     19.37
1972-05-07      0.24                4.72     20.47
1972-05-08       3.6                1.98     14.67
1972-05-09       0.0                5.41      13.6
1972-05-10       0.0                5.13     14.37
1972-05-11       0.0                4.72     19.64
1972-05-12      0.01                4.09     15.07
1972-05-13      0.01                4.19     14.13
1972-05-14       0.5                 3.2      13.5
1972-05-15      0.08                4.56      12.8
1972-05-16      0.12                3.26      11.1
1972-05-17      0.01                4.37     13.54
1972-05-18      0.16                4.07     17.47
1972-05-19     12.09                1.95     16.24
1972-05-20      2.23                2.74     15.34
1972-05-21       0.6                3.41     12.77
1972-05-22       0.0                4.45     12.47
1972-05-23       0.0                4.94     14.17
1972-05-24      0.19                4.66     14.07
1972-05-25      0.34                2.43      16.2
1972-05-26      2.17                2.17     17.54
1972-05-27      4.16                2.17     12.43
1972-05-28      0.24                4.54      12.7
1972-05-29      0.95                1.99     14.64
1972-05-30       0.0                5.23     16.51
1972-05-31       0.0                4.41     15.27
1972-06-01       0.0                5.31     21.24
1972-06-02       0.0                4.59     19.97
1972-06-03       0.0                5.47      19.3
1972-06-04      0.01                5.84     18.37
1972-06-05      1.51                5.79      20.3
1972-06-06       0.6                5.93      20.5
1972-06-07      0.05                2.44      18.4
1972-06-08       0.0                6.09      21.2
1972-06-09       0.0                6.37      21.9
1972-06-10      0.07                6.07     24.34
1972-06-11      2.96                3.35      22.6
1972-06-12      2.13                2.25     15.73
1972-06-13       0.0                4.33     16.53
1972-06-14      0.02                5.28     19.23
1972-06-15      5.68                3.48      18.2
1972-06-16       0.0                5.03     20.53
1972-06-17       0.0                5.56     21.94
1972-06-18      0.01                5.53     18.87
1972-06-19      0.04                4.56     18.66
1972-06-20      2.46                3.19      18.3
1972-06-21       0.0                4.95      19.7
1972-06-22       0.0                4.91     18.67
1972-06-23       0.0                4.57     18.47
1972-06-24       0.0                4.76      19.2
1972-06-25      0.01                4.63     19.93
1972-06-26      3.18                2.66      19.4
1972-06-27       0.0                3.82      20.5
1972-06-28       0.0                2.91     20.97
1972-06-29      3.57                3.83     22.67
1972-06-30       0.0                4.95      22.0
1972-07-01       0.0                5.12      22.0
1972-07-02      0.03                5.32      23.7
1972-07-03      3.31                2.28     21.57
1972-07-04     21.19                2.36      22.4
1972-07-05      0.76                3.54     26.84
1972-07-06      8.31                3.46      26.6
1972-07-07     43.89                2.41      25.6
1972-07-08     30.79                2.31      24.5
1972-07-09      0.15                3.95     23.07
1972-07-10      0.01                3.14     20.87
1972-07-11       0.0                4.61     20.43
1972-07-12       0.0                5.89     19.73
1972-07-13       0.0                6.19      20.4
1972-07-14       0.0                6.42     20.37
1972-07-15      0.04                 6.1     20.77
1972-07-16      0.64                2.32     20.43
1972-07-17      0.01                5.47      24.2
1972-07-18       0.0                5.12      25.0
1972-07-19      0.51                5.46     24.23
1972-07-20       1.8                6.76      25.6
1972-07-21       0.0                 6.2     25.73
1972-07-22       0.0                5.17      25.7
1972-07-23       0.8                6.63      25.4
1972-07-24     20.86                3.33      24.2
1972-07-25     25.92                3.06      25.3
1972-07-26      0.31                4.65     24.43
1972-07-27      2.28                4.04     24.77
1972-07-28       0.0                5.92      24.5
1972-07-29       0.0                5.77     25.33
1972-07-30       0.0                 5.0     26.77
1972-07-31       0.0                5.01     27.27
1972-08-01       0.0                5.29     26.77
1972-08-02      0.07                3.08     27.07
1972-08-03      4.42                4.14      28.1
1972-08-04     57.32                2.07     24.14
1972-08-05     19.79                 2.9      26.6
1972-08-06     18.07                2.44     27.67
1972-08-07     32.58                2.26     24.83
1972-08-08      9.95                3.01      24.9
1972-08-09     30.57                1.98     21.07
1972-08-10     10.96                3.53      23.3
1972-08-11      0.01                4.36     22.47
1972-08-12       0.0                3.97     22.23
1972-08-13       0.0                 3.8     24.87
1972-08-14       0.0                4.68     23.43
1972-08-15       0.4                3.49     24.94
1972-08-16      5.56                4.38     27.67
1972-08-17     43.29                3.21     23.93
1972-08-18    170.59                1.81      19.8
1972-08-19     84.46                1.69     17.57
1972-08-20       1.0                4.35     19.83
1972-08-21       0.0                4.75      18.7
1972-08-22       0.0                4.64      19.4
1972-08-23      2.96                3.96     20.67
1972-08-24      8.15                 3.1     21.53
1972-08-25     50.64                1.75     19.44
1972-08-26     20.89                4.35      20.2
1972-08-27     22.93                1.72      19.1
1972-08-28      0.45                3.92     19.34
1972-08-29      1.28                1.95     18.11
1972-08-30      2.64                2.02      19.2
1972-08-31      1.08                1.62     19.07
1972-09-01       0.0                2.98      17.4
1972-09-02      3.63                1.69      17.8
1972-09-03     35.38                1.75      20.9
1972-09-04     17.75                1.77      19.5
1972-09-05      0.12                2.98     18.24
1972-09-06      7.88                1.92      17.6
1972-09-07       5.2                1.78     17.03
1972-09-08      0.73                4.04      17.8
1972-09-09       0.0                 3.0     17.54
1972-09-10       0.0                2.87     17.77
1972-09-11       0.0                3.73     19.27
1972-09-12      0.06                3.98     18.87
1972-09-13      2.42                2.97      18.7
1972-09-14     10.98                 2.8      17.3
1972-09-15      1.25                2.88     19.13
1972-09-16      0.11                2.81     19.37
1972-09-17      3.58                2.06     18.17
1972-09-18      1.68                1.81     17.83
1972-09-19      0.14                2.59     15.43
1972-09-20       0.0                3.07      15.1
1972-09-21       0.0                2.13      15.8
1972-09-22      2.05                2.96     19.57
1972-09-23      0.06                2.97     15.77
1972-09-24       1.3                1.74     14.74
1972-09-25      1.13                1.96     13.67
1972-09-26       0.1                2.15     15.04
1972-09-27      6.37                2.89     17.17
1972-09-28      9.43                1.94      16.8
1972-09-29       0.0                3.03      14.7
1972-09-30      0.52                2.69     14.87
1972-10-01      0.05                2.89     15.54
1972-10-02      0.33                2.07      14.0
1972-10-03     15.66                1.33     14.94
1972-10-04      4.27                2.17     13.54
1972-10-05       0.0                2.29     16.04
1972-10-06       0.0                 2.0     15.44
1972-10-07      0.01                1.87     16.87
1972-10-08       0.0                2.29     15.17
1972-10-09      0.01                 2.1     16.57
1972-10-10       0.2                2.12     15.14
1972-10-11      0.05                 2.1      9.74
1972-10-12      2.49                1.71     10.27
1972-10-13       0.0                2.12      14.9
1972-10-14      0.85                2.13     17.17
1972-10-15       1.6                2.23     16.24
1972-10-16       0.0                2.03     12.44
1972-10-17       0.0                1.75     12.87
1972-10-18       0.0                2.13      12.6
1972-10-19       0.0                2.75     14.53
1972-10-20      0.47                2.46      16.0
1972-10-21      5.33                 1.0     12.87
1972-10-22      0.03                1.77      6.94
1972-10-23      0.25                1.65      10.3
1972-10-24      0.05                1.09     10.34
1972-10-25      0.29                1.83     13.17
1972-10-26      0.27                1.98     10.64
1972-10-27      0.76                 2.2     10.04
1972-10-28      1.32                1.49       9.4
1972-10-29      1.47                1.01      11.9
1972-10-30      0.34                1.12      8.27
1972-10-31       0.0                1.44      6.84
1972-11-01      0.04                1.28       8.6
