1967-05-01      2.59                4.71      18.5
1967-05-02       0.0                4.94      17.2
1967-05-03       0.0                 4.3      15.5
1967-05-04       0.0                4.49      15.0
1967-05-05       0.0                3.97      16.5
1967-05-06       0.0                3.67      18.5
1967-05-07      0.34                5.26      19.2
1967-05-08      7.12                2.99      18.9
1967-05-09      1.44                2.87      17.5
1967-05-10       0.0                4.18      17.6
1967-05-11       0.0                4.52      18.5
1967-05-12       0.0                 4.5      20.7
1967-05-13       0.0                4.55      21.2
1967-05-14       0.0                5.05      19.4
1967-05-15       0.0                4.59      17.7
1967-05-16       0.0                4.02      18.5
1967-05-17       0.0                4.85      18.3
1967-05-18       1.0                4.72      21.0
1967-05-19       0.0                5.68      19.8
1967-05-20      3.01                 5.0      20.4
1967-05-21      0.22                4.35      20.8
1967-05-22      0.18                4.98      20.3
1967-05-23      0.16                2.61      21.5
1967-05-24      5.52                3.52      22.3
1967-05-25     29.13                2.27      20.2
1967-05-26       5.0                4.39      20.8
1967-05-27      0.01                4.79      19.8
1967-05-28       0.1                4.77      21.9
1967-05-29       0.0                5.32      22.5
1967-05-30       0.0                5.04      22.9
1967-05-31       0.0                3.94      20.6
1967-06-01       0.0                3.89      20.5
1967-06-02       0.0                4.83      20.4
1967-06-03      3.48                2.39      18.2
1967-06-04      4.05                3.12      19.1
1967-06-05       0.0                4.83      21.4
1967-06-06       0.0                4.64      22.0
1967-06-07      2.08                5.99      19.8
1967-06-08       4.1                3.31      18.3
1967-06-09      4.47                1.92      15.5
1967-06-10      0.65                2.61      19.3
1967-06-11      0.77                3.71      21.0
1967-06-12      0.81                4.33      22.0
1967-06-13       0.0                4.73      20.8
1967-06-14      1.53                 4.8      22.5
1967-06-15      0.19                5.04      23.8
1967-06-16      2.06                4.79      24.9
1967-06-17      1.14                2.37      20.5
1967-06-18      5.06                 4.2      24.2
1967-06-19      1.88                4.42      22.0
1967-06-20      9.75                3.57      21.5
1967-06-21      0.92                4.25      22.8
1967-06-22      2.23                4.87      23.5
1967-06-23      1.72                5.26      24.5
1967-06-24       0.0                3.91      23.0
1967-06-25       3.3                3.04      23.5
1967-06-26      0.25                 4.5      23.2
1967-06-27     15.98                2.54      24.2
1967-06-28      9.17                2.73      21.7
1967-06-29     19.69                4.44      21.8
1967-06-30     35.38                3.72      23.8
1967-07-01     26.48                2.32      21.3
1967-07-02     16.93                2.24      20.1
1967-07-03     14.51                3.03      22.5
1967-07-04      1.54                2.97      20.0
1967-07-05       1.6                4.88      20.5
1967-07-06      2.01                4.32      21.3
1967-07-07       0.0                4.71      22.4
1967-07-08      1.47                5.06      25.1
1967-07-09      0.72                5.07      25.9
1967-07-10      4.56                5.07      25.6
1967-07-11      3.38                 4.0      25.5
1967-07-12     56.87                2.17      22.6
1967-07-13     23.91                2.39      24.8
1967-07-14      3.69                5.28      27.5
1967-07-15     21.31                3.69      26.0
1967-07-16      1.11                4.54      27.5
1967-07-17      0.01                5.45      27.1
1967-07-18      0.68                5.88      28.2
1967-07-19     53.92                2.51      25.5
1967-07-20     53.16                 2.4      22.2
1967-07-21     11.86                3.88      26.8
1967-07-22      3.58                2.83      26.6
1967-07-23      7.16                2.71      26.2
1967-07-24      1.75                4.24      28.2
1967-07-25      0.19                5.94      28.3
1967-07-26      0.54                5.84      27.9
1967-07-27       3.5                4.05      28.8
1967-07-28      2.57                4.15      28.9
1967-07-29      1.41                3.87      28.4
1967-07-30       0.0                3.91      29.0
1967-07-31      0.04                4.84      28.2
1967-08-01      0.05                3.86      27.7
1967-08-02      0.22                3.56      27.5
1967-08-03      0.02                2.92      26.8
1967-08-04      0.93                5.24      28.2
1967-08-05      2.55                4.18      27.6
1967-08-06      7.24                2.18      26.2
1967-08-07      6.62                3.74      28.5
1967-08-08      3.19                3.18      29.5
1967-08-09       1.0                3.37      29.6
1967-08-10      1.91                 2.7      27.4
1967-08-11     10.82                3.08      27.5
1967-08-12     12.51                2.18      25.8
1967-08-13     12.34                 2.5      27.2
1967-08-14     13.96                3.03      26.9
1967-08-15     21.61                2.05      25.0
1967-08-16     12.59                2.01      24.0
1967-08-17      1.61                3.34      26.6
1967-08-18      0.32                2.75      25.5
1967-08-19      0.98                2.63      24.8
1967-08-20      0.37                3.09      25.4
1967-08-21      0.05                4.33      25.8
1967-08-22      0.26                3.86      27.6
1967-08-23      6.68                2.08      25.0
1967-08-24      6.52                 3.5      27.2
1967-08-25      2.56                3.76      27.3
1967-08-26      3.41                2.93      26.5
1967-08-27      23.0                2.82      28.0
1967-08-28     47.61                2.06      25.8
1967-08-29      5.89                 2.6      24.5
1967-08-30      0.48                2.18      23.8
1967-08-31       0.0                3.13      26.0
1967-09-01     15.05                4.03      24.5
1967-09-02      8.56                1.89      23.8
1967-09-03     24.23                1.89      21.1
1967-09-04     18.23                1.87      20.0
1967-09-05       4.8                1.74      22.0
1967-09-06      5.33                1.96      24.5
1967-09-07     18.61                 2.6      25.3
1967-09-08      6.33                2.43      22.0
1967-09-09      2.66                3.55      23.3
1967-09-10      8.12                2.22      20.5
1967-09-11      0.43                3.25      17.1
1967-09-12       0.0                3.75      16.5
1967-09-13       0.0                3.66      16.1
1967-09-14       0.0                3.49      16.0
1967-09-15       0.0                2.92      17.9
1967-09-16       0.0                3.57      16.8
1967-09-17       0.0                3.13      16.4
1967-09-18       0.0                2.34      17.2
1967-09-19       0.0                2.31      17.0
1967-09-20       0.0                3.11      19.0
1967-09-21      0.02                3.44      20.5
1967-09-22      2.57                 2.7      17.6
1967-09-23      0.08                2.04      15.6
1967-09-24      3.39                2.36      15.1
1967-09-25       0.0                2.68      16.8
1967-09-26       0.0                2.34      18.3
1967-09-27       0.0                2.77      19.0
1967-09-28       0.0                2.51      18.5
1967-09-29      0.22                 2.8      17.8
1967-09-30      2.29                2.42      19.5
1967-10-01      0.85                 1.5      11.8
1967-10-02      0.34                2.56      12.3
1967-10-03       0.0                2.11      13.6
1967-10-04       0.0                2.06      14.3
1967-10-05       0.0                1.87      14.1
1967-10-06      0.46                1.99      13.8
1967-10-07      0.27                2.29      14.5
1967-10-08      2.38                2.04      14.1
1967-10-09       0.0                1.77      14.1
1967-10-10       0.0                1.73      14.5
1967-10-11      1.83                1.78      13.9
1967-10-12      4.75                1.03      13.0
1967-10-13      0.07                1.76      17.9
1967-10-14      0.27                2.18      10.9
1967-10-15       0.0                1.92       9.6
1967-10-16       0.0                1.53       9.8
1967-10-17       0.0                1.81      11.2
1967-10-18       0.0                1.74      11.0
1967-10-19       0.0                1.78      13.1
1967-10-20      0.09                1.59      10.9
1967-10-21      0.03                2.84      14.3
1967-10-22       0.0                2.57      12.2
1967-10-23       0.0                1.61      12.3
1967-10-24       0.0                2.01      12.9
1967-10-25       0.0                2.05      13.9
1967-10-26       0.0                2.61      14.1
1967-10-27       0.0                1.99      11.9
1967-10-28      0.94                1.76      13.4
1967-10-29      1.91                1.08      10.7
1967-10-30      1.89                2.23      15.2
1967-10-31      1.41                0.98       7.5
1967-11-01       1.0                0.78       7.5
1967-11-02       0.0                1.31       9.1
1967-11-03      0.02                1.43       7.1
1967-11-04      0.05                1.16       8.5
1967-11-05      0.51                1.37      11.4
1967-11-06      0.02                1.07       9.5
1967-11-07      3.58                1.23      11.2
1967-11-08      2.46                0.87       8.4
1967-11-09      0.12                1.41       4.3
1967-11-10       0.0                1.02       4.6
1967-11-11      0.24                0.57       3.5
1967-11-12      0.09                1.93       1.6
1967-11-13      0.02                0.88       0.1
1967-11-14      0.91                 0.6       3.2
1967-11-15      0.33                1.64       0.5
1967-11-16       0.0                0.66       0.5
1967-11-17       0.0                0.69       4.1
1967-11-18      0.05                0.56       3.9
1967-11-19      2.73                0.69       7.0
1967-11-20       0.8                1.18       4.6
1967-11-21       0.0                0.71       2.6
1967-11-22      0.03                0.47       0.4
1967-11-23      0.76                0.45       2.5
1967-11-24       0.0                0.92       4.1
1967-11-25       0.0                1.33       6.5
1967-11-26       0.0                0.79       7.3
1967-11-27     21.06                0.45       3.2
1967-11-28      5.54                 0.9       8.6
1967-11-29      1.05                1.02       7.2
1967-11-30      0.03                1.57       0.7
1967-12-01       0.0                 0.5      -2.3
