1967-09-01     15.05                4.03      24.5
1967-09-02      8.56                1.89      23.8
1967-09-03     24.23                1.89      21.1
1967-09-04     18.23                1.87      20.0
1967-09-05       4.8                1.74      22.0
1967-09-06      5.33                1.96      24.5
1967-09-07     18.61                 2.6      25.3
1967-09-08      6.33                2.43      22.0
1967-09-09      2.66                3.55      23.3
1967-09-10      8.12                2.22      20.5
1967-09-11      0.43                3.25      17.1
1967-09-12       0.0                3.75      16.5
1967-09-13       0.0                3.66      16.1
1967-09-14       0.0                3.49      16.0
1967-09-15       0.0                2.92      17.9
1967-09-16       0.0                3.57      16.8
1967-09-17       0.0                3.13      16.4
1967-09-18       0.0                2.34      17.2
1967-09-19       0.0                2.31      17.0
1967-09-20       0.0                3.11      19.0
1967-09-21      0.02                3.44      20.5
1967-09-22      2.57                 2.7      17.6
1967-09-23      0.08                2.04      15.6
1967-09-24      3.39                2.36      15.1
1967-09-25       0.0                2.68      16.8
1967-09-26       0.0                2.34      18.3
1967-09-27       0.0                2.77      19.0
1967-09-28       0.0                2.51      18.5
1967-09-29      0.22                 2.8      17.8
1967-09-30      2.29                2.42      19.5
1967-10-01      0.85                 1.5      11.8
1967-10-02      0.34                2.56      12.3
1967-10-03       0.0                2.11      13.6
1967-10-04       0.0                2.06      14.3
1967-10-05       0.0                1.87      14.1
1967-10-06      0.46                1.99      13.8
1967-10-07      0.27                2.29      14.5
1967-10-08      2.38                2.04      14.1
1967-10-09       0.0                1.77      14.1
1967-10-10       0.0                1.73      14.5
1967-10-11      1.83                1.78      13.9
1967-10-12      4.75                1.03      13.0
1967-10-13      0.07                1.76      17.9
1967-10-14      0.27                2.18      10.9
1967-10-15       0.0                1.92       9.6
1967-10-16       0.0                1.53       9.8
1967-10-17       0.0                1.81      11.2
1967-10-18       0.0                1.74      11.0
1967-10-19       0.0                1.78      13.1
1967-10-20      0.09                1.59      10.9
1967-10-21      0.03                2.84      14.3
1967-10-22       0.0                2.57      12.2
1967-10-23       0.0                1.61      12.3
1967-10-24       0.0                2.01      12.9
1967-10-25       0.0                2.05      13.9
1967-10-26       0.0                2.61      14.1
1967-10-27       0.0                1.99      11.9
1967-10-28      0.94                1.76      13.4
1967-10-29      1.91                1.08      10.7
1967-10-30      1.89                2.23      15.2
1967-10-31      1.41                0.98       7.5
1967-11-01       1.0                0.78       7.5
1967-11-02       0.0                1.31       9.1
1967-11-03      0.02                1.43       7.1
1967-11-04      0.05                1.16       8.5
1967-11-05      0.51                1.37      11.4
1967-11-06      0.02                1.07       9.5
1967-11-07      3.58                1.23      11.2
1967-11-08      2.46                0.87       8.4
1967-11-09      0.12                1.41       4.3
1967-11-10       0.0                1.02       4.6
1967-11-11      0.24                0.57       3.5
1967-11-12      0.09                1.93       1.6
1967-11-13      0.02                0.88       0.1
1967-11-14      0.91                 0.6       3.2
1967-11-15      0.33                1.64       0.5
1967-11-16       0.0                0.66       0.5
1967-11-17       0.0                0.69       4.1
1967-11-18      0.05                0.56       3.9
1967-11-19      2.73                0.69       7.0
1967-11-20       0.8                1.18       4.6
1967-11-21       0.0                0.71       2.6
1967-11-22      0.03                0.47       0.4
1967-11-23      0.76                0.45       2.5
1967-11-24       0.0                0.92       4.1
1967-11-25       0.0                1.33       6.5
1967-11-26       0.0                0.79       7.3
1967-11-27     21.06                0.45       3.2
1967-11-28      5.54                 0.9       8.6
1967-11-29      1.05                1.02       7.2
1967-11-30      0.03                1.57       0.7
1967-12-01       0.0                 0.5      -2.3
1967-12-02      0.03                0.48      -1.7
1967-12-03      0.14                0.46      -1.3
1967-12-04      0.08                0.46       1.9
1967-12-05      0.05                0.98      -1.3
1967-12-06      0.08                0.42      -4.1
1967-12-07       0.0                1.09      -6.3
1967-12-08      0.02                0.96      -9.9
1967-12-09      0.04                0.85      -8.9
1967-12-10      0.04                0.53      -9.3
1967-12-11      0.07                0.53      -8.1
1967-12-12       0.7                 0.4      -6.0
1967-12-13      1.35                0.39      -1.6
1967-12-14      0.98                0.75      -1.0
1967-12-15      0.23                0.97      -4.8
1967-12-16       0.0                0.78       0.4
1967-12-17       0.0                0.51      -0.6
1967-12-18      0.41                0.38      -2.5
1967-12-19      0.36                0.67       2.2
1967-12-20      0.42                1.22      -2.6
1967-12-21       0.0                1.01      -7.7
1967-12-22       0.0                0.75      -9.1
1967-12-23      0.51                0.61     -10.0
1967-12-24      0.02                0.33      -9.5
1967-12-25      0.51                0.26      -9.0
1967-12-26      0.12                0.65      -7.4
1967-12-27       0.0                0.61     -10.7
1967-12-28       0.0                0.54     -13.4
1967-12-29      0.76                0.59     -14.1
1967-12-30      0.15                0.25     -15.2
1967-12-31      0.05                0.46      -7.6
1968-01-01      0.02                0.53      -3.4
1968-01-02      0.75                0.78      0.44
1968-01-03      0.23                 1.4     -0.77
1968-01-04      0.02                0.56       1.2
1968-01-05      0.12                0.46       5.0
1968-01-06       0.0                0.56       4.0
1968-01-07       0.0                1.06     -0.43
1968-01-08       0.0                 0.8     -3.83
1968-01-09       0.0                0.45      -2.0
1968-01-10       0.0                0.85      1.74
1968-01-11       0.0                0.59      0.34
1968-01-12      0.64                0.45      0.67
1968-01-13      1.12                1.05     -0.76
1968-01-14      0.07                0.69     -8.36
1968-01-15       0.0                0.68     -9.93
1968-01-16      0.02                 0.3     -4.89
1968-01-17       0.0                1.13      2.74
1968-01-18       0.0                0.86     -4.46
1968-01-19       0.0                0.31      -5.5
1968-01-20       0.0                0.53     -4.63
1968-01-21       0.0                0.58      -4.1
1968-01-22       0.0                0.44     -3.83
1968-01-23       0.0                0.35     -3.43
1968-01-24       0.0                0.68      -2.8
1968-01-25       0.0                0.65     -4.73
1968-01-26       0.0                0.69     -4.43
1968-01-27       0.0                0.67      -4.7
1968-01-28       0.0                0.76     -1.47
1968-01-29      0.01                 0.7     -0.33
1968-01-30       0.0                 0.7      -3.2
1968-01-31       0.0                0.79      -8.3
1968-02-01       0.0                0.79     -8.36
1968-02-02      0.01                0.87     -7.06
1968-02-03      0.02                0.91     -4.73
1968-02-04      0.07                0.86      -4.5
1968-02-05       0.0                0.84      -5.2
1968-02-06       0.0                0.71     -5.56
1968-02-07       0.0                 0.8     -4.96
1968-02-08       0.0                0.86     -4.33
1968-02-09      0.02                0.76     -5.06
1968-02-10      1.85                0.95     -3.16
1968-02-11      0.06                0.78      -5.2
1968-02-12       0.0                0.78     -4.23
1968-02-13       0.0                0.91     -0.36
1968-02-14      0.15                1.07     -2.47
1968-02-15      0.06                 1.4     -1.37
1968-02-16       0.0                0.83     -1.07
1968-02-17      0.21                1.12     -0.37
1968-02-18      1.19                1.06      2.67
1968-02-19       0.0                1.22     -5.73
1968-02-20       0.0                1.02     -7.53
1968-02-21      0.53                0.87     -6.73
1968-02-22      1.18                0.56     -5.56
1968-02-23      0.18                0.72     -3.93
1968-02-24       0.0                1.06     -4.03
1968-02-25       0.0                1.14     -1.53
1968-02-26       0.0                1.18     -0.16
1968-02-27       0.0                1.19      1.94
1968-02-28      2.71                1.53      2.17
1968-02-29      0.42                 1.7       2.6
1968-03-01       0.0                1.71     -0.06
1968-03-02       0.0                1.39     -0.03
1968-03-03      0.17                1.51     -0.03
1968-03-04      3.97                1.56      4.54
1968-03-05      4.95                2.25      5.84
1968-03-06      0.79                1.64       4.0
1968-03-07      1.26                0.74      4.27
1968-03-08      0.95                1.76      2.27
1968-03-09       0.0                2.34      1.43
1968-03-10       0.0                1.75      2.67
1968-03-11      0.01                0.91       5.4
1968-03-12       0.0                1.26      6.04
1968-03-13      0.12                 1.4      6.74
1968-03-14      0.04                1.99       3.9
1968-03-15      0.46                1.35      6.77
1968-03-16       0.0                 2.4      4.27
1968-03-17       0.0                1.85      2.67
1968-03-18      0.73                2.08       6.8
1968-03-19      0.37                 2.3      9.44
1968-03-20       0.0                1.23      9.23
1968-03-21      0.51                2.64       7.1
1968-03-22       0.0                2.61      6.47
1968-03-23       0.0                 2.5      5.53
1968-03-24       0.0                2.31      3.77
1968-03-25       0.0                2.49      4.13
1968-03-26       0.0                2.24       5.9
1968-03-27       0.0                2.45       4.3
1968-03-28      1.02                2.42      7.17
1968-03-29       9.2                 1.6      8.53
1968-03-30      2.68                2.85     10.73
1968-03-31       0.0                 2.6     12.64
1968-04-01       0.0                3.26     11.23
