1982-12-01      1.75                0.82      3.67
1982-12-02       3.4                0.37      0.93
1982-12-03       0.0                0.43      1.63
1982-12-04     11.76                0.43      3.23
1982-12-05       2.3                1.25     -2.67
1982-12-06       0.0                0.47     -6.56
1982-12-07       0.0                0.38     -3.86
1982-12-08       0.0                 0.4      -1.8
1982-12-09       0.0                0.39      -1.2
1982-12-10      4.02                0.36     -0.73
1982-12-11      6.26                0.68      -0.5
1982-12-12       0.0                0.31      -7.0
1982-12-13       0.0                0.31     -8.83
1982-12-14      0.62                0.34     -7.76
1982-12-15       0.0                 0.3     -5.06
1982-12-16      1.03                0.34      -0.8
1982-12-17       0.1                0.68     -7.17
1982-12-18       0.0                0.29     -9.13
1982-12-19       0.1                0.29     -6.16
1982-12-20       0.0                0.33     -0.26
1982-12-21       0.0                0.49      2.47
1982-12-22      3.62                0.66       3.1
1982-12-23      1.12                0.82      0.93
1982-12-24       0.1                0.76       0.3
1982-12-25       0.1                0.45     -4.23
1982-12-26      0.51                0.55      -2.2
1982-12-27      0.04                0.54     -2.43
1982-12-28       0.0                0.38      -2.5
1982-12-29      0.02                0.75      2.07
1982-12-30       0.0                0.54     -1.26
1982-12-31       0.0                0.45     -3.86
1983-01-01       0.0                0.61      -2.8
1983-01-02      0.14                0.57     -0.17
1983-01-03       0.0                0.41     -2.03
1983-01-04       0.0                0.34     -2.53
1983-01-05      0.02                0.47      2.03
1983-01-06       0.0                0.42       0.8
1983-01-07      0.34                0.66      0.23
1983-01-08       0.0                1.08      -5.9
1983-01-09       0.0                 0.6     -9.96
1983-01-10       0.0                0.67     -10.2
1983-01-11      0.02                0.31     -9.06
1983-01-12       0.0                0.55     -5.26
1983-01-13      0.01                 0.6     -5.36
1983-01-14       0.2                0.33     -6.03
1983-01-15       0.0                0.54     -3.73
1983-01-16       0.0                0.41      -3.2
1983-01-17      0.01                 0.5      0.77
1983-01-18      0.76                0.79      0.93
1983-01-19      0.01                0.86     -5.83
1983-01-20       0.0                0.57     -10.2
1983-01-21       0.0                0.52    -10.63
1983-01-22       0.0                0.48     -11.1
1983-01-23       0.0                0.64     -6.66
1983-01-24       0.0                0.71      0.07
1983-01-25       0.0                0.89      0.07
1983-01-26       0.0                0.67     -1.03
1983-01-27       0.0                0.64      -0.3
1983-01-28       0.0                0.87      1.47
1983-01-29      3.96                0.49       0.8
1983-01-30      4.15                0.73      -2.1
1983-01-31       0.0                0.65     -2.37
1983-02-01      1.14                0.67      -1.1
1983-02-02       2.1                0.96      0.13
1983-02-03       0.0                0.95     -0.27
1983-02-04       0.0                0.81     -2.03
1983-02-05      0.32                0.67      0.23
1983-02-06       1.3                0.88       1.0
1983-02-07      0.66                0.88     -2.86
1983-02-08       4.3                0.91     -5.03
1983-02-09      0.01                0.65      -8.5
1983-02-10       0.0                0.95     -7.76
1983-02-11      0.08                0.84     -8.83
1983-02-12       0.0                0.85    -10.83
1983-02-13       0.0                0.81     -9.86
1983-02-14      3.11                0.68     -5.96
1983-02-15      0.31                1.06      -1.5
1983-02-16       0.0                0.62     -3.26
1983-02-17      1.01                0.78     -1.63
1983-02-18      0.53                1.11     -8.13
1983-02-19      0.16                1.04     -8.86
1983-02-20       0.0                0.89     -9.16
1983-02-21       0.0                 0.9     -8.57
1983-02-22       0.0                1.03     -5.33
1983-02-23       0.0                0.86      -1.6
1983-02-24       0.0                1.36     -0.27
1983-02-25       0.0                1.27     -1.73
1983-02-26       0.0                1.39     -1.27
1983-02-27       0.0                1.48       0.5
1983-02-28      1.64                1.51      2.03
1983-03-01     11.64                0.99      2.07
1983-03-02     21.86                 0.6      1.13
1983-03-03      0.15                0.99       1.8
1983-03-04      0.16                1.02     -0.03
1983-03-05       0.0                1.63      -0.2
1983-03-06       0.0                1.69      0.94
1983-03-07      0.66                1.34     -2.83
1983-03-08       0.0                1.58      -2.9
1983-03-09       0.0                1.73       2.5
1983-03-10       0.0                1.72       4.2
1983-03-11       0.0                1.92       4.6
1983-03-12      0.31                 1.9      2.43
1983-03-13      1.77                0.91     -2.33
1983-03-14       0.0                1.68     -2.33
1983-03-15       0.0                1.81      2.37
1983-03-16      4.38                2.08      3.57
1983-03-17      4.42                1.11       0.9
1983-03-18       0.0                2.17       1.6
1983-03-19       0.0                2.11      4.87
1983-03-20      0.02                 1.1      4.87
1983-03-21       0.0                2.44      9.13
1983-03-22      0.46                2.68       9.2
1983-03-23     14.33                1.35      5.03
1983-03-24      1.03                 2.8      4.17
1983-03-25       0.0                2.49       4.4
1983-03-26       0.0                1.98      6.03
1983-03-27      0.08                2.26       7.2
1983-03-28       0.0                 2.8       7.9
1983-03-29       0.0                3.35      6.57
1983-03-30       0.0                3.96      6.03
1983-03-31       0.0                3.16       5.3
1983-04-01       0.0                3.27      6.57
1983-04-02      0.02                 2.9      4.73
1983-04-03      6.49                1.31      1.43
1983-04-04      2.16                2.43       4.6
1983-04-05       0.0                3.42      9.93
1983-04-06       0.0                 4.1      13.1
1983-04-07       0.0                3.32     14.27
1983-04-08       0.0                3.33      12.6
1983-04-09      0.15                2.77     13.33
1983-04-10       0.0                3.83     14.66
1983-04-11      1.86                3.09       9.7
1983-04-12       0.0                3.79      12.7
1983-04-13      1.39                3.95     13.47
1983-04-14     26.68                1.51     10.83
1983-04-15      1.02                2.82      10.5
1983-04-16       0.0                3.13       8.0
1983-04-17       0.0                3.63     10.83
1983-04-18      0.69                 3.2     12.83
1983-04-19      2.13                3.49      15.7
1983-04-20       0.0                4.25     13.37
1983-04-21      1.81                 2.7     11.07
1983-04-22      1.48                3.57     11.73
1983-04-23       0.0                3.92     11.57
1983-04-24       0.0                4.19      17.7
1983-04-25       0.0                3.91     16.83
1983-04-26     16.45                3.25     18.87
1983-04-27      8.72                4.38      18.8
1983-04-28     30.75                1.75     15.33
1983-04-29       6.8                3.78     10.63
1983-04-30       0.0                4.58     10.47
1983-05-01       0.0                3.15     11.14
1983-05-02       0.0                4.08     12.54
1983-05-03       0.0                4.23     15.53
1983-05-04       0.0                4.38      16.7
1983-05-05      1.55                5.36     14.27
1983-05-06     25.09                1.88      8.33
1983-05-07      1.98                 2.9     10.03
1983-05-08       0.0                3.19     12.07
1983-05-09       0.0                3.94     13.63
1983-05-10       0.0                4.81     19.07
1983-05-11       0.0                4.81      19.8
1983-05-12       0.0                4.13     19.27
1983-05-13      2.63                4.15     17.97
1983-05-14       0.0                4.23     15.87
1983-05-15       0.0                3.13     16.83
1983-05-16      0.03                4.35     15.83
1983-05-17       0.0                4.36     11.87
1983-05-18       0.0                3.78      13.1
1983-05-19      0.39                1.96      16.6
1983-05-20      1.09                4.58      19.0
1983-05-21      0.57                4.29      20.1
1983-05-22       0.0                3.37      18.5
1983-05-23       0.0                2.23     17.43
1983-05-24       0.0                5.46     17.73
1983-05-25      0.02                5.32      15.0
1983-05-26      0.11                4.34     16.07
1983-05-27      1.32                1.95     15.93
1983-05-28       0.0                4.44      19.8
1983-05-29       0.0                4.73     22.43
1983-05-30       0.0                4.69     22.27
1983-05-31       0.0                5.41     21.23
1983-06-01       0.0                5.43      20.7
1983-06-02       0.0                5.43     20.37
1983-06-03       0.0                5.46      18.4
1983-06-04       0.2                 5.6      18.1
1983-06-05      0.03                4.49      18.6
1983-06-06       0.0                6.09     18.63
1983-06-07       0.0                5.36     17.64
1983-06-08       0.0                4.95     18.83
1983-06-09       0.0                5.45     19.93
1983-06-10      0.08                5.92      18.0
1983-06-11      0.13                5.07     18.63
1983-06-12     13.54                2.14      15.6
1983-06-13       0.5                 4.8     18.87
1983-06-14       0.0                4.96     21.27
1983-06-15       0.0                 4.9     22.13
1983-06-16       0.0                 5.2     20.83
1983-06-17       0.0                5.64      21.0
1983-06-18       0.0                5.48      22.0
1983-06-19      1.69                4.67     20.33
1983-06-20     18.57                2.66     18.63
1983-06-21      0.03                 5.7     20.93
1983-06-22       0.0                5.45     22.63
1983-06-23      5.07                4.27      22.2
1983-06-24      0.91                4.87      22.2
1983-06-25      1.59                4.05     20.17
1983-06-26      0.02                4.65     21.73
1983-06-27      0.69                3.38     21.33
1983-06-28      9.95                4.34     21.67
1983-06-29      4.51                2.33      20.8
1983-06-30      1.52                3.78     20.53
1983-07-01      1.92                 4.0     22.97
