1979-04-01       0.0                2.04       6.8
1979-04-02      5.93                1.19      4.57
1979-04-03      1.21                1.67       3.2
1979-04-04       0.0                2.45      4.77
1979-04-05       0.0                2.76      7.13
1979-04-06       0.0                 2.9       8.8
1979-04-07     24.16                1.65       9.9
1979-04-08     19.23                1.32     10.03
1979-04-09       0.0                3.47      8.17
1979-04-10       0.0                3.92      9.04
1979-04-11       0.0                3.41      11.7
1979-04-12       0.0                3.59     10.97
1979-04-13     10.03                 1.8       7.1
1979-04-14      0.05                 3.6      6.63
1979-04-15      0.64                3.28       7.7
1979-04-16       3.5                3.15      6.93
1979-04-17       0.0                2.98      6.27
1979-04-18       0.0                3.23      7.33
1979-04-19       0.0                3.75      10.9
1979-04-20       0.0                3.99     11.63
1979-04-21       0.0                 3.9      11.2
1979-04-22       0.0                3.23      12.4
1979-04-23      9.46                2.16      17.7
1979-04-24     19.78                2.25      12.0
1979-04-25       0.0                3.23     14.07
1979-04-26     11.61                1.81      9.63
1979-04-27     11.54                 3.4       8.9
1979-04-28      3.19                1.85     10.57
1979-04-29      6.68                3.16     12.77
1979-04-30      0.61                3.32     12.57
1979-05-01      0.58                3.69      11.3
1979-05-02       0.0                3.73     11.27
1979-05-03       0.0                4.03      12.5
1979-05-04       0.0                4.19     14.83
1979-05-05       0.0                 4.4     15.27
1979-05-06     12.92                1.92     15.97
1979-05-07     25.33                1.82     12.27
1979-05-08      0.04                4.66     14.97
1979-05-09       0.0                3.85     15.47
1979-05-10       0.0                4.57      15.9
1979-05-11       0.0                4.47      12.9
1979-05-12       0.0                 4.1     12.93
1979-05-13       0.0                1.74     12.43
1979-05-14      0.25                4.19     13.57
1979-05-15      3.04                2.05     10.73
1979-05-16     22.43                 2.2      9.43
1979-05-17      0.22                2.06     10.23
1979-05-18      0.36                2.13     11.07
1979-05-19      0.72                3.58     14.53
1979-05-20       0.0                 4.2     17.34
1979-05-21       0.0                 5.1     17.87
1979-05-22       0.0                4.83     18.77
1979-05-23       0.0                4.34     18.77
1979-05-24      5.28                2.57     14.87
1979-05-25     14.02                1.62     11.93
1979-05-26     12.54                2.59     12.87
1979-05-27       0.0                4.21     17.13
1979-05-28       0.0                4.52     20.77
1979-05-29       0.0                4.52     22.33
1979-05-30       0.0                5.34     18.83
1979-05-31       0.0                4.72      19.1
1979-06-01       0.0                5.06      20.1
1979-06-02      0.18                4.27     18.93
1979-06-03      0.44                3.08      20.0
1979-06-04       0.0                4.14     20.37
1979-06-05      0.12                 2.6     19.93
1979-06-06      9.73                2.06     19.17
1979-06-07     15.72                2.95     19.63
1979-06-08      4.57                3.92     19.83
1979-06-09      0.85                3.82     19.27
1979-06-10      6.89                2.01     14.93
1979-06-11       0.0                3.54     17.47
1979-06-12       0.0                4.15     19.33
1979-06-13      0.06                4.45     19.87
1979-06-14       0.0                4.85      20.0
1979-06-15       0.0                4.66     20.47
1979-06-16       0.0                5.08     21.67
1979-06-17       0.0                4.55      22.7
1979-06-18      0.04                3.66     22.53
1979-06-19     13.52                 4.6      22.5
1979-06-20      78.0                2.11      18.3
1979-06-21       4.8                2.17     19.33
1979-06-22      9.99                3.68     21.47
1979-06-23       0.0                5.03     23.47
1979-06-24     28.57                2.19     22.57
1979-06-25     56.54                2.54     23.07
1979-06-26     32.09                2.71     21.87
1979-06-27      64.5                4.77      22.8
1979-06-28      0.03                4.54     23.17
1979-06-29       2.1                4.17     21.97
1979-06-30      4.12                 4.3     23.53
1979-07-01      4.58                4.16     24.23
1979-07-02      0.61                4.98     22.93
1979-07-03      4.69                4.04     21.33
1979-07-04      9.43                4.54     21.77
1979-07-05       0.0                3.84      22.2
1979-07-06       0.0                4.26     23.17
1979-07-07       0.0                4.86     24.54
1979-07-08      0.35                4.77     24.57
1979-07-09      4.56                5.04      24.1
1979-07-10     26.25                2.26     20.77
1979-07-11      3.43                2.51     21.07
1979-07-12      0.29                4.75      23.8
1979-07-13     29.74                2.15     20.17
1979-07-14      1.01                2.41      21.1
1979-07-15      1.02                3.65     22.43
1979-07-16      0.66                3.66      21.6
1979-07-17      0.09                4.78     19.83
1979-07-18       0.0                5.57     18.97
1979-07-19       0.0                5.16     20.03
1979-07-20       0.0                4.39     22.47
1979-07-21       0.0                4.38      24.0
1979-07-22     37.86                2.23     22.43
1979-07-23      3.83                 2.4     23.23
1979-07-24       0.0                 4.9      25.1
1979-07-25     19.58                3.39      23.3
1979-07-26      5.36                3.72     25.53
1979-07-27      8.92                3.74     26.47
1979-07-28      5.66                2.87      24.7
1979-07-29      0.06                3.47     25.54
1979-07-30       0.0                4.67     26.44
1979-07-31      2.98                4.35     27.33
1979-08-01     29.71                2.97      25.6
1979-08-02     53.48                2.29     23.57
1979-08-03     13.64                2.16     23.83
1979-08-04     40.78                2.15     23.77
1979-08-05      5.26                4.36     25.13
1979-08-06     22.27                3.36     23.03
1979-08-07      0.79                5.33     22.63
1979-08-08       0.0                 5.0     23.63
1979-08-09       0.0                4.24     25.17
1979-08-10       0.0                3.51      25.6
1979-08-11       0.0                4.48      26.3
1979-08-12       0.0                4.26     27.07
1979-08-13       0.0                5.39      26.8
1979-08-14      4.76                 3.9      26.6
1979-08-15       0.0                4.44      26.9
1979-08-16      0.97                2.23      24.7
1979-08-17     38.88                2.04     23.67
1979-08-18      4.66                4.05      23.7
1979-08-19       0.0                 4.4      22.9
1979-08-20       0.0                3.58     21.93
1979-08-21       0.0                4.65     22.23
1979-08-22      2.44                4.88     23.63
1979-08-23      6.38                2.83     23.47
1979-08-24     48.12                2.32     22.53
1979-08-25      0.54                4.55     24.97
1979-08-26      0.11                 3.3     25.67
1979-08-27       0.0                4.17     20.77
1979-08-28       0.0                3.89      18.2
1979-08-29       0.0                3.65     20.43
1979-08-30      0.07                3.96     19.97
1979-08-31      0.15                4.07     19.83
1979-09-01      2.29                2.02     18.73
1979-09-02       0.0                3.23      19.7
1979-09-03       0.0                 2.3      17.7
1979-09-04       0.0                3.18     19.07
1979-09-05      0.07                3.01     20.73
1979-09-06      1.04                2.71     19.73
1979-09-07       0.0                3.45      20.0
1979-09-08       0.0                3.36     18.93
1979-09-09       0.0                3.74      18.6
1979-09-10       0.0                3.18      17.5
1979-09-11       0.0                 3.3      18.7
1979-09-12       0.0                2.96      19.1
1979-09-13      6.82                1.93     19.53
1979-09-14      8.07                 2.8     20.07
1979-09-15       0.0                3.28      18.9
1979-09-16      0.87                1.67      17.1
1979-09-17      3.64                1.39      14.8
1979-09-18      0.21                3.03     19.23
1979-09-19       0.0                3.23     19.53
1979-09-20       0.0                2.83     19.77
1979-09-21      0.95                2.41     19.53
1979-09-22      7.89                2.08     18.57
1979-09-23      1.51                2.27      16.5
1979-09-24     10.94                1.34      15.0
1979-09-25      2.47                1.87      15.6
1979-09-26       0.0                2.53     14.33
1979-09-27       0.0                2.97      12.7
1979-09-28       0.0                3.05     13.93
1979-09-29       0.0                2.43     14.93
1979-09-30      0.01                 3.3     15.57
1979-10-01      0.33                2.59      15.2
1979-10-02      1.06                 2.5      15.9
1979-10-03      2.72                2.57     17.07
1979-10-04      0.11                2.91     16.23
1979-10-05       0.0                2.51      10.1
1979-10-06       0.0                 1.9     11.47
1979-10-07       0.0                 2.1     13.47
1979-10-08       0.0                2.15     14.54
1979-10-09       0.0                1.91      15.2
1979-10-10       0.0                2.05      15.9
1979-10-11      7.28                1.51     11.43
1979-10-12       0.0                2.32      11.9
1979-10-13       0.0                1.75     12.73
1979-10-14       0.0                1.92     14.03
1979-10-15       0.0                1.82      15.0
1979-10-16       0.0                2.18     15.37
1979-10-17       0.0                2.04      15.7
1979-10-18      0.61                2.23     14.83
1979-10-19      0.79                2.66      14.1
1979-10-20      6.13                2.48     13.37
1979-10-21       0.0                2.18       6.4
1979-10-22       0.0                1.58      6.57
1979-10-23       0.0                1.41      10.3
1979-10-24       0.0                 1.1     13.27
1979-10-25      1.92                2.02     14.53
1979-10-26       0.0                1.88     12.24
1979-10-27       0.0                 1.9     14.04
1979-10-28       0.0                1.43     12.17
1979-10-29       0.0                1.31     12.23
1979-10-30      1.57                1.67     12.43
1979-10-31       0.0                 1.0      8.83
1979-11-01       0.0                1.93     12.97
