1990-05-01      6.93                3.11     10.87
1990-05-02      4.36                2.18      8.37
1990-05-03      7.53                1.58      8.83
1990-05-04      2.26                1.59       9.7
1990-05-05      0.49                3.65     12.97
1990-05-06       0.3                3.26     13.83
1990-05-07      6.16                3.19     14.77
1990-05-08      0.05                2.74     16.27
1990-05-09       1.9                 4.2      19.2
1990-05-10      21.1                2.94     19.47
1990-05-11      5.93                2.64      18.3
1990-05-12      2.17                4.47      19.3
1990-05-13     21.64                1.98      15.8
1990-05-14      6.55                3.47     15.23
1990-05-15      0.12                4.12      16.3
1990-05-16       0.0                4.31      14.8
1990-05-17      2.82                2.76     16.47
1990-05-18      6.33                1.95     14.27
1990-05-19      3.23                2.95     16.03
1990-05-20      3.27                5.01      15.2
1990-05-21      0.08                2.99     13.07
1990-05-22       0.0                3.12     13.67
1990-05-23      6.17                 3.8     14.87
1990-05-24      1.66                3.76     12.97
1990-05-25      1.24                3.48      15.0
1990-05-26       0.0                4.08     16.53
1990-05-27       0.0                4.78      17.6
1990-05-28       0.0                3.67      16.8
1990-05-29      0.01                2.95     19.53
1990-05-30      3.68                2.25      18.7
1990-05-31     12.54                2.06     16.87
1990-06-01       3.0                1.87     14.84
1990-06-02      0.03                4.04     19.07
1990-06-03       0.0                3.92     19.67
1990-06-04       0.0                4.54     19.53
1990-06-05       0.0                4.52      18.8
1990-06-06       0.0                4.37     19.97
1990-06-07       0.0                4.47      21.8
1990-06-08     23.62                 2.1     18.17
1990-06-09      4.83                2.25     17.23
1990-06-10      0.03                 4.5     20.43
1990-06-11       0.1                4.03     20.07
1990-06-12      0.96                3.84      20.2
1990-06-13       0.0                4.52      21.6
1990-06-14      0.25                2.77     20.73
1990-06-15     15.06                2.18     18.47
1990-06-16      0.83                4.91      20.1
1990-06-17       0.0                4.98     21.83
1990-06-18      22.9                2.18     19.27
1990-06-19     46.29                 2.1     20.77
1990-06-20     19.79                 2.3     20.13
1990-06-21     64.86                2.11     20.03
1990-06-22      1.17                2.21      20.0
1990-06-23      6.51                2.55     22.37
1990-06-24     44.17                2.12     21.37
1990-06-25     41.44                2.16     20.77
1990-06-26      9.41                2.05      18.5
1990-06-27      0.52                2.33     17.73
1990-06-28      1.64                3.24      18.6
1990-06-29      7.36                2.65     17.27
1990-06-30      0.24                4.11     17.03
1990-07-01      0.97                4.71     17.03
1990-07-02      5.75                2.29     16.87
1990-07-03      5.65                2.25     19.57
1990-07-04      1.74                2.53      20.1
1990-07-05      0.04                4.28     23.13
1990-07-06      0.08                3.64     24.23
1990-07-07     34.54                2.44     22.17
1990-07-08      6.55                4.22     24.63
1990-07-09      0.03                5.19     25.93
1990-07-10      5.58                4.75     26.07
1990-07-11     34.54                2.33     24.23
1990-07-12     18.42                4.32     23.77
1990-07-13      1.43                3.33      22.5
1990-07-14      10.4                2.15     19.37
1990-07-15      4.68                2.17      20.9
1990-07-16      8.69                2.77     23.63
1990-07-17     56.59                 2.4     23.07
1990-07-18     67.22                 2.4     23.23
1990-07-19      0.93                4.41      24.0
1990-07-20     13.84                2.31     22.53
1990-07-21     39.58                2.47     24.33
1990-07-22      5.81                2.98     24.77
1990-07-23       5.8                2.29     23.63
1990-07-24     46.03                2.22      23.3
1990-07-25     14.66                2.43      23.6
1990-07-26     11.44                2.21     21.53
1990-07-27      2.38                2.98      23.3
1990-07-28       0.0                 4.2     26.47
1990-07-29       0.0                4.79      27.1
1990-07-30       0.0                4.43      27.5
1990-07-31       0.0                5.26     27.63
1990-08-01       0.0                4.88     27.67
1990-08-02       0.0                4.79     27.97
1990-08-03      0.62                4.58     28.33
1990-08-04      3.25                4.44      28.1
1990-08-05       0.0                4.13     27.23
1990-08-06       0.0                4.68     27.87
1990-08-07       0.5                5.34     28.03
1990-08-08       1.9                4.55      27.5
1990-08-09      9.13                4.55      26.0
1990-08-10      6.23                 3.7     25.67
1990-08-11      0.22                5.04     25.43
1990-08-12      0.65                 4.6     25.53
1990-08-13      1.55                4.15      26.7
1990-08-14      16.2                2.41      23.9
1990-08-15      0.46                4.86     26.23
1990-08-16      12.4                2.02     22.67
1990-08-17     13.25                4.35     22.77
1990-08-18      0.69                4.28     22.27
1990-08-19      6.77                1.93     22.13
1990-08-20     21.98                1.96      24.4
1990-08-21     54.74                1.85      22.3
1990-08-22      3.87                3.17     25.97
1990-08-23       0.7                5.17     24.77
1990-08-24      0.23                3.99     24.03
1990-08-25      0.09                3.64      24.2
1990-08-26      0.03                3.82     24.67
1990-08-27       0.0                4.01     24.47
1990-08-28       0.0                4.07     24.53
1990-08-29       0.0                 4.0     24.73
1990-08-30      0.36                3.65     25.17
1990-08-31      55.9                 1.7      21.1
1990-09-01     99.24                1.52     18.93
1990-09-02     35.09                2.93      24.3
1990-09-03      14.6                2.44     19.43
1990-09-04      0.04                3.75      20.4
1990-09-05       0.0                3.11      21.6
1990-09-06       0.6                 1.8      21.5
1990-09-07       0.0                4.11      22.3
1990-09-08      3.55                3.19      24.2
1990-09-09     13.08                 1.9     23.33
1990-09-10    139.17                1.44      17.8
1990-09-11    220.72                1.31     16.07
1990-09-12      11.9                3.07     18.43
1990-09-13       0.0                3.92     18.27
1990-09-14       0.0                2.04     17.37
1990-09-15       0.0                3.27     19.97
1990-09-16       0.0                2.77     18.97
1990-09-17       0.0                2.02     19.13
1990-09-18       0.0                 3.1     14.67
1990-09-19       0.0                3.25     14.67
1990-09-20       0.0                2.79     16.83
1990-09-21       0.0                2.62     18.63
1990-09-22       0.0                2.65      19.2
1990-09-23      8.06                1.78      17.7
1990-09-24       3.0                2.21     17.13
1990-09-25      0.63                3.31     16.73
1990-09-26       0.0                 3.4     16.77
1990-09-27       0.0                2.23     16.37
1990-09-28       0.0                2.44     18.73
1990-09-29       0.0                2.65      18.0
1990-09-30       0.0                2.28     16.67
1990-10-01       0.0                 2.2     15.53
1990-10-02       0.0                2.31      14.4
1990-10-03      0.07                1.88     14.13
1990-10-04      0.52                2.54      17.0
1990-10-05       0.0                2.14      17.0
1990-10-06       0.0                2.17      16.5
1990-10-07      0.15                2.84     15.83
1990-10-08      1.82                2.16     11.93
1990-10-09      2.79                2.04      8.23
1990-10-10      0.59                1.91     10.47
1990-10-11       0.0                1.51      11.3
1990-10-12       0.2                1.82      13.5
1990-10-13      3.18                1.18     12.23
1990-10-14      0.08                2.15     16.23
1990-10-15       0.0                1.42     14.47
1990-10-16      1.39                2.06      15.8
1990-10-17       0.0                1.91       9.6
1990-10-18       0.0                1.68      8.53
1990-10-19       0.0                1.67      11.6
1990-10-20       0.0                1.55     12.67
1990-10-21       0.0                1.97      13.3
1990-10-22       0.0                2.31     13.13
1990-10-23       0.0                1.95     12.53
1990-10-24       0.0                1.47     11.57
1990-10-25      2.19                1.13      10.8
1990-10-26       3.4                1.47       8.4
1990-10-27       0.0                1.34       9.3
1990-10-28       0.0                1.38      9.67
1990-10-29       0.0                1.41     11.53
1990-10-30      0.35                1.34     12.93
1990-10-31       0.0                1.23     11.87
1990-11-01       0.0                1.27     10.84
1990-11-02       0.0                 1.4     11.17
1990-11-03      0.07                1.39     14.07
1990-11-04      0.55                1.62     10.83
1990-11-05       0.0                0.78      8.84
1990-11-06     19.08                 0.6      8.07
1990-11-07      0.25                1.29       8.3
1990-11-08      1.97                0.77      5.93
1990-11-09      3.65                0.62      4.17
1990-11-10      0.13                2.02      -1.9
1990-11-11       0.0                0.57      0.87
1990-11-12      0.04                 1.1      10.7
1990-11-13      0.03                0.97      11.1
1990-11-14      0.26                0.89     11.47
1990-11-15      1.25                 1.2      9.47
1990-11-16       0.0                1.18     10.83
1990-11-17      0.42                0.79     10.44
1990-11-18      1.21                0.78      13.0
1990-11-19     10.38                0.75     11.53
1990-11-20      0.74                1.46       6.6
1990-11-21      1.44                1.25     -1.47
1990-11-22      0.01                0.53       2.8
1990-11-23       0.0                0.64       4.8
1990-11-24      0.01                0.59      4.64
1990-11-25      1.54                0.59       6.3
1990-11-26       0.0                0.61      7.07
1990-11-27      0.51                0.75       7.5
1990-11-28      0.41                0.65      7.44
1990-11-29      0.49                 1.3      8.47
1990-11-30      0.69                1.11      6.73
1990-12-01      0.67                0.82       1.4
