1983-02-01      1.14                0.67      -1.1
1983-02-02       2.1                0.96      0.13
1983-02-03       0.0                0.95     -0.27
1983-02-04       0.0                0.81     -2.03
1983-02-05      0.32                0.67      0.23
1983-02-06       1.3                0.88       1.0
1983-02-07      0.66                0.88     -2.86
1983-02-08       4.3                0.91     -5.03
1983-02-09      0.01                0.65      -8.5
1983-02-10       0.0                0.95     -7.76
1983-02-11      0.08                0.84     -8.83
1983-02-12       0.0                0.85    -10.83
1983-02-13       0.0                0.81     -9.86
1983-02-14      3.11                0.68     -5.96
1983-02-15      0.31                1.06      -1.5
1983-02-16       0.0                0.62     -3.26
1983-02-17      1.01                0.78     -1.63
1983-02-18      0.53                1.11     -8.13
1983-02-19      0.16                1.04     -8.86
1983-02-20       0.0                0.89     -9.16
1983-02-21       0.0                 0.9     -8.57
1983-02-22       0.0                1.03     -5.33
1983-02-23       0.0                0.86      -1.6
1983-02-24       0.0                1.36     -0.27
1983-02-25       0.0                1.27     -1.73
1983-02-26       0.0                1.39     -1.27
1983-02-27       0.0                1.48       0.5
1983-02-28      1.64                1.51      2.03
1983-03-01     11.64                0.99      2.07
1983-03-02     21.86                 0.6      1.13
1983-03-03      0.15                0.99       1.8
1983-03-04      0.16                1.02     -0.03
1983-03-05       0.0                1.63      -0.2
1983-03-06       0.0                1.69      0.94
1983-03-07      0.66                1.34     -2.83
1983-03-08       0.0                1.58      -2.9
1983-03-09       0.0                1.73       2.5
1983-03-10       0.0                1.72       4.2
1983-03-11       0.0                1.92       4.6
1983-03-12      0.31                 1.9      2.43
1983-03-13      1.77                0.91     -2.33
1983-03-14       0.0                1.68     -2.33
1983-03-15       0.0                1.81      2.37
1983-03-16      4.38                2.08      3.57
1983-03-17      4.42                1.11       0.9
1983-03-18       0.0                2.17       1.6
1983-03-19       0.0                2.11      4.87
1983-03-20      0.02                 1.1      4.87
1983-03-21       0.0                2.44      9.13
1983-03-22      0.46                2.68       9.2
1983-03-23     14.33                1.35      5.03
1983-03-24      1.03                 2.8      4.17
1983-03-25       0.0                2.49       4.4
1983-03-26       0.0                1.98      6.03
1983-03-27      0.08                2.26       7.2
1983-03-28       0.0                 2.8       7.9
1983-03-29       0.0                3.35      6.57
1983-03-30       0.0                3.96      6.03
1983-03-31       0.0                3.16       5.3
1983-04-01       0.0                3.27      6.57
1983-04-02      0.02                 2.9      4.73
1983-04-03      6.49                1.31      1.43
1983-04-04      2.16                2.43       4.6
1983-04-05       0.0                3.42      9.93
1983-04-06       0.0                 4.1      13.1
1983-04-07       0.0                3.32     14.27
1983-04-08       0.0                3.33      12.6
1983-04-09      0.15                2.77     13.33
1983-04-10       0.0                3.83     14.66
1983-04-11      1.86                3.09       9.7
1983-04-12       0.0                3.79      12.7
1983-04-13      1.39                3.95     13.47
1983-04-14     26.68                1.51     10.83
1983-04-15      1.02                2.82      10.5
1983-04-16       0.0                3.13       8.0
1983-04-17       0.0                3.63     10.83
1983-04-18      0.69                 3.2     12.83
1983-04-19      2.13                3.49      15.7
1983-04-20       0.0                4.25     13.37
1983-04-21      1.81                 2.7     11.07
1983-04-22      1.48                3.57     11.73
1983-04-23       0.0                3.92     11.57
1983-04-24       0.0                4.19      17.7
1983-04-25       0.0                3.91     16.83
1983-04-26     16.45                3.25     18.87
1983-04-27      8.72                4.38      18.8
1983-04-28     30.75                1.75     15.33
1983-04-29       6.8                3.78     10.63
1983-04-30       0.0                4.58     10.47
1983-05-01       0.0                3.15     11.14
1983-05-02       0.0                4.08     12.54
1983-05-03       0.0                4.23     15.53
1983-05-04       0.0                4.38      16.7
1983-05-05      1.55                5.36     14.27
1983-05-06     25.09                1.88      8.33
1983-05-07      1.98                 2.9     10.03
1983-05-08       0.0                3.19     12.07
1983-05-09       0.0                3.94     13.63
1983-05-10       0.0                4.81     19.07
1983-05-11       0.0                4.81      19.8
1983-05-12       0.0                4.13     19.27
1983-05-13      2.63                4.15     17.97
1983-05-14       0.0                4.23     15.87
1983-05-15       0.0                3.13     16.83
1983-05-16      0.03                4.35     15.83
1983-05-17       0.0                4.36     11.87
1983-05-18       0.0                3.78      13.1
1983-05-19      0.39                1.96      16.6
1983-05-20      1.09                4.58      19.0
1983-05-21      0.57                4.29      20.1
1983-05-22       0.0                3.37      18.5
1983-05-23       0.0                2.23     17.43
1983-05-24       0.0                5.46     17.73
1983-05-25      0.02                5.32      15.0
1983-05-26      0.11                4.34     16.07
1983-05-27      1.32                1.95     15.93
1983-05-28       0.0                4.44      19.8
1983-05-29       0.0                4.73     22.43
1983-05-30       0.0                4.69     22.27
1983-05-31       0.0                5.41     21.23
1983-06-01       0.0                5.43      20.7
1983-06-02       0.0                5.43     20.37
1983-06-03       0.0                5.46      18.4
1983-06-04       0.2                 5.6      18.1
1983-06-05      0.03                4.49      18.6
1983-06-06       0.0                6.09     18.63
1983-06-07       0.0                5.36     17.64
1983-06-08       0.0                4.95     18.83
1983-06-09       0.0                5.45     19.93
1983-06-10      0.08                5.92      18.0
1983-06-11      0.13                5.07     18.63
1983-06-12     13.54                2.14      15.6
1983-06-13       0.5                 4.8     18.87
1983-06-14       0.0                4.96     21.27
1983-06-15       0.0                 4.9     22.13
1983-06-16       0.0                 5.2     20.83
1983-06-17       0.0                5.64      21.0
1983-06-18       0.0                5.48      22.0
1983-06-19      1.69                4.67     20.33
1983-06-20     18.57                2.66     18.63
1983-06-21      0.03                 5.7     20.93
1983-06-22       0.0                5.45     22.63
1983-06-23      5.07                4.27      22.2
1983-06-24      0.91                4.87      22.2
1983-06-25      1.59                4.05     20.17
1983-06-26      0.02                4.65     21.73
1983-06-27      0.69                3.38     21.33
1983-06-28      9.95                4.34     21.67
1983-06-29      4.51                2.33      20.8
1983-06-30      1.52                3.78     20.53
1983-07-01      1.92                 4.0     22.97
1983-07-02     49.89                2.31     18.77
1983-07-03     49.61                2.14     19.23
1983-07-04      1.95                4.96     21.87
1983-07-05      8.73                2.14     19.43
1983-07-06       0.3                2.64      17.1
1983-07-07      0.09                5.44     17.67
1983-07-08      1.36                 3.0     17.17
1983-07-09      4.19                3.25     19.73
1983-07-10      1.31                3.85     21.13
1983-07-11      0.62                4.57     20.57
1983-07-12      0.15                4.08     20.37
1983-07-13      2.27                4.93     23.77
1983-07-14     31.75                2.09     19.53
1983-07-15      0.15                3.22      22.2
1983-07-16      7.41                2.65     21.57
1983-07-17      0.14                3.81     22.23
1983-07-18       0.0                2.63     22.47
1983-07-19     22.78                2.15      21.9
1983-07-20      9.64                2.21      20.7
1983-07-21       0.0                 4.6      23.5
1983-07-22       0.0                3.87     23.23
1983-07-23      0.29                3.62      24.5
1983-07-24     55.34                2.23     23.43
1983-07-25      46.3                2.32     24.23
1983-07-26      6.12                 2.9     26.53
1983-07-27      0.55                2.27     26.24
1983-07-28       1.4                3.01      26.5
1983-07-29     20.67                2.39     25.93
1983-07-30     20.34                2.34     25.63
1983-07-31      7.75                2.53     26.87
1983-08-01     26.25                3.01     25.07
1983-08-02      0.28                3.92      27.3
1983-08-03      0.07                5.42     28.73
1983-08-04       0.0                4.74     27.83
1983-08-05       0.0                4.39     28.27
1983-08-06       0.0                4.29     27.93
1983-08-07       0.0                4.72      27.5
1983-08-08      4.01                2.98     26.83
1983-08-09     15.27                2.15     24.77
1983-08-10     11.57                 3.1     25.43
1983-08-11      0.46                4.67      26.0
1983-08-12       0.0                4.55     26.27
1983-08-13       0.0                4.56     24.83
1983-08-14       0.0                5.39     24.67
1983-08-15      0.01                5.73     23.73
1983-08-16      1.61                4.13      23.4
1983-08-17      0.63                 4.4     23.87
1983-08-18       0.0                5.19     22.73
1983-08-19       0.0                4.81     20.33
1983-08-20      0.23                 2.0      19.1
1983-08-21      2.08                 3.1      19.0
1983-08-22      0.07                3.51     19.77
1983-08-23     16.06                1.81     18.27
1983-08-24     24.76                1.89      18.4
1983-08-25      1.21                2.76      20.5
1983-08-26      6.57                2.94     20.23
1983-08-27     12.47                4.03     23.37
1983-08-28     10.69                2.03     24.53
1983-08-29       8.3                3.76      25.0
1983-08-30      2.13                3.46     25.13
1983-08-31       0.0                 4.2     25.83
1983-09-01       0.7                3.82     25.37
