1975-04-01      1.99                2.27      2.63
1975-04-02      0.01                1.95      4.73
1975-04-03       0.0                3.08      6.27
1975-04-04      3.42                3.06      7.47
1975-04-05     10.25                1.27      7.97
1975-04-06      1.54                3.49      11.0
1975-04-07      0.07                1.52      8.54
1975-04-08      8.93                2.79      9.67
1975-04-09       0.0                3.26      9.17
1975-04-10       0.0                2.23      8.77
1975-04-11       0.0                3.46      9.33
1975-04-12       0.0                3.45     11.53
1975-04-13       0.0                4.13     13.13
1975-04-14       0.0                3.63     12.83
1975-04-15       0.0                 3.8     13.77
1975-04-16       0.0                3.69     14.63
1975-04-17       0.0                4.88     12.23
1975-04-18       0.0                4.53     12.17
1975-04-19      0.61                3.84     12.73
1975-04-20      5.67                2.42     12.93
1975-04-21      2.85                 3.3       9.9
1975-04-22       0.0                3.15      11.9
1975-04-23       0.0                3.19     12.43
1975-04-24       0.0                4.19     14.13
1975-04-25      5.64                4.19     15.33
1975-04-26     30.66                 1.8      12.6
1975-04-27      0.45                3.44     12.73
1975-04-28       1.4                 1.7     13.63
1975-04-29       0.0                4.38      15.1
1975-04-30       0.0                4.93      17.0
1975-05-01      0.82                5.28     17.17
1975-05-02      7.01                2.24     11.53
1975-05-03      6.66                 1.5     10.43
1975-05-04      5.33                2.03     12.23
1975-05-05      5.53                1.89      9.43
1975-05-06      0.12                3.65     12.77
1975-05-07      0.48                2.99      13.3
1975-05-08       1.2                2.11     13.77
1975-05-09      2.45                5.11     15.23
1975-05-10       0.0                5.97     15.63
1975-05-11      2.81                5.02      15.6
1975-05-12      1.14                5.06      15.7
1975-05-13     12.99                 1.9      15.2
1975-05-14      0.01                4.14     16.13
1975-05-15       0.0                2.45     15.17
1975-05-16      1.22                5.02      15.2
1975-05-17       0.2                4.88      14.7
1975-05-18      1.13                1.91     13.93
1975-05-19      8.01                2.29      12.6
1975-05-20      0.01                4.31     12.57
1975-05-21       0.0                4.63     16.03
1975-05-22      0.42                4.49     17.27
1975-05-23       0.0                4.86     18.57
1975-05-24      0.25                5.13     18.27
1975-05-25      0.62                3.99     16.87
1975-05-26       0.0                4.96     15.77
1975-05-27      0.19                5.17      17.0
1975-05-28       0.0                3.63      17.2
1975-05-29      2.15                3.92     17.13
1975-05-30      15.8                3.74     18.33
1975-05-31     10.96                2.95     16.23
1975-06-01      0.35                2.81     16.87
1975-06-02      0.48                 3.0     17.23
1975-06-03      1.46                 2.6      17.5
1975-06-04      0.72                2.51      18.2
1975-06-05      2.82                3.52     17.57
1975-06-06      0.93                4.58     18.93
1975-06-07      4.53                4.06     19.67
1975-06-08      7.81                2.75     18.37
1975-06-09      7.95                3.25     19.37
1975-06-10      0.54                 4.0      16.7
1975-06-11      0.06                5.45      17.1
1975-06-12      0.01                5.39     17.87
1975-06-13      3.41                5.66      18.6
1975-06-14       0.0                4.67     20.77
1975-06-15       0.0                5.66      21.8
1975-06-16      0.76                5.19     23.07
1975-06-17      6.14                 2.2     19.43
1975-06-18      0.14                3.84      21.0
1975-06-19       0.0                4.62     22.57
1975-06-20       0.0                5.24      24.6
1975-06-21      0.14                4.75      23.1
1975-06-22      1.11                5.36      22.4
1975-06-23      6.29                 3.2      20.9
1975-06-24     18.41                2.44      18.6
1975-06-25     18.66                3.15     18.67
1975-06-26      5.82                2.46      18.8
1975-06-27      1.37                 3.3     20.87
1975-06-28     11.76                4.07     21.43
1975-06-29      2.52                3.85     21.43
1975-06-30      1.32                 4.6     21.03
1975-07-01      1.68                4.13     21.13
1975-07-02       0.0                5.47     21.57
1975-07-03       0.0                2.94     22.13
1975-07-04       0.0                4.37     23.17
1975-07-05      5.34                3.01     23.33
1975-07-06      36.1                2.47      20.3
1975-07-07     11.35                3.02      18.0
1975-07-08       0.0                3.77      20.0
1975-07-09      4.79                3.44     22.43
1975-07-10     45.81                2.34     22.27
1975-07-11      0.99                2.32      21.7
1975-07-12       0.0                5.06     23.17
1975-07-13       0.0                4.83     23.93
1975-07-14      9.91                3.29      24.8
1975-07-15     87.03                 2.7      24.1
1975-07-16     19.01                4.13     24.57
1975-07-17       0.0                3.64     25.07
1975-07-18       0.0                3.43      25.3
1975-07-19       0.0                4.87     26.67
1975-07-20       0.0                5.11     27.53
1975-07-21      4.74                2.97      26.3
1975-07-22      0.68                3.59     26.87
1975-07-23      1.83                4.93      27.3
1975-07-24     44.35                2.39     24.23
1975-07-25     68.49                2.22     22.03
1975-07-26     23.66                2.59      22.0
1975-07-27     61.46                2.46     22.13
1975-07-28     68.51                2.14      21.3
1975-07-29      0.29                3.42      25.2
1975-07-30      0.36                4.83      27.1
1975-07-31      2.74                2.55      25.2
1975-08-01     16.21                3.44      26.9
1975-08-02      4.35                2.99     25.67
1975-08-03       0.0                4.12     26.73
1975-08-04      1.11                4.92     26.23
1975-08-05      1.79                2.56     25.73
1975-08-06      4.23                2.58      25.0
1975-08-07      5.86                4.68     25.77
1975-08-08       0.0                5.47     22.87
1975-08-09       0.0                4.38     21.37
1975-08-10       0.0                 5.1     21.37
1975-08-11       0.0                 5.0      21.8
1975-08-12       0.0                4.33      24.2
1975-08-13      1.73                4.64      25.2
1975-08-14     19.67                2.93      26.2
1975-08-15     23.45                3.01     25.67
1975-08-16      0.72                4.22     26.37
1975-08-17      0.73                4.79     25.03
1975-08-18      9.15                4.27     24.53
1975-08-19      0.09                5.19     26.07
1975-08-20      0.46                2.61     25.27
1975-08-21      0.65                2.34     27.03
1975-08-22       0.0                4.43     27.37
1975-08-23       0.0                5.07      20.9
1975-08-24       0.0                5.06     20.17
1975-08-25       0.0                4.46     21.73
1975-08-26       0.0                3.72     23.33
1975-08-27      0.14                3.51     22.73
1975-08-28      1.49                4.24     24.23
1975-08-29      5.76                2.44     24.17
1975-08-30      1.69                 2.1     24.87
1975-08-31      4.28                2.42      26.3
1975-09-01       5.8                2.23     24.87
1975-09-02     17.03                2.18     23.47
1975-09-03     18.42                2.12     24.07
1975-09-04     26.67                1.94      21.3
1975-09-05      4.03                 4.0     22.53
1975-09-06      0.97                4.23      23.5
1975-09-07     10.04                2.42      22.1
1975-09-08       0.0                4.57     20.33
1975-09-09       0.0                3.55     19.53
1975-09-10      0.23                2.32     20.23
1975-09-11      1.79                2.11     22.97
1975-09-12       0.0                3.41      21.5
1975-09-13      2.98                2.93     19.83
1975-09-14     26.14                 1.7      18.1
1975-09-15     41.24                1.61      16.9
1975-09-16     11.29                2.11      18.4
1975-09-17      0.97                2.19      18.8
1975-09-18       0.0                2.62     20.63
1975-09-19      1.99                 3.0      21.8
1975-09-20     14.95                2.07      21.3
1975-09-21       0.0                2.91      20.0
1975-09-22       0.0                2.88      19.2
1975-09-23       0.0                2.96      17.9
1975-09-24       0.0                2.78     18.07
1975-09-25       0.0                1.41     16.57
1975-09-26       0.0                1.64     16.93
1975-09-27       0.0                3.37      17.4
1975-09-28      0.06                1.83      16.3
1975-09-29       0.0                3.45     16.17
1975-09-30      0.08                3.43     16.47
1975-10-01      0.58                2.33     18.37
1975-10-02      3.86                1.39      18.1
1975-10-03      6.05                1.38     17.53
1975-10-04      5.43                1.18      15.9
1975-10-05       0.0                2.27      16.4
1975-10-06      0.11                1.96     15.97
1975-10-07      0.88                1.69     15.93
1975-10-08       0.0                 2.6     13.34
1975-10-09      0.39                2.38     12.57
1975-10-10      0.33                1.49     11.63
1975-10-11      7.76                0.98      12.2
1975-10-12      0.16                2.03      12.0
1975-10-13       0.0                2.07      13.1
1975-10-14       0.7                2.37      8.43
1975-10-15       0.0                2.09       9.2
1975-10-16       0.0                 1.9     11.37
1975-10-17       0.0                2.22      12.7
1975-10-18       0.0                 1.9     12.23
1975-10-19       0.0                 2.0     11.83
1975-10-20       0.0                1.82     12.23
1975-10-21       0.6                2.26      9.77
1975-10-22       0.0                1.82      12.2
1975-10-23       0.0                 1.9      13.0
1975-10-24      0.48                1.91     11.93
1975-10-25      0.55                2.44     11.17
1975-10-26       0.0                1.55     11.27
1975-10-27      0.21                0.97     10.33
1975-10-28      0.25                1.16     13.27
1975-10-29      4.96                1.67     10.93
1975-10-30      3.57                1.92      6.27
1975-10-31       0.0                1.39      8.17
1975-11-01       0.0                 1.2       9.4
