1968-02-01       0.0                0.79     -8.36
1968-02-02      0.01                0.87     -7.06
1968-02-03      0.02                0.91     -4.73
1968-02-04      0.07                0.86      -4.5
1968-02-05       0.0                0.84      -5.2
1968-02-06       0.0                0.71     -5.56
1968-02-07       0.0                 0.8     -4.96
1968-02-08       0.0                0.86     -4.33
1968-02-09      0.02                0.76     -5.06
1968-02-10      1.85                0.95     -3.16
1968-02-11      0.06                0.78      -5.2
1968-02-12       0.0                0.78     -4.23
1968-02-13       0.0                0.91     -0.36
1968-02-14      0.15                1.07     -2.47
1968-02-15      0.06                 1.4     -1.37
1968-02-16       0.0                0.83     -1.07
1968-02-17      0.21                1.12     -0.37
1968-02-18      1.19                1.06      2.67
1968-02-19       0.0                1.22     -5.73
1968-02-20       0.0                1.02     -7.53
1968-02-21      0.53                0.87     -6.73
1968-02-22      1.18                0.56     -5.56
1968-02-23      0.18                0.72     -3.93
1968-02-24       0.0                1.06     -4.03
1968-02-25       0.0                1.14     -1.53
1968-02-26       0.0                1.18     -0.16
1968-02-27       0.0                1.19      1.94
1968-02-28      2.71                1.53      2.17
1968-02-29      0.42                 1.7       2.6
1968-03-01       0.0                1.71     -0.06
1968-03-02       0.0                1.39     -0.03
1968-03-03      0.17                1.51     -0.03
1968-03-04      3.97                1.56      4.54
1968-03-05      4.95                2.25      5.84
1968-03-06      0.79                1.64       4.0
1968-03-07      1.26                0.74      4.27
1968-03-08      0.95                1.76      2.27
1968-03-09       0.0                2.34      1.43
1968-03-10       0.0                1.75      2.67
1968-03-11      0.01                0.91       5.4
1968-03-12       0.0                1.26      6.04
1968-03-13      0.12                 1.4      6.74
1968-03-14      0.04                1.99       3.9
1968-03-15      0.46                1.35      6.77
1968-03-16       0.0                 2.4      4.27
1968-03-17       0.0                1.85      2.67
1968-03-18      0.73                2.08       6.8
1968-03-19      0.37                 2.3      9.44
1968-03-20       0.0                1.23      9.23
1968-03-21      0.51                2.64       7.1
1968-03-22       0.0                2.61      6.47
1968-03-23       0.0                 2.5      5.53
1968-03-24       0.0                2.31      3.77
1968-03-25       0.0                2.49      4.13
1968-03-26       0.0                2.24       5.9
1968-03-27       0.0                2.45       4.3
1968-03-28      1.02                2.42      7.17
1968-03-29       9.2                 1.6      8.53
1968-03-30      2.68                2.85     10.73
1968-03-31       0.0                 2.6     12.64
1968-04-01       0.0                3.26     11.23
1968-04-02       0.0                3.16      9.67
1968-04-03       0.0                3.33     13.67
1968-04-04      1.85                3.47     11.27
1968-04-05      0.17                3.66      9.43
1968-04-06       0.0                2.84      9.97
1968-04-07      0.97                3.33      9.96
1968-04-08      8.82                1.53      8.63
1968-04-09      2.13                1.66       8.2
1968-04-10      0.03                3.11     10.03
1968-04-11      0.02                3.76      9.03
1968-04-12       0.0                3.04      7.77
1968-04-13       0.0                3.45      8.47
1968-04-14       0.0                2.83     10.33
1968-04-15       0.0                 3.3     10.13
1968-04-16      0.01                3.97     10.46
1968-04-17       0.0                4.22      10.3
1968-04-18       0.0                4.72       9.8
1968-04-19       0.0                3.65      11.6
1968-04-20       0.0                3.98     12.87
1968-04-21       0.0                4.13     14.03
1968-04-22       0.0                3.41     13.63
1968-04-23       0.0                3.73      12.7
1968-04-24      0.09                4.78     12.53
1968-04-25      2.53                1.88     13.97
1968-04-26       0.1                3.38      14.1
1968-04-27      0.01                 4.1      12.3
1968-04-28       0.0                3.98     11.83
1968-04-29       0.0                4.56      13.1
1968-04-30       0.0                4.43     12.86
1968-05-01      0.14                 4.4     15.63
1968-05-02     12.33                2.53     13.63
1968-05-03      1.67                3.09     13.06
1968-05-04       0.0                4.63      14.7
1968-05-05       0.0                4.25     15.56
1968-05-06      1.51                 4.3      14.0
1968-05-07       0.0                4.15     13.83
1968-05-08       0.0                 4.6     14.67
1968-05-09       0.0                4.91     15.83
1968-05-10       0.0                4.61     18.03
1968-05-11      0.01                4.28     17.67
1968-05-12      4.67                1.88     14.87
1968-05-13      0.07                6.33     18.63
1968-05-14       0.0                4.98      17.2
1968-05-15       0.0                5.23     16.03
1968-05-16       0.0                4.83     17.13
1968-05-17      2.86                2.85      14.8
1968-05-18     10.79                1.88     14.63
1968-05-19      0.56                4.79      16.6
1968-05-20       0.0                5.44     15.06
1968-05-21       0.0                4.85     16.23
1968-05-22       0.0                4.89      17.7
1968-05-23       0.0                4.57     16.63
1968-05-24      0.81                3.97     16.13
1968-05-25      5.91                3.66     15.67
1968-05-26      4.22                2.27      13.2
1968-05-27      7.33                1.88     12.47
1968-05-28       0.0                3.57      14.2
1968-05-29      1.89                2.23      17.4
1968-05-30      2.33                2.94      18.3
1968-05-31      2.15                4.83      17.9
1968-06-01      7.39                3.32     14.76
1968-06-02      3.47                2.89     14.33
1968-06-03       0.0                4.69     15.97
1968-06-04       0.0                5.12     17.33
1968-06-05       0.0                5.74     22.17
1968-06-06       0.0                5.46     21.93
1968-06-07       0.0                5.41     21.06
1968-06-08      0.36                 5.5     19.76
1968-06-09     21.76                2.29     19.57
1968-06-10      5.39                2.46      16.1
1968-06-11      0.17                3.93      18.6
1968-06-12       0.0                4.44      20.7
1968-06-13       0.0                 5.2     21.87
1968-06-14       0.0                4.81      21.2
1968-06-15      4.37                3.36      21.4
1968-06-16      0.01                 5.3     19.86
1968-06-17      0.44                4.75     22.43
1968-06-18       5.4                3.65     19.23
1968-06-19      5.86                3.07     17.46
1968-06-20       0.9                4.63     17.53
1968-06-21      1.17                5.21     17.46
1968-06-22       8.8                4.08      19.6
1968-06-23      0.55                4.39      19.6
1968-06-24      0.01                5.36     20.66
1968-06-25      3.37                5.09     21.33
1968-06-26      0.07                5.26     21.83
1968-06-27      5.41                4.87     22.73
1968-06-28      4.96                4.42     22.13
1968-06-29      0.92                 5.3     24.03
1968-06-30      2.21                5.65     23.23
1968-07-01       0.0                4.49     21.06
1968-07-02      1.06                5.62     20.63
1968-07-03       6.0                3.13     20.23
1968-07-04      8.25                2.21      18.3
1968-07-05      1.95                2.13      19.4
1968-07-06      0.43                2.37     21.43
1968-07-07      7.56                2.35      21.5
1968-07-08      1.02                4.42      22.6
1968-07-09      0.01                4.14      22.2
1968-07-10       0.0                4.93     22.86
1968-07-11       0.0                5.73     23.16
1968-07-12      2.05                 4.3     24.03
1968-07-13      4.58                5.38     23.66
1968-07-14     18.76                2.67      23.6
1968-07-15     27.43                2.39      22.0
1968-07-16      75.3                 2.2     21.13
1968-07-17     26.39                3.77     23.06
1968-07-18     57.82                2.49      23.8
1968-07-19     17.08                2.51     23.47
1968-07-20      3.13                2.88      25.4
1968-07-21      0.92                 4.3     26.27
1968-07-22       0.0                4.45     28.53
1968-07-23      0.33                4.57     30.27
1968-07-24       0.0                4.16      28.6
1968-07-25       0.0                 5.1      27.2
1968-07-26       0.0                4.49      27.8
1968-07-27       0.0                5.05      27.5
1968-07-28      0.58                4.87     24.97
1968-07-29      3.92                3.48      22.9
1968-07-30       1.8                2.28      22.0
1968-07-31      6.68                2.97     22.13
1968-08-01      7.52                 4.0      23.3
1968-08-02      3.01                5.43      24.0
1968-08-03     20.79                5.56      24.2
1968-08-04      0.01                5.56      23.7
1968-08-05      2.34                4.11      24.6
1968-08-06      8.97                2.71      26.0
1968-08-07     30.62                 3.6     27.63
1968-08-08     13.35                3.46     24.73
1968-08-09      0.86                4.28     24.17
1968-08-10       0.0                4.84     23.67
1968-08-11       0.0                 4.6     22.33
1968-08-12       0.0                5.33     22.13
1968-08-13       0.5                4.44      23.2
1968-08-14     18.53                3.89     23.06
1968-08-15     53.03                2.19      22.1
1968-08-16     32.97                2.02     22.47
1968-08-17      13.0                4.53     26.23
1968-08-18      4.47                3.41     26.53
1968-08-19      3.96                2.42     25.33
1968-08-20     33.28                2.77     25.57
1968-08-21     16.66                4.04      24.5
1968-08-22     42.16                 2.3     22.93
1968-08-23     44.33                2.97     22.27
1968-08-24      5.91                 4.2     24.57
1968-08-25      2.52                4.13      24.5
1968-08-26       0.0                4.14      24.0
1968-08-27       0.0                3.04      23.2
1968-08-28       0.0                4.76     24.77
1968-08-29      2.81                4.24     22.83
1968-08-30      5.37                4.24     21.23
1968-08-31      0.26                3.43     20.27
1968-09-01      0.01                3.19     20.47
