1970-07-01      0.36                 4.6     21.43
1970-07-02      0.19                3.52     21.03
1970-07-03     12.34                3.07     20.23
1970-07-04     33.42                2.03      19.5
1970-07-05     36.32                2.11      18.1
1970-07-06     28.45                2.33     17.03
1970-07-07      8.19                 3.6     16.86
1970-07-08      9.27                4.18     15.53
1970-07-09       6.9                2.13     15.96
1970-07-10      3.27                3.07      19.1
1970-07-11       0.7                3.38     19.76
1970-07-12      0.01                3.84     21.56
1970-07-13       0.0                 4.6      22.9
1970-07-14      0.11                5.15      23.2
1970-07-15      1.27                4.34     25.77
1970-07-16     22.56                2.13     23.47
1970-07-17      20.7                2.22      22.0
1970-07-18      20.9                2.33     22.23
1970-07-19     11.78                3.31     24.27
1970-07-20      2.54                2.46     24.57
1970-07-21      0.04                3.99     27.13
1970-07-22      2.44                2.61     28.47
1970-07-23      0.12                4.71     28.17
1970-07-24       3.4                3.28      27.0
1970-07-25      0.23                3.86      27.2
1970-07-26      2.37                2.91     26.63
1970-07-27     10.12                2.74     26.93
1970-07-28     13.82                2.42     26.77
1970-07-29     18.69                2.37     27.47
1970-07-30      2.75                 2.2     26.33
1970-07-31      6.08                2.26      26.2
1970-08-01      0.96                3.66     25.46
1970-08-02      1.62                 4.0     23.96
1970-08-03      7.28                2.86     26.87
1970-08-04     28.85                5.02     26.87
1970-08-05     41.19                2.09     23.27
1970-08-06      8.32                2.09     23.13
1970-08-07      0.16                5.21      24.3
1970-08-08      0.63                4.07      24.7
1970-08-09      0.05                4.58      25.7
1970-08-10       0.0                4.21     26.76
1970-08-11       0.2                4.24     27.16
1970-08-12       0.0                5.43      25.6
1970-08-13      0.01                3.63      24.8
1970-08-14      5.66                 4.4      25.3
1970-08-15       6.4                2.89      23.5
1970-08-16      2.48                2.67      23.6
1970-08-17      3.13                1.99      22.4
1970-08-18      2.55                2.71      21.9
1970-08-19      1.92                3.72      22.9
1970-08-20      3.27                2.83     23.03
1970-08-21      2.04                4.19     23.63
1970-08-22     22.03                2.13     24.57
1970-08-23      9.95                3.78     25.03
1970-08-24      8.89                1.97      24.4
1970-08-25     11.66                1.94     24.67
1970-08-26     15.27                1.92     23.47
1970-08-27      3.24                1.87     23.03
1970-08-28      6.91                2.08      22.2
1970-08-29      1.98                3.66     22.87
1970-08-30      1.97                4.37     22.97
1970-08-31     18.89                2.29     22.87
1970-09-01     35.19                1.98     25.03
1970-09-02     27.26                 3.8     22.37
1970-09-03      4.62                3.21      24.6
1970-09-04     23.92                1.66     22.03
1970-09-05      8.84                 4.2     23.46
1970-09-06       0.0                4.21     23.93
1970-09-07      0.02                4.09     24.37
1970-09-08      2.44                2.44     24.57
1970-09-09      31.4                1.51      22.5
1970-09-10      5.84                3.51     20.63
1970-09-11     30.92                2.58     19.07
1970-09-12     13.08                1.66     18.13
1970-09-13       0.0                2.95     19.67
1970-09-14      0.08                2.75      19.8
1970-09-15      4.34                 2.3     20.33
1970-09-16     49.62                2.84      22.2
1970-09-17     72.82                1.25     18.47
1970-09-18     11.79                2.57     18.53
1970-09-19      0.58                2.93     19.53
1970-09-20      0.13                3.03      19.9
1970-09-21      0.99                 1.8     18.37
1970-09-22      0.03                2.95     20.47
1970-09-23       0.0                 2.4      20.2
1970-09-24       0.0                2.13      18.6
1970-09-25       0.0                1.39     18.73
1970-09-26       0.0                3.17     18.33
1970-09-27      0.38                2.43      18.6
1970-09-28      2.79                 1.4     18.47
1970-09-29      0.38                1.99     14.37
1970-09-30       0.0                2.55     14.14
1970-10-01       0.0                2.46      15.8
1970-10-02       0.0                 2.1     15.27
1970-10-03       0.0                1.78     16.03
1970-10-04       0.0                1.86     15.77
1970-10-05       0.0                1.68     16.87
1970-10-06       0.0                1.98     17.47
1970-10-07       0.0                1.89     16.37
1970-10-08       0.0                2.05     17.87
1970-10-09       0.0                1.15      16.6
1970-10-10       0.0                1.43      17.2
1970-10-11      0.39                1.25     17.27
1970-10-12      6.35                1.18      17.7
1970-10-13       0.0                2.34     15.63
1970-10-14       0.0                1.81     15.03
1970-10-15       0.0                1.85      16.8
1970-10-16       0.0                2.14      15.6
1970-10-17       0.0                2.09     17.03
1970-10-18       0.0                1.78      14.4
1970-10-19      2.31                1.83     12.47
1970-10-20       0.0                1.68      13.1
1970-10-21       0.0                1.42     14.17
1970-10-22      0.02                1.29     15.14
1970-10-23       0.4                0.87     14.44
1970-10-24       8.3                0.77     14.04
1970-10-25     19.83                0.82      15.7
1970-10-26      2.92                1.36       8.8
1970-10-27      0.09                1.25      7.04
1970-10-28      1.58                0.99       8.2
1970-10-29       0.0                1.47      6.47
1970-10-30      0.25                1.13       6.0
1970-10-31       0.0                1.12       8.7
1970-11-01       0.0                 1.1     10.03
1970-11-02      0.39                0.96      10.3
1970-11-03      0.67                0.74     10.04
1970-11-04      0.41                1.26     11.87
1970-11-05       0.0                0.87       9.8
1970-11-06       0.0                1.18      9.97
1970-11-07       0.0                1.05      8.24
1970-11-08      4.03                 0.8      10.2
1970-11-09      0.23                1.46      14.2
1970-11-10       8.3                2.37       9.4
1970-11-11      2.64                1.61      5.57
1970-11-12       0.5                0.74      7.67
1970-11-13      7.45                0.66     12.97
1970-11-14      0.16                 1.4      7.64
1970-11-15       0.0                0.84     -0.27
1970-11-16       0.0                0.57      3.14
1970-11-17      0.01                0.75      7.47
1970-11-18      0.02                0.52      8.84
1970-11-19      0.06                0.78     10.07
1970-11-20       0.0                0.56      8.67
1970-11-21       0.0                 0.6      7.94
1970-11-22       0.0                0.72      3.73
1970-11-23       0.0                0.66      2.07
1970-11-24      0.01                0.44       2.7
1970-11-25      0.01                0.44      4.94
1970-11-26      0.47                0.54      7.27
1970-11-27       0.0                1.14      7.43
1970-11-28       0.0                 1.5      1.14
1970-11-29      0.01                0.81      -6.0
1970-11-30       0.0                0.51      -5.2
1970-12-01       2.5                0.35       0.6
1970-12-02      2.22                0.76      2.04
1970-12-03       0.0                0.91      -1.7
1970-12-04       0.0                 0.5     -0.43
1970-12-05       0.0                0.45     -0.13
1970-12-06       0.0                0.34      1.54
1970-12-07       0.0                0.81       0.6
1970-12-08       0.0                0.65      -3.4
1970-12-09       0.0                0.29     -2.06
1970-12-10      0.74                0.36      0.54
1970-12-11      0.18                0.36       0.7
1970-12-12      4.33                0.44      2.54
1970-12-13      3.63                1.07     -0.63
1970-12-14       0.0                0.37     -1.56
1970-12-15       0.0                 0.5       5.5
1970-12-16      1.84                0.41      6.97
1970-12-17      0.25                 0.7      10.0
1970-12-18       0.0                0.36       2.6
1970-12-19      0.89                0.58       2.5
1970-12-20       0.0                0.45      0.63
1970-12-21       1.0                0.35      1.14
1970-12-22      1.25                0.59      3.57
1970-12-23      0.01                0.45      1.67
1970-12-24       0.0                0.66     -2.17
1970-12-25       0.0                0.45     -5.13
1970-12-26       0.0                0.48     -5.73
1970-12-27       0.0                0.29     -4.93
1970-12-28       0.0                0.32      -3.0
1970-12-29       0.0                0.31     -1.96
1970-12-30       0.0                0.31      -0.7
1970-12-31       0.0                0.46      0.57
1971-01-01      0.03                0.59      0.17
1971-01-02      0.05                0.41      -1.0
1971-01-03      2.41                0.33     -2.06
1971-01-04       4.0                0.61      -6.7
1971-01-05      4.89                 0.2     -9.36
1971-01-06       0.0                0.23     -5.23
1971-01-07       0.0                0.33     -1.13
1971-01-08      0.33                0.47     -1.03
1971-01-09       0.0                0.37     -0.06
1971-01-10       0.0                0.39      0.04
1971-01-11      0.08                0.37       1.6
1971-01-12      0.01                0.48      1.97
1971-01-13      2.34                0.71      0.13
1971-01-14       0.0                0.49     -1.83
1971-01-15       0.0                0.37     -0.36
1971-01-16       0.0                0.58       0.7
1971-01-17       0.0                0.53      1.44
1971-01-18       0.0                0.44       3.6
1971-01-19      1.19                 0.9      2.93
1971-01-20      7.41                0.64      3.07
1971-01-21      9.71                 1.2      2.63
1971-01-22      4.92                 1.2      -1.3
1971-01-23      0.03                0.54     -0.73
1971-01-24      0.13                 0.7     -0.06
1971-01-25      0.81                0.46     -2.03
1971-01-26      0.01                0.61      -3.0
1971-01-27       0.0                0.63     -5.63
1971-01-28       0.0                0.51     -6.93
1971-01-29      0.01                0.57     -6.63
1971-01-30      0.21                0.57     -5.66
1971-01-31      0.13                0.56     -6.86
1971-02-01       0.0                 0.5      -7.2
