1980-11-01      0.64                0.91      4.77
1980-11-02       0.0                1.23      6.73
1980-11-03       0.0                 1.2      4.67
1980-11-04      0.16                0.76       6.0
1980-11-05      0.04                1.47     11.74
1980-11-06       0.0                1.31      10.5
1980-11-07       0.0                1.96     10.17
1980-11-08       0.0                1.41      1.83
1980-11-09       0.0                1.01       2.7
1980-11-10       0.0                1.09       6.1
1980-11-11       0.0                1.07     10.13
1980-11-12       4.7                1.17      8.93
1980-11-13       0.0                1.58     -0.07
1980-11-14      0.18                0.55      0.64
1980-11-15      0.14                0.75      4.47
1980-11-16       0.0                0.71       6.3
1980-11-17      0.16                 0.8      7.27
1980-11-18       0.0                 0.7      7.24
1980-11-19       0.0                0.77       8.2
1980-11-20       0.0                0.62       6.6
1980-11-21      2.66                 1.1     10.17
1980-11-22      0.01                1.11      7.77
1980-11-23      0.02                0.66       7.9
1980-11-24      9.44                0.48      5.07
1980-11-25      0.68                 0.8      5.53
1980-11-26       0.0                0.77      7.03
1980-11-27       0.0                0.57      5.83
1980-11-28       0.0                0.67       6.6
1980-11-29       0.0                0.47      4.27
1980-11-30      1.06                1.19       5.2
1980-12-01       0.0                0.64       3.5
1980-12-02      1.97                1.06       2.0
1980-12-03      3.72                0.79      -2.6
1980-12-04       0.0                0.61     -6.83
1980-12-05      0.84                0.42     -4.16
1980-12-06       0.0                0.64      1.67
1980-12-07       0.0                0.61     -0.43
1980-12-08       0.0                0.74     -2.16
1980-12-09       0.0                0.61     -3.33
1980-12-10      1.88                0.42       0.8
1980-12-11      10.6                0.37       3.1
1980-12-12      1.14                1.51     -5.77
1980-12-13       0.0                0.77    -11.23
1980-12-14       0.3                0.54      -6.7
1980-12-15      1.07                0.46      -7.3
1980-12-16       0.0                0.32     -6.03
1980-12-17       0.0                0.38     -4.26
1980-12-18       0.0                 0.6     -2.66
1980-12-19       0.0                0.66      -5.8
1980-12-20       0.0                0.57     -7.13
1980-12-21       0.0                0.31      -7.2
1980-12-22      1.64                0.27     -6.83
1980-12-23      7.52                0.46     -2.23
1980-12-24      2.45                0.57      -4.3
1980-12-25      0.48                0.66      -6.0
1980-12-26      0.01                0.77      -8.2
1980-12-27       0.0                0.55    -11.13
1980-12-28       0.0                0.53    -13.03
1980-12-29       0.0                 0.3    -14.26
1980-12-30       0.0                0.24     -13.8
1980-12-31      0.19                0.26    -10.43
1981-01-01      8.84                0.37      -5.7
1981-01-02      1.12                0.33     -8.43
1981-01-03       0.0                0.32     -14.2
1981-01-04       0.0                0.19    -15.73
1981-01-05       0.0                0.28     -15.2
1981-01-06       0.0                0.23    -14.76
1981-01-07       0.0                0.26    -10.96
1981-01-08      0.03                0.24     -9.03
1981-01-09      0.28                0.55     -3.83
1981-01-10      0.03                0.64      -7.2
1981-01-11      0.09                0.36      -9.4
1981-01-12       0.0                0.67     -8.66
1981-01-13       0.0                 0.5    -11.86
1981-01-14      0.42                0.32     -12.4
1981-01-15      2.37                0.46      -7.9
1981-01-16      0.33                0.32      -7.2
1981-01-17       0.0                0.34     -7.96
1981-01-18       0.0                0.39      -6.7
1981-01-19      0.01                0.56      -5.7
1981-01-20       0.0                0.57      -9.3
1981-01-21       0.0                0.55      -9.8
1981-01-22       0.0                0.46     -11.8
1981-01-23      0.59                0.34     -9.46
1981-01-24      1.37                0.49      -3.4
1981-01-25       0.0                0.49      -6.8
1981-01-26       0.0                0.43    -11.06
1981-01-27       0.0                0.41    -11.16
1981-01-28       0.0                0.44      -9.3
1981-01-29       0.0                0.53      -7.4
1981-01-30       0.0                0.45     -8.66
1981-01-31       0.0                0.45     -7.63
1981-02-01       0.0                0.68     -3.66
1981-02-02      0.08                0.72     -7.33
1981-02-03       0.0                0.69     -8.13
1981-02-04       0.0                0.56     -8.66
1981-02-05       0.0                0.58      -7.3
1981-02-06      0.04                0.55      -6.1
1981-02-07      0.38                0.86     -3.16
1981-02-08      1.32                0.42     -3.16
1981-02-09       0.0                1.07      -1.6
1981-02-10      1.05                1.25     -3.33
1981-02-11       0.0                 1.1      -4.6
1981-02-12      0.11                0.58       1.2
1981-02-13       0.0                0.63       4.6
1981-02-14      0.02                1.07      5.13
1981-02-15      0.02                1.28      4.67
1981-02-16      0.62                 1.0      1.13
1981-02-17      0.04                 1.7      -1.2
1981-02-18       0.0                1.02      -1.1
1981-02-19      0.13                1.22     -0.63
1981-02-20      0.65                1.02     -1.97
1981-02-21       0.0                1.16      -1.8
1981-02-22       0.0                 1.1     -0.27
1981-02-23      3.08                1.29      0.77
1981-02-24      3.84                 1.3     -2.43
1981-02-25       0.1                1.12    -10.13
1981-02-26       0.0                1.14    -13.13
1981-02-27       0.0                1.03    -10.87
1981-02-28       0.0                1.02     -5.83
1981-03-01       0.0                1.31     -2.03
1981-03-02       0.0                1.64      -1.0
1981-03-03       0.0                1.74      2.93
1981-03-04       0.0                1.67       3.1
1981-03-05       0.0                 1.8      0.84
1981-03-06       0.0                1.96     -1.57
1981-03-07       0.0                2.31      4.57
1981-03-08      2.02                1.14      -0.2
1981-03-09      2.57                 1.1     -3.63
1981-03-10       0.0                1.72      -0.9
1981-03-11      0.15                1.91       2.1
1981-03-12      0.72                2.04      6.23
1981-03-13      1.91                2.54      7.63
1981-03-14      7.54                1.32       5.9
1981-03-15      1.66                2.45       2.9
1981-03-16       0.0                2.15      2.53
1981-03-17       0.0                 2.2       6.3
1981-03-18       0.0                2.41       7.7
1981-03-19       0.0                2.54      9.67
1981-03-20       0.0                 2.9      7.77
1981-03-21       0.0                2.76       8.6
1981-03-22      0.03                2.58      8.63
1981-03-23       0.0                3.76       6.9
1981-03-24     12.42                1.25      3.43
1981-03-25     12.14                0.97      3.63
1981-03-26      7.38                1.14       1.2
1981-03-27      0.53                2.31       3.7
1981-03-28       0.0                 2.5       5.9
1981-03-29       0.0                2.65       6.6
1981-03-30       0.0                 2.6      5.83
1981-03-31       0.0                2.97      8.23
1981-04-01      0.34                1.45       6.8
1981-04-02      0.27                3.13      6.63
1981-04-03       0.0                2.48       5.9
1981-04-04       0.0                2.81      10.6
1981-04-05      0.02                1.74     10.17
1981-04-06       0.0                 3.4     12.77
1981-04-07       0.0                3.75     11.37
1981-04-08       0.0                3.63     12.33
1981-04-09      2.25                2.81     15.03
1981-04-10      6.95                3.59      13.2
1981-04-11       0.0                3.47      14.4
1981-04-12      0.04                 3.0       9.1
1981-04-13      0.04                3.87      10.0
1981-04-14       0.0                3.55      10.3
1981-04-15       0.0                3.42     12.43
1981-04-16      2.04                1.57      8.93
1981-04-17       0.0                 2.9     11.63
1981-04-18      1.48                3.33      12.7
1981-04-19     14.22                1.95       8.6
1981-04-20      0.69                 2.4      8.07
1981-04-21       0.0                 3.7     11.67
1981-04-22       0.0                4.19     13.87
1981-04-23      0.07                4.56     13.64
1981-04-24      2.78                2.27     12.47
1981-04-25       0.0                 4.3     11.27
1981-04-26       0.0                5.06     14.64
1981-04-27       0.0                4.35      15.5
1981-04-28      0.29                4.36      14.7
1981-04-29     38.18                 1.8     11.97
1981-04-30       0.0                3.03     14.53
1981-05-01       0.0                3.71      17.3
1981-05-02       0.2                2.25     15.57
1981-05-03       0.0                4.38     10.47
1981-05-04       0.0                4.53     11.17
1981-05-05       0.0                 4.0     13.77
1981-05-06       0.0                4.07     14.17
1981-05-07       0.0                4.21     16.03
1981-05-08       0.0                 3.1     18.07
1981-05-09     36.39                2.32     16.53
1981-05-10     42.62                1.67     10.97
1981-05-11      7.04                3.56     12.17
1981-05-12       0.0                4.08      12.2
1981-05-13       0.0                4.26     12.77
1981-05-14       0.0                2.71     14.43
1981-05-15      0.15                3.57     15.67
1981-05-16     10.95                2.48     10.83
1981-05-17      5.51                2.26      8.07
1981-05-18      0.05                 1.8      8.77
1981-05-19       0.0                3.16      12.4
1981-05-20      0.01                3.49      13.8
1981-05-21       0.0                4.23     16.03
1981-05-22       0.0                4.47      17.2
1981-05-23       0.0                 4.2     19.87
1981-05-24      0.28                3.92     18.57
1981-05-25       0.0                4.84     18.47
1981-05-26       0.0                4.71      20.5
1981-05-27       0.7                4.62     19.83
1981-05-28      3.26                2.39     15.13
1981-05-29      0.03                5.61     16.97
1981-05-30     20.55                3.61     15.13
1981-05-31     10.79                 2.0     10.67
1981-06-01       0.0                3.73     12.27
