1990-12-01      0.67                0.82       1.4
1990-12-02      0.02                1.06     -4.77
1990-12-03       0.0                0.62      -4.3
1990-12-04       0.0                 0.4     -0.96
1990-12-05      0.02                0.47       3.8
1990-12-06       0.0                0.72      7.04
1990-12-07       0.0                0.76      9.54
1990-12-08       0.0                0.62       9.1
1990-12-09       0.0                0.53       8.2
1990-12-10      1.63                0.48       6.4
1990-12-11      2.42                0.55      0.37
1990-12-12      0.39                0.46      -1.9
1990-12-13      0.17                0.36     -2.36
1990-12-14      0.06                1.01      0.03
1990-12-15      0.21                0.43     -4.56
1990-12-16       0.0                0.55     -2.03
1990-12-17       0.0                0.42      -4.0
1990-12-18       0.0                0.46     -1.57
1990-12-19       0.0                0.44     -2.93
1990-12-20      0.06                0.43     -1.43
1990-12-21      0.66                0.76      1.73
1990-12-22      0.87                1.36      -0.5
1990-12-23       0.0                1.42     -4.17
1990-12-24      0.36                0.65     -5.63
1990-12-25      2.45                0.37     -1.96
1990-12-26      1.82                0.73    -10.66
1990-12-27       0.0                0.28     -11.9
1990-12-28       0.0                 0.3      -9.6
1990-12-29       0.0                0.38     -8.13
1990-12-30       0.0                0.34      -6.4
1990-12-31      0.02                0.59     -1.53
1991-01-01      0.01                0.56      0.43
1991-01-02      0.03                0.76     -6.33
1991-01-03      0.28                0.47     -8.63
1991-01-04      0.03                1.01     -8.43
1991-01-05       0.0                0.57    -10.13
1991-01-06      0.43                0.32     -9.86
1991-01-07      1.42                0.35     -7.27
1991-01-08      0.21                0.34     -8.13
1991-01-09       0.0                0.34     -8.43
1991-01-10       0.0                0.55     -3.83
1991-01-11       0.0                0.45     -4.97
1991-01-12       0.0                0.65     -5.57
1991-01-13       0.0                0.64      -7.8
1991-01-14       0.0                0.37     -10.1
1991-01-15      0.03                0.39     -7.06
1991-01-16      1.48                0.42     -3.76
1991-01-17      0.44                0.64      -3.8
1991-01-18       0.0                0.41      -6.3
1991-01-19       0.0                0.43     -4.67
1991-01-20       0.0                0.44      -2.3
1991-01-21      0.03                0.97       0.6
1991-01-22      0.25                0.65      0.37
1991-01-23      0.11                0.72      -0.7
1991-01-24      0.98                0.57     -1.13
1991-01-25      0.36                0.83     -3.03
1991-01-26       0.0                0.72      -5.6
1991-01-27      0.07                0.63     -5.53
1991-01-28       0.0                0.65     -3.93
1991-01-29       0.0                0.69     -3.76
1991-01-30       0.0                0.71      -2.5
1991-01-31       0.0                0.78      -3.4
1991-02-01       0.0                0.83      -4.0
1991-02-02       0.0                0.82     -4.57
1991-02-03      0.21                0.93     -3.97
1991-02-04      0.54                1.05     -4.13
1991-02-05       0.1                0.96     -6.63
1991-02-06      0.03                0.69     -3.83
1991-02-07      1.65                0.51     -0.53
1991-02-08      0.61                0.69     -2.77
1991-02-09      0.89                0.71      -1.5
1991-02-10      2.26                0.76      2.47
1991-02-11      0.03                0.91       0.6
1991-02-12       0.0                1.15      -0.3
1991-02-13       0.0                 1.2       0.5
1991-02-14      1.93                1.68      0.37
1991-02-15      3.57                1.05      0.33
1991-02-16      1.43                1.36      -1.8
1991-02-17      0.01                1.16     -2.93
1991-02-18       0.0                1.36     -1.23
1991-02-19       0.0                1.65     -3.93
1991-02-20      0.29                0.83      -7.1
1991-02-21      0.06                 1.6     -8.63
1991-02-22      0.01                1.23    -11.23
1991-02-23       0.0                1.18     -12.1
1991-02-24       0.0                0.92    -10.03
1991-02-25       0.0                1.34      -6.2
1991-02-26       0.0                1.23      -1.5
1991-02-27      1.03                0.74       2.7
1991-02-28       0.1                1.71       2.3
1991-03-01       0.0                1.48      -1.0
1991-03-02       0.0                1.62     -0.37
1991-03-03      0.28                1.82      2.47
1991-03-04       0.0                1.43      1.97
1991-03-05       0.0                1.41      4.47
1991-03-06       0.0                 1.6      5.93
1991-03-07      0.85                1.52       2.9
1991-03-08      2.76                0.87      0.03
1991-03-09       1.6                1.05      0.63
1991-03-10      1.69                0.92      2.07
1991-03-11      0.17                 1.0       0.9
1991-03-12       0.0                1.86      3.33
1991-03-13       0.0                1.73      2.43
1991-03-14       0.0                 1.8     -1.47
1991-03-15      0.05                1.49     -0.43
1991-03-16      0.33                1.42      1.54
1991-03-17       0.0                 2.1      1.67
1991-03-18       0.0                 1.7      3.27
1991-03-19      0.01                2.42      8.27
1991-03-20      0.15                1.59      7.23
1991-03-21       0.0                2.24      1.83
1991-03-22       0.0                2.28       3.1
1991-03-23       0.0                2.67      7.67
1991-03-24       0.0                2.64       6.6
1991-03-25       0.0                3.11     10.47
1991-03-26      2.12                2.56      4.73
1991-03-27      1.48                 1.2      1.03
1991-03-28      0.38                2.06       5.1
1991-03-29       0.0                1.79       6.2
1991-03-30       0.0                2.71      4.57
1991-03-31      0.07                2.23      0.83
1991-04-01       0.0                2.22      0.47
1991-04-02       0.0                2.57       3.3
1991-04-03       0.0                2.76      6.63
1991-04-04      0.04                3.23       8.3
1991-04-05       0.0                3.22      8.43
1991-04-06       0.0                3.59      10.0
1991-04-07       0.0                4.45      7.97
1991-04-08       0.0                3.58     10.63
1991-04-09       0.0                 3.5     12.87
1991-04-10       0.0                1.81     12.87
1991-04-11      0.07                3.97      12.7
1991-04-12       3.8                2.65      12.5
1991-04-13      3.69                2.06     10.87
1991-04-14       0.0                3.41     11.43
1991-04-15      0.08                2.52      9.44
1991-04-16       0.0                3.18     11.97
1991-04-17     19.45                2.06      12.2
1991-04-18     21.61                3.15       7.7
1991-04-19      3.09                3.71      9.27
1991-04-20       0.0                4.19     10.13
1991-04-21       0.0                 3.8     11.27
1991-04-22       0.0                3.68      12.1
1991-04-23       0.0                3.58     13.07
1991-04-24       0.0                3.66      14.0
1991-04-25       0.0                 3.4     14.17
1991-04-26       0.0                3.95     11.43
1991-04-27      0.26                4.28      11.9
1991-04-28      2.25                3.75     14.37
1991-04-29      7.17                3.59     12.57
1991-04-30      7.03                4.17      12.1
1991-05-01      0.72                4.34      9.77
1991-05-02      0.01                 3.3     10.73
1991-05-03      0.06                3.54       9.2
1991-05-04       0.0                4.09     11.37
1991-05-05      0.03                4.16     13.83
1991-05-06      6.27                2.17      12.3
1991-05-07      3.44                1.99     14.67
1991-05-08      2.86                4.17     16.17
1991-05-09       0.0                5.21     16.83
1991-05-10       0.0                4.66     17.17
1991-05-11      0.22                 4.4      16.9
1991-05-12       0.0                4.57     16.53
1991-05-13       0.0                3.49     16.07
1991-05-14      3.93                4.57      17.7
1991-05-15      8.44                4.41     17.13
1991-05-16      1.92                3.42     14.33
1991-05-17      0.09                5.16     17.03
1991-05-18       0.0                4.84     17.37
1991-05-19       0.0                4.79     19.33
1991-05-20       0.0                5.53     18.17
1991-05-21       0.0                4.99      19.0
1991-05-22       0.0                5.04      20.2
1991-05-23       0.0                6.05      18.8
1991-05-24      5.36                2.29     15.67
1991-05-25     21.84                2.06     12.93
1991-05-26     29.93                 1.9      10.9
1991-05-27      3.02                4.45     13.43
1991-05-28       0.0                4.81      13.1
1991-05-29       0.0                4.93     15.73
1991-05-30       0.0                3.89     14.93
1991-05-31       0.0                4.95      18.8
1991-06-01      0.18                4.34      19.2
1991-06-02       0.0                4.21      21.0
1991-06-03       0.0                2.39     18.23
1991-06-04       0.0                3.98     20.17
1991-06-05       0.0                4.86      21.0
1991-06-06       0.0                 5.1      20.7
1991-06-07       0.0                5.29     20.27
1991-06-08      0.97                5.19     21.53
1991-06-09     11.67                2.61     19.47
1991-06-10      0.65                4.46     23.27
1991-06-11     14.83                2.56     21.87
1991-06-12      6.43                4.32     22.57
1991-06-13      0.13                 5.5      22.5
1991-06-14       0.0                5.24     21.93
1991-06-15      0.01                5.19      22.2
1991-06-16      0.03                4.15     20.23
1991-06-17      0.51                5.27     21.67
1991-06-18      0.16                4.56      20.4
1991-06-19      0.02                5.07      21.1
1991-06-20       0.0                4.84     20.93
1991-06-21       0.0                4.64     21.73
1991-06-22       0.2                4.92      21.7
1991-06-23      3.75                4.85     20.97
1991-06-24       0.0                4.65      21.4
1991-06-25      0.13                 4.9     22.27
1991-06-26      0.81                4.11      22.5
1991-06-27       0.0                4.11     23.57
1991-06-28      1.93                4.22      25.1
1991-06-29     26.04                2.19     21.87
1991-06-30       1.1                4.97     23.93
1991-07-01      6.83                2.89      23.7
