1981-05-01       0.0                3.71      17.3
1981-05-02       0.2                2.25     15.57
1981-05-03       0.0                4.38     10.47
1981-05-04       0.0                4.53     11.17
1981-05-05       0.0                 4.0     13.77
1981-05-06       0.0                4.07     14.17
1981-05-07       0.0                4.21     16.03
1981-05-08       0.0                 3.1     18.07
1981-05-09     36.39                2.32     16.53
1981-05-10     42.62                1.67     10.97
1981-05-11      7.04                3.56     12.17
1981-05-12       0.0                4.08      12.2
1981-05-13       0.0                4.26     12.77
1981-05-14       0.0                2.71     14.43
1981-05-15      0.15                3.57     15.67
1981-05-16     10.95                2.48     10.83
1981-05-17      5.51                2.26      8.07
1981-05-18      0.05                 1.8      8.77
1981-05-19       0.0                3.16      12.4
1981-05-20      0.01                3.49      13.8
1981-05-21       0.0                4.23     16.03
1981-05-22       0.0                4.47      17.2
1981-05-23       0.0                 4.2     19.87
1981-05-24      0.28                3.92     18.57
1981-05-25       0.0                4.84     18.47
1981-05-26       0.0                4.71      20.5
1981-05-27       0.7                4.62     19.83
1981-05-28      3.26                2.39     15.13
1981-05-29      0.03                5.61     16.97
1981-05-30     20.55                3.61     15.13
1981-05-31     10.79                 2.0     10.67
1981-06-01       0.0                3.73     12.27
1981-06-02       0.0                4.22     15.53
1981-06-03       0.0                 3.2      16.6
1981-06-04      0.24                 4.8     17.97
1981-06-05       0.0                 5.1     17.17
1981-06-06       0.0                 3.6      17.7
1981-06-07       0.0                5.26      19.0
1981-06-08       0.0                4.34      18.3
1981-06-09      3.61                2.92     18.83
1981-06-10      5.84                2.84     17.93
1981-06-11     12.06                2.51     18.83
1981-06-12      2.15                5.11     19.33
1981-06-13       0.5                3.58      19.6
1981-06-14       0.0                4.68     20.33
1981-06-15       0.0                5.19     20.73
1981-06-16       0.0                5.34     21.57
1981-06-17      0.67                 3.6      22.9
1981-06-18       0.0                5.11      22.8
1981-06-19     12.73                2.55     19.26
1981-06-20      8.16                3.32      21.2
1981-06-21     87.27                2.25     19.53
1981-06-22     38.42                3.16     21.47
1981-06-23       0.0                5.11     19.77
1981-06-24       0.0                3.01     18.04
1981-06-25       0.0                3.53     19.27
1981-06-26       0.0                4.07     20.43
1981-06-27      1.18                2.36      20.7
1981-06-28      5.05                3.33     22.53
1981-06-29       0.0                4.77     22.13
1981-06-30      1.89                4.78     22.83
1981-07-01    101.44                 2.2      20.3
1981-07-02     88.68                2.28     19.97
1981-07-03     44.89                2.25     17.77
1981-07-04      2.13                2.03     16.47
1981-07-05     46.82                2.23     21.33
1981-07-06     16.71                 4.5     24.43
1981-07-07       0.0                3.85      23.5
1981-07-08       9.1                2.68      22.9
1981-07-09      31.7                2.99     23.17
1981-07-10       0.0                3.75     23.23
1981-07-11     27.81                3.28     22.03
1981-07-12      55.7                2.15     19.43
1981-07-13      0.06                5.28     23.37
1981-07-14       0.0                4.93     24.33
1981-07-15      0.02                4.47      25.5
1981-07-16      0.07                4.54      26.6
1981-07-17      0.73                3.82      26.5
1981-07-18       0.0                4.06     27.07
1981-07-19       0.0                4.86     27.03
1981-07-20       0.0                3.98     27.27
1981-07-21       0.0                4.89     27.33
1981-07-22      9.32                3.02      25.9
1981-07-23      5.46                4.28      25.4
1981-07-24       6.4                5.02     26.57
1981-07-25      2.13                4.72      27.8
1981-07-26      6.86                 3.2     27.53
1981-07-27     36.29                 2.1      22.9
1981-07-28      3.19                2.44     25.07
1981-07-29      0.72                2.71     25.53
1981-07-30       0.5                5.12     27.57
1981-07-31       0.0                6.15     25.93
1981-08-01      0.06                3.89      27.6
1981-08-02      0.33                 2.4      25.4
1981-08-03       7.6                 2.8     25.53
1981-08-04      1.71                4.84     21.53
1981-08-05       0.0                4.51      19.5
1981-08-06      1.75                4.24     20.77
1981-08-07       8.5                2.23      20.2
1981-08-08      1.04                2.26     23.23
1981-08-09       0.0                5.07     25.67
1981-08-10       0.0                2.38     23.17
1981-08-11      0.38                4.47      23.9
1981-08-12      0.02                 4.1     23.47
1981-08-13       0.0                4.46     23.43
1981-08-14       0.0                5.12     22.47
1981-08-15       0.0                 4.5      22.1
1981-08-16       0.0                4.11     22.73
1981-08-17     15.52                1.92     20.37
1981-08-18      5.59                2.22      22.2
1981-08-19       0.0                3.82     22.63
1981-08-20     28.46                2.55      20.3
1981-08-21      1.52                2.38     22.03
1981-08-22       0.0                4.05      22.3
1981-08-23       0.0                3.52      21.9
1981-08-24      0.07                3.28     21.93
1981-08-25     75.52                1.79     19.63
1981-08-26      3.44                2.29      21.2
1981-08-27       0.0                3.85      22.3
1981-08-28       0.0                3.54     21.03
1981-08-29      2.23                3.46     20.47
1981-08-30      3.72                1.82     21.47
1981-08-31     96.27                1.67     18.13
1981-09-01    111.16                 1.5      16.4
1981-09-02     30.39                2.49     19.27
1981-09-03     29.42                2.69     18.47
1981-09-04      2.37                4.24     18.53
1981-09-05       0.0                2.89     18.43
1981-09-06       0.0                3.46     18.33
1981-09-07       0.0                3.11     19.07
1981-09-08      5.47                2.67     19.03
1981-09-09       1.8                2.76     19.17
1981-09-10       0.0                3.17     18.13
1981-09-11       0.0                2.93      17.9
1981-09-12       0.0                3.09      16.4
1981-09-13       0.0                2.36     13.84
1981-09-14       0.0                2.63     13.13
1981-09-15       0.0                 2.3      14.8
1981-09-16       0.0                2.29     14.97
1981-09-17       0.0                2.45     16.37
1981-09-18       0.0                2.36     18.53
1981-09-19      0.23                2.52      19.5
1981-09-20       0.0                2.82      19.0
1981-09-21       0.0                2.54     20.07
1981-09-22       0.0                2.39     20.07
1981-09-23       0.0                1.93      19.9
1981-09-24     45.49                1.37     16.67
1981-09-25       5.0                2.69      16.2
1981-09-26       0.0                2.74     17.27
1981-09-27      4.02                1.99     18.37
1981-09-28      1.24                2.81     11.37
1981-09-29       0.0                1.94     12.37
1981-09-30       0.0                1.69      15.6
1981-10-01       0.0                2.29     16.83
1981-10-02       0.0                2.16      13.4
1981-10-03      0.06                2.42     13.27
1981-10-04      4.91                1.04     10.67
1981-10-05      5.02                2.39     15.57
1981-10-06       0.0                1.88      14.7
1981-10-07       0.0                 1.6     15.03
1981-10-08      0.14                2.01     13.97
1981-10-09       0.0                3.15      11.1
1981-10-10       0.0                2.43      12.1
1981-10-11       0.0                2.03     13.27
1981-10-12       0.0                1.71     13.03
1981-10-13      2.31                 1.8      12.9
1981-10-14       0.0                1.83      9.23
1981-10-15       0.0                2.12      9.03
1981-10-16       0.0                1.67     11.97
1981-10-17       1.2                 1.6      14.8
1981-10-18      5.74                1.42      13.1
1981-10-19      0.07                1.96     10.87
1981-10-20       0.0                2.56     10.73
1981-10-21      0.12                 2.3     11.03
1981-10-22      3.17                1.66      8.07
1981-10-23       0.0                1.91       1.0
1981-10-24       0.0                2.05      5.63
1981-10-25       0.0                1.38      6.17
1981-10-26       0.0                1.29      7.17
1981-10-27       0.0                0.95      7.03
1981-10-28      9.14                0.76       9.5
1981-10-29       0.0                1.67      8.67
1981-10-30       0.0                1.57      8.67
1981-10-31      3.85                1.81      8.37
1981-11-01       0.0                 1.2      5.23
1981-11-02     25.95                0.71      7.33
1981-11-03      0.98                1.74      7.63
1981-11-04       0.0                1.66      3.63
1981-11-05       0.0                0.75      2.03
1981-11-06       0.0                1.25       4.0
1981-11-07       0.0                1.46     -1.67
1981-11-08       0.0                1.01     -3.73
1981-11-09       0.0                0.97     -3.63
1981-11-10      1.19                 1.0      1.14
1981-11-11       0.0                1.06      2.57
1981-11-12       0.0                1.37      5.67
1981-11-13       0.0                1.11      6.57
1981-11-14       0.0                0.93      3.83
1981-11-15      5.65                0.63      4.67
1981-11-16      5.86                1.02      5.33
1981-11-17       4.3                0.88      2.33
1981-11-18       0.0                0.64       1.7
1981-11-19       0.0                0.48       1.7
1981-11-20      0.41                0.75       5.3
1981-11-21       0.0                0.95      1.37
1981-11-22       0.0                0.65       0.5
1981-11-23      0.05                1.02      3.84
1981-11-24       0.0                0.74      0.97
1981-11-25       0.0                0.58      -0.4
1981-11-26       0.0                0.66      3.13
1981-11-27       0.0                0.89       0.7
1981-11-28       0.0                0.65     -2.73
1981-11-29       0.0                0.45      -2.9
1981-11-30      0.26                0.46     -1.93
1981-12-01      0.22                1.01      -5.7
