1981-07-01    101.44                 2.2      20.3
1981-07-02     88.68                2.28     19.97
1981-07-03     44.89                2.25     17.77
1981-07-04      2.13                2.03     16.47
1981-07-05     46.82                2.23     21.33
1981-07-06     16.71                 4.5     24.43
1981-07-07       0.0                3.85      23.5
1981-07-08       9.1                2.68      22.9
1981-07-09      31.7                2.99     23.17
1981-07-10       0.0                3.75     23.23
1981-07-11     27.81                3.28     22.03
1981-07-12      55.7                2.15     19.43
1981-07-13      0.06                5.28     23.37
1981-07-14       0.0                4.93     24.33
1981-07-15      0.02                4.47      25.5
1981-07-16      0.07                4.54      26.6
1981-07-17      0.73                3.82      26.5
1981-07-18       0.0                4.06     27.07
1981-07-19       0.0                4.86     27.03
1981-07-20       0.0                3.98     27.27
1981-07-21       0.0                4.89     27.33
1981-07-22      9.32                3.02      25.9
1981-07-23      5.46                4.28      25.4
1981-07-24       6.4                5.02     26.57
1981-07-25      2.13                4.72      27.8
1981-07-26      6.86                 3.2     27.53
1981-07-27     36.29                 2.1      22.9
1981-07-28      3.19                2.44     25.07
1981-07-29      0.72                2.71     25.53
1981-07-30       0.5                5.12     27.57
1981-07-31       0.0                6.15     25.93
1981-08-01      0.06                3.89      27.6
1981-08-02      0.33                 2.4      25.4
1981-08-03       7.6                 2.8     25.53
1981-08-04      1.71                4.84     21.53
1981-08-05       0.0                4.51      19.5
1981-08-06      1.75                4.24     20.77
1981-08-07       8.5                2.23      20.2
1981-08-08      1.04                2.26     23.23
1981-08-09       0.0                5.07     25.67
1981-08-10       0.0                2.38     23.17
1981-08-11      0.38                4.47      23.9
1981-08-12      0.02                 4.1     23.47
1981-08-13       0.0                4.46     23.43
1981-08-14       0.0                5.12     22.47
1981-08-15       0.0                 4.5      22.1
1981-08-16       0.0                4.11     22.73
1981-08-17     15.52                1.92     20.37
1981-08-18      5.59                2.22      22.2
1981-08-19       0.0                3.82     22.63
1981-08-20     28.46                2.55      20.3
1981-08-21      1.52                2.38     22.03
1981-08-22       0.0                4.05      22.3
1981-08-23       0.0                3.52      21.9
1981-08-24      0.07                3.28     21.93
1981-08-25     75.52                1.79     19.63
1981-08-26      3.44                2.29      21.2
1981-08-27       0.0                3.85      22.3
1981-08-28       0.0                3.54     21.03
1981-08-29      2.23                3.46     20.47
1981-08-30      3.72                1.82     21.47
1981-08-31     96.27                1.67     18.13
1981-09-01    111.16                 1.5      16.4
1981-09-02     30.39                2.49     19.27
1981-09-03     29.42                2.69     18.47
1981-09-04      2.37                4.24     18.53
1981-09-05       0.0                2.89     18.43
1981-09-06       0.0                3.46     18.33
1981-09-07       0.0                3.11     19.07
1981-09-08      5.47                2.67     19.03
1981-09-09       1.8                2.76     19.17
1981-09-10       0.0                3.17     18.13
1981-09-11       0.0                2.93      17.9
1981-09-12       0.0                3.09      16.4
1981-09-13       0.0                2.36     13.84
1981-09-14       0.0                2.63     13.13
1981-09-15       0.0                 2.3      14.8
1981-09-16       0.0                2.29     14.97
1981-09-17       0.0                2.45     16.37
1981-09-18       0.0                2.36     18.53
1981-09-19      0.23                2.52      19.5
1981-09-20       0.0                2.82      19.0
1981-09-21       0.0                2.54     20.07
1981-09-22       0.0                2.39     20.07
1981-09-23       0.0                1.93      19.9
1981-09-24     45.49                1.37     16.67
1981-09-25       5.0                2.69      16.2
1981-09-26       0.0                2.74     17.27
1981-09-27      4.02                1.99     18.37
1981-09-28      1.24                2.81     11.37
1981-09-29       0.0                1.94     12.37
1981-09-30       0.0                1.69      15.6
1981-10-01       0.0                2.29     16.83
1981-10-02       0.0                2.16      13.4
1981-10-03      0.06                2.42     13.27
1981-10-04      4.91                1.04     10.67
1981-10-05      5.02                2.39     15.57
1981-10-06       0.0                1.88      14.7
1981-10-07       0.0                 1.6     15.03
1981-10-08      0.14                2.01     13.97
1981-10-09       0.0                3.15      11.1
1981-10-10       0.0                2.43      12.1
1981-10-11       0.0                2.03     13.27
1981-10-12       0.0                1.71     13.03
1981-10-13      2.31                 1.8      12.9
1981-10-14       0.0                1.83      9.23
1981-10-15       0.0                2.12      9.03
1981-10-16       0.0                1.67     11.97
1981-10-17       1.2                 1.6      14.8
1981-10-18      5.74                1.42      13.1
1981-10-19      0.07                1.96     10.87
1981-10-20       0.0                2.56     10.73
1981-10-21      0.12                 2.3     11.03
1981-10-22      3.17                1.66      8.07
1981-10-23       0.0                1.91       1.0
1981-10-24       0.0                2.05      5.63
1981-10-25       0.0                1.38      6.17
1981-10-26       0.0                1.29      7.17
1981-10-27       0.0                0.95      7.03
1981-10-28      9.14                0.76       9.5
1981-10-29       0.0                1.67      8.67
1981-10-30       0.0                1.57      8.67
1981-10-31      3.85                1.81      8.37
1981-11-01       0.0                 1.2      5.23
1981-11-02     25.95                0.71      7.33
1981-11-03      0.98                1.74      7.63
1981-11-04       0.0                1.66      3.63
1981-11-05       0.0                0.75      2.03
1981-11-06       0.0                1.25       4.0
1981-11-07       0.0                1.46     -1.67
1981-11-08       0.0                1.01     -3.73
1981-11-09       0.0                0.97     -3.63
1981-11-10      1.19                 1.0      1.14
1981-11-11       0.0                1.06      2.57
1981-11-12       0.0                1.37      5.67
1981-11-13       0.0                1.11      6.57
1981-11-14       0.0                0.93      3.83
1981-11-15      5.65                0.63      4.67
1981-11-16      5.86                1.02      5.33
1981-11-17       4.3                0.88      2.33
1981-11-18       0.0                0.64       1.7
1981-11-19       0.0                0.48       1.7
1981-11-20      0.41                0.75       5.3
1981-11-21       0.0                0.95      1.37
1981-11-22       0.0                0.65       0.5
1981-11-23      0.05                1.02      3.84
1981-11-24       0.0                0.74      0.97
1981-11-25       0.0                0.58      -0.4
1981-11-26       0.0                0.66      3.13
1981-11-27       0.0                0.89       0.7
1981-11-28       0.0                0.65     -2.73
1981-11-29       0.0                0.45      -2.9
1981-11-30      0.26                0.46     -1.93
1981-12-01      0.22                1.01      -5.7
1981-12-02       0.0                0.47     -7.33
1981-12-03      0.14                0.65     -4.53
1981-12-04      1.21                0.46      1.74
1981-12-05       0.0                0.91      0.33
1981-12-06       0.0                0.51      -1.9
1981-12-07       0.0                0.56      -1.2
1981-12-08       0.0                 0.6      -1.4
1981-12-09       0.0                0.64       0.3
1981-12-10       0.0                0.49     -0.16
1981-12-11       0.0                0.44      -0.6
1981-12-12       0.0                0.97      0.27
1981-12-13       0.0                0.65      -4.4
1981-12-14       0.0                0.57     -7.17
1981-12-15       0.0                0.38     -7.26
1981-12-16       0.0                 0.4     -3.46
1981-12-17       0.0                0.36      -3.4
1981-12-18      1.11                0.39     -3.13
1981-12-19      1.73                0.38     -2.86
1981-12-20      0.18                0.51     -2.26
1981-12-21      0.15                0.34      -2.5
1981-12-22       0.0                0.65      2.37
1981-12-23       0.0                1.47       0.2
1981-12-24       0.0                0.86     -3.23
1981-12-25       0.0                0.42     -2.23
1981-12-26       0.0                0.64      5.17
1981-12-27       0.0                0.64      3.07
1981-12-28      0.35                0.57      0.87
1981-12-29      3.57                0.55     -1.93
1981-12-30       0.0                0.38     -4.43
1981-12-31      0.04                0.53     -3.67
1982-01-01      0.01                0.76      -4.3
1982-01-02       0.0                0.48     -3.63
1982-01-03     12.25                0.39     -3.86
1982-01-04      9.41                0.43      2.87
1982-01-05      0.77                0.53       1.2
1982-01-06      0.28                0.47     -1.63
1982-01-07      0.88                 0.6      -2.9
1982-01-08      0.68                0.34      -2.5
1982-01-09       0.0                 0.7     -0.67
1982-01-10       0.0                0.44     -2.56
1982-01-11      1.27                0.54      0.54
1982-01-12       0.0                 1.4     -4.63
1982-01-13       0.0                 0.7    -10.57
1982-01-14       0.0                0.55     -9.26
1982-01-15       0.0                0.52     -7.87
1982-01-16      1.64                0.44     -9.06
1982-01-17       0.0                 0.5     -8.13
1982-01-18      0.31                0.72     -5.63
1982-01-19       0.0                0.67     -8.66
1982-01-20       0.0                0.67     -8.43
1982-01-21       0.0                0.98       0.8
1982-01-22       0.0                0.46       0.3
1982-01-23       0.0                0.51     -1.03
1982-01-24       0.0                0.97      -0.6
1982-01-25       0.0                0.62     -1.97
1982-01-26       0.0                0.91     -2.43
1982-01-27      0.13                0.88     -5.37
1982-01-28       0.0                0.69    -10.46
1982-01-29       0.0                0.59    -11.47
1982-01-30       0.0                0.64     -9.43
1982-01-31       0.0                0.55     -6.97
1982-02-01      0.06                0.95      -5.5
