1977-11-01       1.1                0.84     10.33
1977-11-02      3.87                1.14       8.5
1977-11-03       0.1                1.66       8.5
1977-11-04       0.0                1.49     11.13
1977-11-05      0.45                1.23     10.83
1977-11-06     10.97                0.71     10.23
1977-11-07      10.7                1.07      9.57
1977-11-08      28.0                0.74      8.03
1977-11-09       0.0                1.27       5.7
1977-11-10       0.0                1.15       2.5
1977-11-11       0.0                0.92       2.1
1977-11-12      0.01                0.77      5.33
1977-11-13      0.06                1.22       8.1
1977-11-14      0.55                0.88       6.2
1977-11-15      0.73                0.79      6.03
1977-11-16      3.61                0.56      5.67
1977-11-17       7.0                0.78      8.97
1977-11-18       3.1                0.85      6.93
1977-11-19      1.57                1.12      4.87
1977-11-20       2.6                0.91      5.43
1977-11-21      3.77                0.97      6.43
1977-11-22       0.0                1.26       0.2
1977-11-23       0.7                0.79      -0.9
1977-11-24      0.54                0.58      3.47
1977-11-25      0.14                0.73       9.2
1977-11-26      0.22                 0.8      8.33
1977-11-27      0.04                1.07      3.37
1977-11-28      0.53                0.99     -2.57
1977-11-29       1.1                0.96     -1.13
1977-11-30      0.32                 0.5     -3.26
1977-12-01      5.48                0.39      -3.8
1977-12-02       0.0                 0.7     -1.07
1977-12-03       0.0                 0.5       3.8
1977-12-04      0.06                0.71      6.67
1977-12-05      0.28                0.63      6.73
1977-12-06      0.28                 0.6       4.6
1977-12-07      0.07                 0.6      5.07
1977-12-08      0.76                0.56       2.7
1977-12-09       0.0                0.77      1.97
1977-12-10      0.06                0.45       0.8
1977-12-11      0.46                0.57      5.67
1977-12-12       0.0                0.45      3.77
1977-12-13      0.51                0.44       4.3
1977-12-14       0.0                0.42      2.77
1977-12-15      1.59                0.45      3.67
1977-12-16     12.14                0.62       4.0
1977-12-17       0.0                1.66      4.13
1977-12-18      0.06                0.81       1.3
1977-12-19      0.03                0.78     -3.27
1977-12-20      0.14                0.41     -2.43
1977-12-21       0.0                0.45      -3.7
1977-12-22       0.0                0.41     -4.76
1977-12-23       0.0                 0.4      -3.3
1977-12-24       0.0                0.77      0.24
1977-12-25       0.0                0.84      -5.9
1977-12-26       0.0                0.46     -6.86
1977-12-27       0.0                0.46     -3.53
1977-12-28      0.94                0.43     -2.76
1977-12-29      9.03                0.38      0.17
1977-12-30      1.49                0.49     -0.16
1977-12-31      7.33                0.42       1.7
1978-01-01      5.14                0.51      -0.5
1978-01-02       8.3                0.47     -1.87
1978-01-03      0.01                 0.4     -6.83
1978-01-04      0.27                0.63      -7.5
1978-01-05      0.62                0.61     -5.23
1978-01-06       0.0                0.82     -1.33
1978-01-07      0.02                0.81      1.13
1978-01-08      0.33                0.79     -0.27
1978-01-09      0.01                 1.1      -4.9
1978-01-10       0.0                0.61     -8.03
1978-01-11      0.01                0.42     -3.66
1978-01-12       0.0                0.48      0.24
1978-01-13       0.0                 0.4     -3.06
1978-01-14       0.0                 0.4      -1.6
1978-01-15       0.0                1.32     -2.96
1978-01-16      0.01                0.48     -8.63
1978-01-17      0.09                0.63      -6.2
1978-01-18      0.28                0.61     -6.06
1978-01-19      1.68                0.85     -6.23
1978-01-20      3.12                0.49     -5.73
1978-01-21      0.03                 1.1     -6.23
1978-01-22       0.0                0.43      -9.2
1978-01-23       0.0                0.47     -4.33
1978-01-24      0.03                0.67     -0.37
1978-01-25      0.55                0.78      -1.7
1978-01-26      1.84                0.55      -0.1
1978-01-27      0.08                0.74      -1.5
1978-01-28      2.73                0.66      -3.9
1978-01-29      0.35                0.92      -3.2
1978-01-30       0.0                0.91      -8.4
1978-01-31      0.17                 0.7    -10.73
1978-02-01       0.0                0.81    -12.66
1978-02-02      0.14                0.69     -11.3
1978-02-03       0.0                0.83      -9.8
1978-02-04      0.27                0.46      -6.4
1978-02-05       0.0                0.68     -2.43
1978-02-06       0.0                0.76     -0.27
1978-02-07       0.0                0.77     -1.23
1978-02-08      0.23                0.71      -3.0
1978-02-09      5.62                 0.5      -1.7
1978-02-10     12.54                0.61     -0.17
1978-02-11      0.35                0.81     -0.63
1978-02-12       0.0                1.12      -2.8
1978-02-13       0.0                0.96      -5.6
1978-02-14      0.09                0.93      -9.1
1978-02-15       0.0                0.75    -12.06
1978-02-16       0.0                0.82     -10.5
1978-02-17      1.34                0.86      -9.5
1978-02-18       0.0                1.03     -9.23
1978-02-19      1.81                1.35     -3.93
1978-02-20      0.58                0.58      -4.2
1978-02-21       0.0                1.23      -3.4
1978-02-22       0.0                 1.5      -2.2
1978-02-23      0.09                1.27     -0.23
1978-02-24       0.0                1.44      0.47
1978-02-25      0.97                1.41       0.2
1978-02-26       0.0                1.41       0.1
1978-02-27     11.23                1.22       4.2
1978-02-28     12.93                 0.7     -0.43
1978-03-01      0.01                0.86      -7.2
1978-03-02      0.66                1.01     -1.57
1978-03-03      8.27                0.72      1.77
1978-03-04       0.0                 1.5      1.43
1978-03-05       0.0                1.38       0.7
1978-03-06       0.0                1.57       3.8
1978-03-07       0.0                1.72       4.3
1978-03-08      0.44                2.45      5.53
1978-03-09     28.82                1.11       3.2
1978-03-10      6.72                 1.1     -1.73
1978-03-11      1.52                1.58      -4.7
1978-03-12       0.0                1.65     -5.13
1978-03-13       0.0                 2.0     -2.63
1978-03-14       0.0                 1.7      -1.5
1978-03-15       0.0                1.89     -0.46
1978-03-16       0.0                1.99       2.5
1978-03-17       0.0                1.89      3.53
1978-03-18       0.0                1.85      4.97
1978-03-19       0.0                2.03      4.77
1978-03-20       0.0                2.24       4.6
1978-03-21      0.03                1.49       4.8
1978-03-22     13.77                0.88      1.77
1978-03-23       0.0                2.05      3.07
1978-03-24       0.0                 2.5      4.54
1978-03-25       0.0                2.02      5.74
1978-03-26       0.0                 2.5       8.9
1978-03-27       0.0                3.17      9.67
1978-03-28      0.24                2.77       8.1
1978-03-29       0.0                2.62      6.13
1978-03-30      0.11                2.45      5.23
1978-03-31      0.49                2.33      4.67
1978-04-01       0.0                 2.4      5.77
1978-04-02      3.39                1.98       6.2
1978-04-03      0.34                2.91      5.77
1978-04-04       0.0                2.36      6.07
1978-04-05      6.48                2.68       8.6
1978-04-06      0.83                2.32      5.03
1978-04-07       0.0                3.31      6.84
1978-04-08       0.0                3.87     10.77
1978-04-09       0.0                3.55     12.43
1978-04-10       0.0                4.12      9.97
1978-04-11      4.01                1.48      9.43
1978-04-12      4.44                1.79      8.57
1978-04-13       0.0                3.14     10.73
1978-04-14      0.39                3.89      14.9
1978-04-15      1.41                2.29     11.93
1978-04-16      1.42                2.74      9.63
1978-04-17       0.0                3.12       9.4
1978-04-18       0.0                3.45     11.57
1978-04-19      0.55                1.32       9.3
1978-04-20       0.0                3.62       8.4
1978-04-21       0.0                3.78      9.64
1978-04-22       0.0                3.82     10.13
1978-04-23       0.0                4.39     12.47
1978-04-24       0.0                3.45     11.44
1978-04-25       0.0                3.94     11.33
1978-04-26       0.0                4.58      11.8
1978-04-27       0.0                4.63     16.74
1978-04-28       0.0                1.72      13.2
1978-04-29       0.0                3.98      15.0
1978-04-30      0.87                 2.4     17.83
1978-05-01       0.0                5.16     15.33
1978-05-02       0.0                4.54      13.7
1978-05-03       0.0                4.32      13.0
1978-05-04       0.0                4.87     15.04
1978-05-05       0.0                 4.2     15.23
1978-05-06       0.0                 4.8      15.9
1978-05-07       0.0                4.19     15.17
1978-05-08       0.0                4.62     16.57
1978-05-09       0.0                4.24     16.07
1978-05-10       0.0                 4.3     13.37
1978-05-11       0.0                 4.7     13.27
1978-05-12       0.0                4.78     16.37
1978-05-13       0.0                4.55     18.33
1978-05-14       0.0                4.67     17.77
1978-05-15       0.0                4.86     17.83
1978-05-16       0.0                5.39      16.7
1978-05-17       0.0                4.92      17.8
1978-05-18      9.16                2.06      15.7
1978-05-19      6.88                2.03     13.67
1978-05-20      0.15                2.29      14.8
1978-05-21       0.0                4.16      19.1
1978-05-22       0.0                4.02     19.73
1978-05-23       0.0                5.31     19.97
1978-05-24      0.05                 4.0      19.1
1978-05-25       0.0                4.98     20.47
1978-05-26       0.0                5.05     20.23
1978-05-27      0.47                4.98      21.9
1978-05-28      2.36                5.18     20.47
1978-05-29     11.91                3.15     16.23
1978-05-30      0.13                4.73     13.07
1978-05-31       0.0                3.64     14.77
1978-06-01       0.0                5.05     16.73
