1968-05-01      0.14                 4.4     15.63
1968-05-02     12.33                2.53     13.63
1968-05-03      1.67                3.09     13.06
1968-05-04       0.0                4.63      14.7
1968-05-05       0.0                4.25     15.56
1968-05-06      1.51                 4.3      14.0
1968-05-07       0.0                4.15     13.83
1968-05-08       0.0                 4.6     14.67
1968-05-09       0.0                4.91     15.83
1968-05-10       0.0                4.61     18.03
1968-05-11      0.01                4.28     17.67
1968-05-12      4.67                1.88     14.87
1968-05-13      0.07                6.33     18.63
1968-05-14       0.0                4.98      17.2
1968-05-15       0.0                5.23     16.03
1968-05-16       0.0                4.83     17.13
1968-05-17      2.86                2.85      14.8
1968-05-18     10.79                1.88     14.63
1968-05-19      0.56                4.79      16.6
1968-05-20       0.0                5.44     15.06
1968-05-21       0.0                4.85     16.23
1968-05-22       0.0                4.89      17.7
1968-05-23       0.0                4.57     16.63
1968-05-24      0.81                3.97     16.13
1968-05-25      5.91                3.66     15.67
1968-05-26      4.22                2.27      13.2
1968-05-27      7.33                1.88     12.47
1968-05-28       0.0                3.57      14.2
1968-05-29      1.89                2.23      17.4
1968-05-30      2.33                2.94      18.3
1968-05-31      2.15                4.83      17.9
1968-06-01      7.39                3.32     14.76
1968-06-02      3.47                2.89     14.33
1968-06-03       0.0                4.69     15.97
1968-06-04       0.0                5.12     17.33
1968-06-05       0.0                5.74     22.17
1968-06-06       0.0                5.46     21.93
1968-06-07       0.0                5.41     21.06
1968-06-08      0.36                 5.5     19.76
1968-06-09     21.76                2.29     19.57
1968-06-10      5.39                2.46      16.1
1968-06-11      0.17                3.93      18.6
1968-06-12       0.0                4.44      20.7
1968-06-13       0.0                 5.2     21.87
1968-06-14       0.0                4.81      21.2
1968-06-15      4.37                3.36      21.4
1968-06-16      0.01                 5.3     19.86
1968-06-17      0.44                4.75     22.43
1968-06-18       5.4                3.65     19.23
1968-06-19      5.86                3.07     17.46
1968-06-20       0.9                4.63     17.53
1968-06-21      1.17                5.21     17.46
1968-06-22       8.8                4.08      19.6
1968-06-23      0.55                4.39      19.6
1968-06-24      0.01                5.36     20.66
1968-06-25      3.37                5.09     21.33
1968-06-26      0.07                5.26     21.83
1968-06-27      5.41                4.87     22.73
1968-06-28      4.96                4.42     22.13
1968-06-29      0.92                 5.3     24.03
1968-06-30      2.21                5.65     23.23
1968-07-01       0.0                4.49     21.06
1968-07-02      1.06                5.62     20.63
1968-07-03       6.0                3.13     20.23
1968-07-04      8.25                2.21      18.3
1968-07-05      1.95                2.13      19.4
1968-07-06      0.43                2.37     21.43
1968-07-07      7.56                2.35      21.5
1968-07-08      1.02                4.42      22.6
1968-07-09      0.01                4.14      22.2
1968-07-10       0.0                4.93     22.86
1968-07-11       0.0                5.73     23.16
1968-07-12      2.05                 4.3     24.03
1968-07-13      4.58                5.38     23.66
1968-07-14     18.76                2.67      23.6
1968-07-15     27.43                2.39      22.0
1968-07-16      75.3                 2.2     21.13
1968-07-17     26.39                3.77     23.06
1968-07-18     57.82                2.49      23.8
1968-07-19     17.08                2.51     23.47
1968-07-20      3.13                2.88      25.4
1968-07-21      0.92                 4.3     26.27
1968-07-22       0.0                4.45     28.53
1968-07-23      0.33                4.57     30.27
1968-07-24       0.0                4.16      28.6
1968-07-25       0.0                 5.1      27.2
1968-07-26       0.0                4.49      27.8
1968-07-27       0.0                5.05      27.5
1968-07-28      0.58                4.87     24.97
1968-07-29      3.92                3.48      22.9
1968-07-30       1.8                2.28      22.0
1968-07-31      6.68                2.97     22.13
1968-08-01      7.52                 4.0      23.3
1968-08-02      3.01                5.43      24.0
1968-08-03     20.79                5.56      24.2
1968-08-04      0.01                5.56      23.7
1968-08-05      2.34                4.11      24.6
1968-08-06      8.97                2.71      26.0
1968-08-07     30.62                 3.6     27.63
1968-08-08     13.35                3.46     24.73
1968-08-09      0.86                4.28     24.17
1968-08-10       0.0                4.84     23.67
1968-08-11       0.0                 4.6     22.33
1968-08-12       0.0                5.33     22.13
1968-08-13       0.5                4.44      23.2
1968-08-14     18.53                3.89     23.06
1968-08-15     53.03                2.19      22.1
1968-08-16     32.97                2.02     22.47
1968-08-17      13.0                4.53     26.23
1968-08-18      4.47                3.41     26.53
1968-08-19      3.96                2.42     25.33
1968-08-20     33.28                2.77     25.57
1968-08-21     16.66                4.04      24.5
1968-08-22     42.16                 2.3     22.93
1968-08-23     44.33                2.97     22.27
1968-08-24      5.91                 4.2     24.57
1968-08-25      2.52                4.13      24.5
1968-08-26       0.0                4.14      24.0
1968-08-27       0.0                3.04      23.2
1968-08-28       0.0                4.76     24.77
1968-08-29      2.81                4.24     22.83
1968-08-30      5.37                4.24     21.23
1968-08-31      0.26                3.43     20.27
1968-09-01      0.01                3.19     20.47
1968-09-02       0.0                 4.1      21.6
1968-09-03      0.19                5.01     21.47
1968-09-04     30.15                 4.9     20.43
1968-09-05     35.14                 2.1      18.1
1968-09-06     13.02                3.13     20.57
1968-09-07       0.0                3.27     22.07
1968-09-08      0.02                3.51      22.1
1968-09-09      1.24                4.25     22.33
1968-09-10      0.71                3.62     20.33
1968-09-11      0.13                3.36     19.93
1968-09-12       0.0                1.74     20.13
1968-09-13       0.0                3.35     21.27
1968-09-14       0.0                3.27     20.87
1968-09-15       0.0                3.01     22.93
1968-09-16       0.0                3.23     22.93
1968-09-17       0.0                3.08     22.43
1968-09-18      0.15                3.94      22.7
1968-09-19      1.98                 3.1     22.57
1968-09-20      2.19                3.55      18.9
1968-09-21      0.02                2.69     15.77
1968-09-22      0.24                1.99      17.0
1968-09-23       0.3                3.16     19.27
1968-09-24       0.0                3.81     17.47
1968-09-25       0.0                4.26      19.3
1968-09-26       0.0                 3.7     18.73
1968-09-27       0.0                 3.1      18.4
1968-09-28      0.03                2.56     20.33
1968-09-29       1.0                2.04      16.8
1968-09-30      0.17                2.41     13.73
1968-10-01      0.12                2.62      14.8
1968-10-02       0.0                1.74     15.13
1968-10-03       0.0                1.29      16.2
1968-10-04       0.0                2.73     17.77
1968-10-05      0.17                 2.8      17.2
1968-10-06     13.72                2.89     18.77
1968-10-07     13.97                1.82      13.3
1968-10-08      1.68                2.46     13.87
1968-10-09      1.67                1.21      14.2
1968-10-10      0.29                1.87      12.6
1968-10-11      0.07                1.64     13.73
1968-10-12       0.0                2.06      13.2
1968-10-13       0.0                2.28     14.63
1968-10-14      2.25                1.97     14.27
1968-10-15      0.19                1.92     12.73
1968-10-16      4.56                0.85     10.14
1968-10-17      9.75                1.96      11.4
1968-10-18      2.45                1.43     10.47
1968-10-19      2.01                0.99      9.93
1968-10-20       0.0                1.33     11.07
1968-10-21       0.0                1.36     12.03
1968-10-22       0.0                1.46     13.53
1968-10-23      1.92                1.86     13.27
1968-10-24     98.41                1.07     10.47
1968-10-25     36.46                1.17      8.97
1968-10-26      0.39                0.94     10.04
1968-10-27       0.0                 1.3     10.94
1968-10-28       0.0                1.11      9.97
1968-10-29       0.0                1.15     10.47
1968-10-30       0.0                0.99      10.3
1968-10-31       0.0                0.96     10.47
1968-11-01       0.0                0.93      11.0
1968-11-02       0.0                1.01      11.6
1968-11-03       0.0                0.98     11.37
1968-11-04      0.07                0.84     12.44
1968-11-05      4.18                0.96     12.73
1968-11-06      0.18                1.77     13.87
1968-11-07      0.11                0.86      12.4
1968-11-08      4.29                1.07     11.14
1968-11-09      2.51                2.69       4.1
1968-11-10       0.0                1.39      -2.5
1968-11-11       0.0                0.87      3.54
1968-11-12      0.01                0.71       5.7
1968-11-13      0.06                0.47      6.01
1968-11-14      0.01                0.87      6.34
1968-11-15       0.0                0.99      5.94
1968-11-16      0.25                1.11      7.14
1968-11-17      1.82                0.87       4.2
1968-11-18       1.7                0.73       5.5
1968-11-19      1.41                 0.8     11.23
1968-11-20      0.29                0.53       7.8
1968-11-21      0.05                0.78      8.24
1968-11-22       0.0                0.64       8.0
1968-11-23       0.0                0.53      9.74
1968-11-24       0.0                0.88     14.07
1968-11-25      0.23                0.57     10.74
1968-11-26     14.95                0.82     12.53
1968-11-27      7.45                1.95      8.97
1968-11-28       0.4                0.99      4.17
1968-11-29      0.85                1.01      5.73
1968-11-30      0.32                1.63      11.2
1968-12-01       0.0                1.13     11.34
