1989-01-01       0.0                0.58      -2.1
1989-01-02       0.0                0.32     -4.36
1989-01-03       0.0                0.79     -1.06
1989-01-04       0.0                0.48      -4.5
1989-01-05       0.0                0.54     -2.93
1989-01-06       0.0                 0.5      0.44
1989-01-07      2.33                0.67      3.93
1989-01-08      4.22                0.69      5.23
1989-01-09       1.6                0.65      3.57
1989-01-10      0.72                0.54      4.83
1989-01-11      2.95                0.74       1.8
1989-01-12      3.23                1.07     -0.93
1989-01-13      1.02                0.53     -2.03
1989-01-14      0.13                0.68     -6.47
1989-01-15       0.0                0.81      -3.7
1989-01-16       0.0                0.57     -1.43
1989-01-17       0.0                0.51      -2.4
1989-01-18       1.4                0.42     -3.27
1989-01-19      2.85                 0.5      2.37
1989-01-20      3.43                0.54      2.03
1989-01-21      0.47                0.59       2.0
1989-01-22      0.56                0.62      0.57
1989-01-23      3.02                0.74      2.57
1989-01-24       0.4                0.57      0.67
1989-01-25      0.07                0.67      -1.2
1989-01-26      0.89                 0.6     -2.63
1989-01-27      0.19                0.83    -10.17
1989-01-28       0.0                0.51     -10.9
1989-01-29       0.0                0.45     -8.63
1989-01-30       0.0                0.53     -6.63
1989-01-31       0.0                0.47      -4.8
1989-02-01       0.0                1.02     -5.67
1989-02-02       0.0                0.72      -8.6
1989-02-03       0.0                0.75     -7.36
1989-02-04      0.06                0.78     -4.33
1989-02-05       0.0                0.88      -2.3
1989-02-06       0.0                0.92      -1.6
1989-02-07      0.12                0.88      -1.1
1989-02-08      1.44                0.55       0.5
1989-02-09      1.33                0.82      1.13
1989-02-10      0.96                1.27      -1.4
1989-02-11      0.41                0.99     -4.07
1989-02-12       0.0                 1.0     -2.83
1989-02-13       0.0                1.04      0.13
1989-02-14      0.18                1.14       1.2
1989-02-15       0.0                0.73      1.34
1989-02-16      0.19                1.63      3.67
1989-02-17       0.4                1.48      3.43
1989-02-18      0.37                1.27      1.67
1989-02-19       0.0                1.51       4.1
1989-02-20       0.0                1.63      2.97
1989-02-21       0.0                1.44       1.7
1989-02-22       0.0                1.35      0.07
1989-02-23      1.94                0.99      1.47
1989-02-24       1.1                1.09       4.6
1989-02-25      3.91                0.85      1.73
1989-02-26      1.58                1.72      2.03
1989-02-27      2.96                1.48      3.37
1989-02-28      1.21                1.77       6.1
1989-03-01       0.0                1.97      2.17
1989-03-02      6.27                1.07       2.0
1989-03-03     17.27                 0.8      2.03
1989-03-04      2.36                1.35      2.53
1989-03-05      2.67                0.87       1.4
1989-03-06      0.78                1.34     -1.13
1989-03-07      0.33                1.35     -3.47
1989-03-08      0.29                1.77     -3.43
1989-03-09       0.0                1.54       1.1
1989-03-10       0.0                2.03       4.9
1989-03-11       0.0                2.13      7.67
1989-03-12       0.0                1.33      5.97
1989-03-13       0.0                1.76      6.57
1989-03-14       0.0                 2.4       6.7
1989-03-15       0.0                2.24       4.4
1989-03-16      0.05                1.34       1.3
1989-03-17       0.0                2.09      2.97
1989-03-18       0.0                1.85      3.33
1989-03-19      0.31                2.39      5.27
1989-03-20      0.73                1.67      5.57
1989-03-21       0.9                 2.0      4.97
1989-03-22      0.05                2.58      5.17
1989-03-23      0.24                1.57       4.5
1989-03-24      1.56                1.17      4.23
1989-03-25      0.01                2.37      6.03
1989-03-26       0.0                2.38      6.43
1989-03-27      1.82                1.96      5.53
1989-03-28      3.83                1.66       6.7
1989-03-29      0.08                2.64       7.5
1989-03-30      7.45                2.53      6.64
1989-03-31      3.71                3.27     11.27
1989-04-01       0.0                3.17      8.47
1989-04-02       0.0                 3.6       8.9
1989-04-03       0.0                3.31       9.7
1989-04-04       0.0                3.22       9.1
1989-04-05       0.0                 3.4     10.57
1989-04-06       0.0                 3.5     11.63
1989-04-07       0.0                2.97     11.93
1989-04-08       0.0                3.53     12.93
1989-04-09       0.0                3.95     11.93
1989-04-10       0.0                3.17      8.27
1989-04-11       0.0                3.24      6.73
1989-04-12       0.0                3.96     10.83
1989-04-13       0.0                3.84      13.5
1989-04-14      0.18                2.44     13.67
1989-04-15      0.72                4.18      13.9
1989-04-16      2.02                1.98      9.63
1989-04-17      0.69                1.81     11.04
1989-04-18      0.13                2.61     13.83
1989-04-19       0.0                3.85     15.33
1989-04-20       0.0                4.36     16.37
1989-04-21       0.0                4.88     16.63
1989-04-22       0.0                2.67     15.57
1989-04-23       0.0                3.77     12.83
1989-04-24       0.0                4.46      12.8
1989-04-25       0.0                4.45      12.2
1989-04-26       3.0                2.25     10.77
1989-04-27      5.06                3.33     10.17
1989-04-28      0.06                3.85      9.67
1989-04-29       0.0                4.17     11.63
1989-04-30       0.0                3.26      13.1
1989-05-01       0.0                4.66      14.4
1989-05-02       0.0                5.69     16.73
1989-05-03       0.0                4.79     16.83
1989-05-04       0.0                5.07      18.2
1989-05-05       0.0                4.78      16.8
1989-05-06       0.0                5.92     16.67
1989-05-07       0.0                4.58     15.33
1989-05-08      3.51                1.75     14.37
1989-05-09      0.91                3.55     17.13
1989-05-10       4.1                3.38     15.97
1989-05-11     11.83                2.45     14.53
1989-05-12      4.89                3.66      15.4
1989-05-13     16.33                2.73      11.0
1989-05-14      3.06                2.43      9.87
1989-05-15      0.29                4.58     13.07
1989-05-16       0.0                4.33     15.34
1989-05-17       0.0                4.89     16.03
1989-05-18       0.0                5.04     18.07
1989-05-19       0.0                4.79     18.07
1989-05-20       0.0                3.48     18.33
1989-05-21       0.0                4.91     17.77
1989-05-22       0.0                3.65     17.24
1989-05-23       0.0                5.04     18.67
1989-05-24      5.63                3.31     16.57
1989-05-25      5.29                2.85      12.3
1989-05-26       0.0                3.25     15.57
1989-05-27       0.0                4.84     18.43
1989-05-28       0.0                5.14      18.6
1989-05-29       0.0                4.99      16.6
1989-05-30       0.0                4.92     17.83
1989-05-31       0.0                5.07      19.2
1989-06-01       0.0                4.64     20.33
1989-06-02       0.0                4.94     19.17
1989-06-03      1.61                5.17     20.33
1989-06-04     12.13                4.13      20.4
1989-06-05     27.88                3.26      18.4
1989-06-06      0.57                 5.4     21.07
1989-06-07      0.16                5.64      21.6
1989-06-08     18.85                2.82     16.63
1989-06-09       5.0                2.51      14.1
1989-06-10      0.86                4.55     13.37
1989-06-11      0.01                4.96      16.0
1989-06-12       0.0                3.85      19.4
1989-06-13       0.0                5.08     20.83
1989-06-14     18.18                 2.3      18.0
1989-06-15       1.3                2.34     18.07
1989-06-16      0.14                5.12     20.63
1989-06-17      0.28                4.68     19.13
1989-06-18      2.45                3.12     15.77
1989-06-19      0.09                2.86     14.23
1989-06-20       0.0                3.69      15.5
1989-06-21       0.0                4.88     17.53
1989-06-22       0.0                5.21     19.03
1989-06-23      0.04                5.98      21.6
1989-06-24      0.21                 3.5      18.6
1989-06-25      0.04                5.45     21.23
1989-06-26       0.0                3.67     22.07
1989-06-27      1.16                2.41     21.47
1989-06-28      0.06                5.09     23.17
1989-06-29       4.9                4.74     23.43
1989-06-30      3.92                5.37     22.03
1989-07-01      2.86                4.13     19.17
1989-07-02      0.48                4.08     17.03
1989-07-03      0.12                3.81     18.13
1989-07-04      1.19                4.97     19.73
1989-07-05       0.0                4.59     21.83
1989-07-06       0.0                5.69      20.9
1989-07-07       0.0                5.46     21.47
1989-07-08      8.56                2.29     20.17
1989-07-09      8.13                3.84     21.53
1989-07-10       1.3                4.13     23.83
1989-07-11      22.8                 2.3      19.8
1989-07-12       1.1                4.44     22.67
1989-07-13       0.0                4.61     23.53
1989-07-14       0.0                4.87      24.5
1989-07-15      1.38                2.24     21.83
1989-07-16      1.67                2.54      23.7
1989-07-17      1.07                4.01     26.03
1989-07-18       0.0                3.17      25.3
1989-07-19       0.0                3.31     27.23
1989-07-20     44.74                2.55     25.77
1989-07-21     32.59                3.39     23.57
1989-07-22      0.06                4.02     25.77
1989-07-23       0.0                4.36      26.1
1989-07-24      29.8                2.76     25.23
1989-07-25     61.49                2.16      23.1
1989-07-26     16.56                4.78      25.0
1989-07-27     50.64                2.19      20.3
1989-07-28     20.45                2.65     20.13
1989-07-29     21.28                2.16      20.5
1989-07-30       1.5                2.63      25.0
1989-07-31       0.0                5.56      24.9
1989-08-01      0.01                5.61     22.87
