1978-10-01       0.0                2.24     19.83
1978-10-02       0.0                2.02      18.5
1978-10-03      0.04                 1.5     18.44
1978-10-04      4.01                2.06     16.23
1978-10-05     10.05                2.46     14.07
1978-10-06      0.87                2.59     12.73
1978-10-07       0.0                2.36      12.8
1978-10-08       0.0                 2.0     12.87
1978-10-09      0.18                1.58     13.57
1978-10-10      0.07                2.01       9.4
1978-10-11       0.0                 2.3     11.44
1978-10-12       0.0                1.97       7.8
1978-10-13      0.06                2.12       7.8
1978-10-14       0.0                1.51     11.17
1978-10-15       0.0                 1.9      13.1
1978-10-16      0.96                1.87     10.87
1978-10-17       0.0                1.66     12.27
1978-10-18       0.0                1.34      13.1
1978-10-19      0.31                1.25      13.9
1978-10-20      0.05                 2.0      11.3
1978-10-21      0.14                1.48      9.07
1978-10-22       0.0                1.01      7.57
1978-10-23       0.0                1.34      11.3
1978-10-24      1.22                1.61     14.27
1978-10-25       0.0                1.83      14.4
1978-10-26      3.92                1.91     13.03
1978-10-27     22.09                1.54      9.63
1978-10-28      19.1                0.64      5.27
1978-10-29     18.59                1.16      4.87
1978-10-30       0.0                1.11      7.13
1978-10-31       0.0                1.44      9.07
1978-11-01      3.12                1.11       7.7
1978-11-02      0.86                1.09      7.47
1978-11-03       0.0                1.11      8.27
1978-11-04       0.0                1.07      8.43
1978-11-05       0.0                1.02      8.23
1978-11-06       0.0                0.93       9.0
1978-11-07       0.0                1.04     10.17
1978-11-08       0.0                1.25     10.93
1978-11-09      0.55                1.42       9.4
1978-11-10       0.0                1.17      11.0
1978-11-11      0.53                0.73      9.73
1978-11-12      1.74                1.07      9.47
1978-11-13       2.0                0.77     10.13
1978-11-14      3.24                0.77      10.6
1978-11-15      0.06                1.06      6.93
1978-11-16      0.03                0.73       5.7
1978-11-17      0.01                 0.9       8.4
1978-11-18      0.81                0.57      6.27
1978-11-19       0.0                1.41       4.7
1978-11-20       0.0                0.76      1.37
1978-11-21       0.0                0.66       1.3
1978-11-22       0.0                 0.6      2.33
1978-11-23       0.0                0.56       3.9
1978-11-24       0.0                0.61       4.9
1978-11-25       0.0                0.61      7.07
1978-11-26       0.0                0.47      6.24
1978-11-27      0.02                0.93       2.3
1978-11-28      0.04                0.88     -4.53
1978-11-29       0.0                 0.5      -3.1
1978-11-30       0.0                0.47      -0.3
1978-12-01      7.38                0.75      1.64
1978-12-02      1.93                1.01      1.23
1978-12-03      0.22                0.48      0.74
1978-12-04      3.56                0.87      2.97
1978-12-05       0.0                0.55     -1.96
1978-12-06       0.5                0.37       0.2
1978-12-07      1.23                0.52      6.07
1978-12-08       0.0                0.56      8.63
1978-12-09       0.0                 0.6      9.13
1978-12-10      7.51                0.55      4.87
1978-12-11       0.0                0.53      1.44
1978-12-12       0.0                0.47      1.57
1978-12-13       0.0                0.57      5.27
1978-12-14      6.57                0.39      2.57
1978-12-15      0.43                0.39      3.43
1978-12-16       0.0                0.44      2.97
1978-12-17       0.0                0.56      2.77
1978-12-18       0.0                0.46     -1.43
1978-12-19      8.68                0.46     -3.33
1978-12-20      1.35                0.44     -3.73
1978-12-21       0.0                0.36      -5.0
1978-12-22       0.0                0.35     -3.56
1978-12-23       0.0                0.33     -3.76
1978-12-24       0.0                0.32     -3.03
1978-12-25       0.0                0.37      -2.0
1978-12-26       0.0                0.41      0.94
1978-12-27      3.65                0.34       0.3
1978-12-28       0.0                0.42      1.07
1978-12-29       0.0                0.65      -5.5
1978-12-30       0.0                0.45     -7.76
1978-12-31       0.0                0.38     -7.13
1979-01-01       0.0                0.39      -5.6
1979-01-02       0.0                0.34     -4.43
1979-01-03      0.02                0.37      0.34
1979-01-04      0.14                0.41      2.77
1979-01-05       0.0                0.41      2.14
1979-01-06      0.22                0.46      0.37
1979-01-07      0.16                0.85      3.67
1979-01-08       0.0                0.56      4.24
1979-01-09      0.98                0.79      4.97
1979-01-10      0.46                0.66       5.3
1979-01-11      2.04                 0.8       1.3
1979-01-12      0.51                0.64      0.33
1979-01-13       0.0                1.26     -3.87
1979-01-14       0.0                 1.0     -7.63
1979-01-15      0.02                0.78      -6.1
1979-01-16       0.0                 0.6      -4.8
1979-01-17      0.04                0.66       1.1
1979-01-18       0.2                1.54     -3.97
1979-01-19      0.39                0.65      -8.2
1979-01-20      0.49                0.66      -3.2
1979-01-21      0.39                1.31     -5.06
1979-01-22      0.37                0.54     -5.53
1979-01-23      0.04                0.97      1.67
1979-01-24       0.0                0.79      1.14
1979-01-25       0.0                0.91      2.04
1979-01-26       0.0                1.54      5.74
1979-01-27      2.65                1.17      1.83
1979-01-28      4.99                1.02      2.03
1979-01-29      2.62                0.96      1.83
1979-01-30      3.45                1.34      2.47
1979-01-31     10.05                0.42     -1.33
1979-02-01      0.87                0.79      -8.7
1979-02-02       0.0                 0.5     -12.2
1979-02-03      0.39                0.33     -7.83
1979-02-04       0.0                0.49     -8.33
1979-02-05       0.0                0.49     -6.83
1979-02-06      0.29                0.97     -2.33
1979-02-07      0.61                0.41      -4.8
1979-02-08       0.0                0.75      0.67
1979-02-09       0.0                0.72      -1.4
1979-02-10       0.0                0.93       2.2
1979-02-11       0.0                1.64      1.84
1979-02-12       0.0                0.82       0.6
1979-02-13      0.12                1.58      3.07
1979-02-14       0.0                1.83      1.07
1979-02-15       0.0                1.37     -3.36
1979-02-16       1.1                0.83     -0.93
1979-02-17      9.91                 0.9       0.8
1979-02-18       0.0                1.76      0.34
1979-02-19       0.0                1.29       3.8
1979-02-20       0.0                0.81      3.67
1979-02-21      0.45                1.76       8.5
1979-02-22      0.46                2.06      4.13
1979-02-23       8.3                1.04      2.07
1979-02-24      2.69                1.24      3.23
1979-02-25       0.0                0.86      4.07
1979-02-26      0.48                1.76       3.4
1979-02-27      0.04                2.04      -0.6
1979-02-28       0.0                1.34     -1.57
1979-03-01       0.0                1.24     -2.66
1979-03-02       0.0                 1.4      -1.7
1979-03-03       0.0                1.36     -0.73
1979-03-04       0.0                1.59      1.07
1979-03-05       0.0                1.41      2.63
1979-03-06      0.34                1.27       3.3
1979-03-07       0.0                1.34      3.63
1979-03-08       0.0                1.88       5.8
1979-03-09       0.0                1.02      4.13
1979-03-10      0.04                2.37      7.83
1979-03-11      0.19                2.27      2.23
1979-03-12      0.05                1.66      2.77
1979-03-13      0.22                1.93      5.83
1979-03-14       0.0                1.87      4.67
1979-03-15       0.0                 2.2       4.8
1979-03-16       0.0                 2.7       5.5
1979-03-17       0.0                2.89      2.57
1979-03-18       0.0                2.22       1.6
1979-03-19       0.0                2.38      5.74
1979-03-20       0.0                2.63      6.57
1979-03-21       0.0                2.98       6.9
1979-03-22      2.05                2.39      5.17
1979-03-23      1.75                1.56      6.33
1979-03-24      5.02                1.49      3.33
1979-03-25       0.0                2.54      5.87
1979-03-26      2.03                2.61      6.84
1979-03-27       0.0                2.71      6.77
1979-03-28       0.0                2.93      10.6
1979-03-29       5.3                 1.3      8.27
1979-03-30     42.95                1.15      5.67
1979-03-31      3.85                2.64       6.9
1979-04-01       0.0                2.04       6.8
1979-04-02      5.93                1.19      4.57
1979-04-03      1.21                1.67       3.2
1979-04-04       0.0                2.45      4.77
1979-04-05       0.0                2.76      7.13
1979-04-06       0.0                 2.9       8.8
1979-04-07     24.16                1.65       9.9
1979-04-08     19.23                1.32     10.03
1979-04-09       0.0                3.47      8.17
1979-04-10       0.0                3.92      9.04
1979-04-11       0.0                3.41      11.7
1979-04-12       0.0                3.59     10.97
1979-04-13     10.03                 1.8       7.1
1979-04-14      0.05                 3.6      6.63
1979-04-15      0.64                3.28       7.7
1979-04-16       3.5                3.15      6.93
1979-04-17       0.0                2.98      6.27
1979-04-18       0.0                3.23      7.33
1979-04-19       0.0                3.75      10.9
1979-04-20       0.0                3.99     11.63
1979-04-21       0.0                 3.9      11.2
1979-04-22       0.0                3.23      12.4
1979-04-23      9.46                2.16      17.7
1979-04-24     19.78                2.25      12.0
1979-04-25       0.0                3.23     14.07
1979-04-26     11.61                1.81      9.63
1979-04-27     11.54                 3.4       8.9
1979-04-28      3.19                1.85     10.57
1979-04-29      6.68                3.16     12.77
1979-04-30      0.61                3.32     12.57
1979-05-01      0.58                3.69      11.3
