1984-10-01      0.06                1.72      18.4
1984-10-02      0.33                 1.3      15.8
1984-10-03      0.09                2.62     13.33
1984-10-04      0.01                1.96      9.84
1984-10-05       0.0                1.79      8.47
1984-10-06       0.0                1.94     12.77
1984-10-07      0.01                 2.1     12.33
1984-10-08       0.0                1.91     13.07
1984-10-09       0.0                1.81      12.7
1984-10-10       0.0                1.65      13.3
1984-10-11       0.0                2.46      14.6
1984-10-12      0.12                1.42     14.07
1984-10-13      0.09                2.21     12.63
1984-10-14       0.0                1.73     13.57
1984-10-15       0.0                1.83      12.4
1984-10-16       0.0                1.41      11.4
1984-10-17       0.0                2.24     14.07
1984-10-18       0.0                1.69      11.0
1984-10-19      1.54                1.89      11.4
1984-10-20      2.38                 2.0       7.8
1984-10-21      0.07                1.84      4.33
1984-10-22       0.0                0.84       6.9
1984-10-23       0.0                2.24     14.53
1984-10-24       0.0                1.08     12.33
1984-10-25       0.0                1.22      14.0
1984-10-26       1.6                1.52     13.67
1984-10-27      3.62                2.06      11.2
1984-10-28       0.0                 1.2       6.1
1984-10-29       0.0                1.38      5.43
1984-10-30       0.0                1.31       3.7
1984-10-31      0.01                0.83      3.87
1984-11-01      0.08                2.14      9.47
1984-11-02       0.0                1.12      4.27
1984-11-03       0.0                1.01      6.64
1984-11-04       0.0                1.41     11.43
1984-11-05      0.24                1.48     12.67
1984-11-06       0.0                0.95     11.83
1984-11-07       0.0                 1.2     13.87
1984-11-08       0.0                1.17     12.93
1984-11-09       0.0                0.75       9.6
1984-11-10      6.17                 0.6      6.37
1984-11-11      0.86                0.83      9.57
1984-11-12       0.0                1.07      5.03
1984-11-13       0.0                0.76      2.97
1984-11-14      4.61                0.64       5.4
1984-11-15      5.22                0.69      6.83
1984-11-16       0.0                0.72      7.34
1984-11-17       0.6                0.62       7.5
1984-11-18      5.75                1.11      6.93
1984-11-19      5.19                1.12       3.9
1984-11-20      0.67                0.99      2.17
1984-11-21      1.37                0.61      2.77
1984-11-22      0.85                0.53      3.57
1984-11-23       0.0                 0.5       3.7
1984-11-24      0.01                0.72       6.4
1984-11-25       0.0                0.55      3.87
1984-11-26      0.08                0.93      3.53
1984-11-27       0.0                1.03       0.9
1984-11-28      0.17                0.46     -1.77
1984-11-29      0.08                0.64       4.7
1984-11-30      1.52                0.53       6.0
1984-12-01      0.43                1.29      4.43
1984-12-02       0.0                0.47       0.8
1984-12-03       0.0                0.44      2.27
1984-12-04      0.06                0.44       2.6
1984-12-05       0.0                0.95      -0.9
1984-12-06       0.0                0.46      -2.0
1984-12-07      0.02                0.54      0.93
1984-12-08       0.0                 0.4      1.03
1984-12-09      3.59                0.71      5.03
1984-12-10      6.13                0.68      5.97
1984-12-11      0.99                1.18      5.03
1984-12-12      0.06                0.64      3.73
1984-12-13      1.18                0.47      2.43
1984-12-14       0.3                 0.7      4.37
1984-12-15      0.48                0.55      2.13
1984-12-16      2.66                0.43       0.4
1984-12-17      0.25                0.97      0.93
1984-12-18      0.35                0.85     -3.73
1984-12-19      0.03                0.39      -5.3
1984-12-20      0.01                0.65     -2.36
1984-12-21      0.04                 0.9     -4.83
1984-12-22      0.71                0.67     -8.13
1984-12-23       0.0                 0.7     -8.67
1984-12-24       0.0                0.61    -10.43
1984-12-25       0.0                0.55    -10.63
1984-12-26       0.0                 0.6     -6.37
1984-12-27       0.0                0.74      -7.7
1984-12-28       0.0                0.65     -9.63
1984-12-29       0.0                 0.6    -11.47
1984-12-30       0.0                0.36     -9.16
1984-12-31      0.08                0.57      -3.3
1985-01-01       0.0                0.53     -3.17
1985-01-02       0.0                0.33     -4.37
1985-01-03       0.0                0.33      -4.0
1985-01-04      0.04                0.33     -6.23
1985-01-05       0.0                0.48      -9.0
1985-01-06       0.0                0.66     -7.17
1985-01-07       0.0                0.31     -9.57
1985-01-08      0.04                 0.4     -9.93
1985-01-09      0.87                0.53     -7.63
1985-01-10       0.3                0.66      -8.8
1985-01-11      1.49                0.33     -9.63
1985-01-12      0.54                0.81     -8.63
1985-01-13      0.27                 0.6     -14.5
1985-01-14      0.34                0.43    -14.26
1985-01-15      1.38                0.42      -9.8
1985-01-16       0.0                0.48    -11.16
1985-01-17       0.0                0.36    -12.86
1985-01-18      0.32                0.31      -9.4
1985-01-19      2.55                0.31     -5.43
1985-01-20       0.4                0.61      -6.0
1985-01-21       0.0                0.35      -9.3
1985-01-22      0.01                0.48     -3.23
1985-01-23       0.0                0.37     -6.73
1985-01-24       0.0                0.58     -6.17
1985-01-25      0.07                 0.4    -10.26
1985-01-26      0.57                0.53      -4.9
1985-01-27      1.25                0.69      -2.5
1985-01-28      0.07                0.54     -8.76
1985-01-29      0.08                0.51     -13.7
1985-01-30      0.02                0.46     -15.1
1985-01-31       0.3                0.47     -7.33
1985-02-01      0.07                1.08      -0.6
1985-02-02      0.02                0.84     -3.73
1985-02-03       0.0                0.88      0.24
1985-02-04       0.0                0.57     -2.06
1985-02-05       0.0                0.86       1.7
1985-02-06       0.0                0.82      1.54
1985-02-07       0.0                0.87      0.93
1985-02-08       1.1                1.15      1.17
1985-02-09      4.44                1.18      1.93
1985-02-10       1.0                 0.8       0.9
1985-02-11       0.1                1.16      2.73
1985-02-12      0.69                0.89       0.1
1985-02-13      0.75                 0.9      -2.5
1985-02-14       0.0                1.04     -6.16
1985-02-15      0.57                1.04      0.27
1985-02-16      1.34                1.04     -0.53
1985-02-17      0.37                1.16      -2.9
1985-02-18      0.79                0.69       0.0
1985-02-19      1.59                1.35      3.23
1985-02-20      1.16                 1.2     -4.07
1985-02-21      0.15                1.23     -8.97
1985-02-22      0.03                1.23     -8.03
1985-02-23       0.0                1.16      -9.0
1985-02-24       0.0                 1.0     -8.43
1985-02-25       0.0                1.13     -6.23
1985-02-26      0.06                1.25     -2.47
1985-02-27      0.11                 1.8      -1.0
1985-02-28      0.01                1.44      2.23
1985-03-01       0.0                0.88      2.43
1985-03-02      0.09                1.14      3.37
1985-03-03       0.0                1.75      2.67
1985-03-04       0.0                1.87      1.73
1985-03-05       0.0                1.91      -1.1
1985-03-06       0.0                1.48     -2.43
1985-03-07      1.82                1.78      2.17
1985-03-08      6.68                 1.0       1.1
1985-03-09      0.22                2.17     -0.33
1985-03-10      0.04                1.53     -3.83
1985-03-11       0.0                1.95      1.23
1985-03-12       0.0                1.92      -0.4
1985-03-13       0.0                1.58      2.07
1985-03-14       0.0                2.16       2.7
1985-03-15       0.0                2.45      2.23
1985-03-16       0.0                1.74      2.83
1985-03-17       0.0                2.36      6.63
1985-03-18       0.0                2.18       4.3
1985-03-19       0.0                2.75       8.2
1985-03-20       0.0                2.12      6.33
1985-03-21       0.0                2.45      5.63
1985-03-22       0.0                2.49       3.9
1985-03-23       0.0                2.45       6.1
1985-03-24      2.75                2.87      7.53
1985-03-25     15.16                1.21       6.0
1985-03-26      1.85                 2.2       6.4
1985-03-27      1.55                1.24       4.5
1985-03-28       0.0                1.81      4.43
1985-03-29       0.0                2.36      2.33
1985-03-30       0.0                2.56      1.67
1985-03-31       0.0                 2.5      2.57
1985-04-01       0.0                2.78      4.97
1985-04-02       0.2                2.78      7.53
1985-04-03      11.4                1.26       5.7
1985-04-04       4.9                1.18      3.63
1985-04-05      0.52                3.33      8.37
1985-04-06       0.0                2.37      7.97
1985-04-07       0.0                3.19      9.63
1985-04-08       0.0                3.68     12.73
1985-04-09       0.0                3.85     14.27
1985-04-10      0.17                2.87     10.53
1985-04-11      0.53                3.38       6.8
1985-04-12      0.09                4.82      7.47
1985-04-13       0.0                5.01      9.73
1985-04-14       0.0                3.36      8.97
1985-04-15       0.0                3.95     10.27
1985-04-16      0.04                3.19      11.3
1985-04-17       4.1                1.65      9.47
1985-04-18      2.73                 2.5     11.07
1985-04-19      9.43                2.34     11.53
1985-04-20      0.62                2.42     12.57
1985-04-21      0.07                3.57      13.5
1985-04-22       2.6                2.37      14.1
1985-04-23      1.97                1.94       8.6
1985-04-24      0.77                2.79     10.63
1985-04-25      2.14                2.67      13.7
1985-04-26      15.6                2.16     10.37
1985-04-27      0.31                3.97       9.8
1985-04-28      0.05                2.98      9.27
1985-04-29       0.0                3.35     11.63
1985-04-30       0.0                 4.8     16.43
1985-05-01       0.0                2.76      17.2
