1978-04-01       0.0                 2.4      5.77
1978-04-02      3.39                1.98       6.2
1978-04-03      0.34                2.91      5.77
1978-04-04       0.0                2.36      6.07
1978-04-05      6.48                2.68       8.6
1978-04-06      0.83                2.32      5.03
1978-04-07       0.0                3.31      6.84
1978-04-08       0.0                3.87     10.77
1978-04-09       0.0                3.55     12.43
1978-04-10       0.0                4.12      9.97
1978-04-11      4.01                1.48      9.43
1978-04-12      4.44                1.79      8.57
1978-04-13       0.0                3.14     10.73
1978-04-14      0.39                3.89      14.9
1978-04-15      1.41                2.29     11.93
1978-04-16      1.42                2.74      9.63
1978-04-17       0.0                3.12       9.4
1978-04-18       0.0                3.45     11.57
1978-04-19      0.55                1.32       9.3
1978-04-20       0.0                3.62       8.4
1978-04-21       0.0                3.78      9.64
1978-04-22       0.0                3.82     10.13
1978-04-23       0.0                4.39     12.47
1978-04-24       0.0                3.45     11.44
1978-04-25       0.0                3.94     11.33
1978-04-26       0.0                4.58      11.8
1978-04-27       0.0                4.63     16.74
1978-04-28       0.0                1.72      13.2
1978-04-29       0.0                3.98      15.0
1978-04-30      0.87                 2.4     17.83
1978-05-01       0.0                5.16     15.33
1978-05-02       0.0                4.54      13.7
1978-05-03       0.0                4.32      13.0
1978-05-04       0.0                4.87     15.04
1978-05-05       0.0                 4.2     15.23
1978-05-06       0.0                 4.8      15.9
1978-05-07       0.0                4.19     15.17
1978-05-08       0.0                4.62     16.57
1978-05-09       0.0                4.24     16.07
1978-05-10       0.0                 4.3     13.37
1978-05-11       0.0                 4.7     13.27
1978-05-12       0.0                4.78     16.37
1978-05-13       0.0                4.55     18.33
1978-05-14       0.0                4.67     17.77
1978-05-15       0.0                4.86     17.83
1978-05-16       0.0                5.39      16.7
1978-05-17       0.0                4.92      17.8
1978-05-18      9.16                2.06      15.7
1978-05-19      6.88                2.03     13.67
1978-05-20      0.15                2.29      14.8
1978-05-21       0.0                4.16      19.1
1978-05-22       0.0                4.02     19.73
1978-05-23       0.0                5.31     19.97
1978-05-24      0.05                 4.0      19.1
1978-05-25       0.0                4.98     20.47
1978-05-26       0.0                5.05     20.23
1978-05-27      0.47                4.98      21.9
1978-05-28      2.36                5.18     20.47
1978-05-29     11.91                3.15     16.23
1978-05-30      0.13                4.73     13.07
1978-05-31       0.0                3.64     14.77
1978-06-01       0.0                5.05     16.73
1978-06-02       0.0                3.66      17.8
1978-06-03      3.58                3.86      17.5
1978-06-04      1.15                4.63     18.07
1978-06-05      9.71                3.12     15.97
1978-06-06      0.67                4.68     18.37
1978-06-07       0.0                5.03     19.63
1978-06-08       0.0                5.26      20.7
1978-06-09     14.76                3.87     21.83
1978-06-10      2.75                3.82      23.3
1978-06-11      0.17                4.78      23.9
1978-06-12     13.48                3.47      20.6
1978-06-13      0.14                5.43     18.67
1978-06-14       0.0                3.53     19.53
1978-06-15      5.08                 3.4     21.07
1978-06-16       0.0                4.44      22.8
1978-06-17       0.0                 5.2      23.4
1978-06-18      4.62                2.84     21.07
1978-06-19      0.19                4.97     22.87
1978-06-20      0.16                 3.3      20.3
1978-06-21       0.2                3.94      20.4
1978-06-22       0.0                5.01     22.07
1978-06-23       0.0                 5.4     22.27
1978-06-24       0.0                4.65     23.63
1978-06-25    123.92                2.11      19.2
1978-06-26    130.23                2.13      21.3
1978-06-27      6.85                 3.5     22.03
1978-06-28      1.86                3.63     22.43
1978-06-29      33.9                2.19     21.13
1978-06-30     52.51                2.13     20.23
1978-07-01      11.8                3.64     23.73
1978-07-02     10.36                2.26      23.6
1978-07-03      3.19                 3.2     26.43
1978-07-04      0.15                5.15     27.07
1978-07-05      2.18                3.42      24.3
1978-07-06      6.83                3.98      25.9
1978-07-07      6.33                3.38     25.07
1978-07-08      8.89                3.22     25.83
1978-07-09      7.92                2.24     24.37
1978-07-10      1.02                3.12     23.83
1978-07-11     41.38                 2.2     22.53
1978-07-12     41.18                3.74     21.77
1978-07-13      4.03                2.98     21.97
1978-07-14     17.29                3.22     24.87
1978-07-15     10.05                2.28      23.9
1978-07-16      5.82                2.97     24.63
1978-07-17      4.41                2.97      23.8
1978-07-18      2.16                3.72     24.13
1978-07-19      0.69                3.02      23.2
1978-07-20      0.07                3.62      24.9
1978-07-21       0.0                4.11     25.77
1978-07-22       0.0                5.08     26.63
1978-07-23       0.0                3.79     27.53
1978-07-24       0.0                4.89      27.9
1978-07-25       3.6                5.29     27.97
1978-07-26      2.63                5.16     28.47
1978-07-27      0.65                5.68     28.93
1978-07-28      0.59                5.34     28.77
1978-07-29      1.63                 5.5     28.77
1978-07-30     21.01                2.22     24.67
1978-07-31       0.0                5.86     27.27
1978-08-01      4.07                4.77     28.07
1978-08-02      5.77                2.66     26.73
1978-08-03     13.96                4.31      25.9
1978-08-04       0.0                4.84     25.63
1978-08-05       0.0                4.57      26.2
1978-08-06       0.0                4.66     26.67
1978-08-07       1.9                3.75      25.3
1978-08-08      3.49                3.07     25.33
1978-08-09      5.75                4.16     26.87
1978-08-10      0.43                3.59     26.67
1978-08-11      1.47                3.64     26.47
1978-08-12       3.8                3.87      27.1
1978-08-13      7.68                2.07      24.6
1978-08-14     22.31                2.17      25.1
1978-08-15     29.59                2.07     24.67
1978-08-16     60.32                1.97     22.97
1978-08-17     14.38                4.45      23.1
1978-08-18     27.67                1.86     21.53
1978-08-19     73.83                1.83     20.93
1978-08-20     33.27                1.74     18.47
1978-08-21       0.0                 2.9     22.73
1978-08-22       0.0                3.83     24.33
1978-08-23       0.0                4.06     25.33
1978-08-24       0.0                4.19     25.43
1978-08-25      1.29                3.35     25.83
1978-08-26      0.36                2.29      25.8
1978-08-27      0.01                3.96     27.33
1978-08-28       0.0                 3.2     26.63
1978-08-29     12.75                1.97     22.83
1978-08-30      3.82                1.81     17.97
1978-08-31      0.13                3.62      19.0
1978-09-01       0.3                3.33     18.53
1978-09-02      0.02                2.24     19.03
1978-09-03     18.77                1.68     19.93
1978-09-04      0.53                1.76      19.1
1978-09-05      1.14                3.52      21.5
1978-09-06      0.72                3.56      22.1
1978-09-07      4.66                1.67     19.13
1978-09-08      3.25                 1.6     19.03
1978-09-09     17.48                1.64     20.03
1978-09-10      3.75                1.97      15.3
1978-09-11       0.0                3.64     15.73
1978-09-12       0.0                3.63     16.67
1978-09-13       0.0                2.63     17.03
1978-09-14       0.0                2.44     17.07
1978-09-15      0.47                3.26      19.4
1978-09-16       0.0                3.72     20.97
1978-09-17       0.0                2.05     18.53
1978-09-18      3.77                1.66     18.03
1978-09-19      0.62                2.77     15.97
1978-09-20       0.0                2.81     16.27
1978-09-21       0.0                 2.2     16.74
1978-09-22       0.0                 2.0      16.1
1978-09-23       0.4                 2.2     17.23
1978-09-24       0.0                2.38     19.64
1978-09-25       0.0                2.49      19.4
1978-09-26      0.17                2.33     19.63
1978-09-27      0.05                2.81     19.93
1978-09-28       0.0                1.33      16.9
1978-09-29       0.0                2.54      20.1
1978-09-30       0.0                2.34      19.5
1978-10-01       0.0                2.24     19.83
1978-10-02       0.0                2.02      18.5
1978-10-03      0.04                 1.5     18.44
1978-10-04      4.01                2.06     16.23
1978-10-05     10.05                2.46     14.07
1978-10-06      0.87                2.59     12.73
1978-10-07       0.0                2.36      12.8
1978-10-08       0.0                 2.0     12.87
1978-10-09      0.18                1.58     13.57
1978-10-10      0.07                2.01       9.4
1978-10-11       0.0                 2.3     11.44
1978-10-12       0.0                1.97       7.8
1978-10-13      0.06                2.12       7.8
1978-10-14       0.0                1.51     11.17
1978-10-15       0.0                 1.9      13.1
1978-10-16      0.96                1.87     10.87
1978-10-17       0.0                1.66     12.27
1978-10-18       0.0                1.34      13.1
1978-10-19      0.31                1.25      13.9
1978-10-20      0.05                 2.0      11.3
1978-10-21      0.14                1.48      9.07
1978-10-22       0.0                1.01      7.57
1978-10-23       0.0                1.34      11.3
1978-10-24      1.22                1.61     14.27
1978-10-25       0.0                1.83      14.4
1978-10-26      3.92                1.91     13.03
1978-10-27     22.09                1.54      9.63
1978-10-28      19.1                0.64      5.27
1978-10-29     18.59                1.16      4.87
1978-10-30       0.0                1.11      7.13
1978-10-31       0.0                1.44      9.07
1978-11-01      3.12                1.11       7.7
