1992-03-01       2.5                1.63      3.77
1992-03-02      0.63                1.54       2.6
1992-03-03       0.2                1.88      1.43
1992-03-04      0.67                1.49      1.67
1992-03-05      3.39                1.08      0.27
1992-03-06      0.91                 1.6     -1.33
1992-03-07      0.03                1.49     -1.06
1992-03-08      0.03                 1.4       2.6
1992-03-09       0.0                1.74       4.5
1992-03-10       0.0                1.95       4.5
1992-03-11       0.0                 1.3       3.8
1992-03-12       0.0                1.83      5.37
1992-03-13       0.0                1.88      6.97
1992-03-14      0.03                1.26       6.7
1992-03-15      0.23                2.21      8.07
1992-03-16      0.68                1.72      2.67
1992-03-17      1.27                1.32      2.93
1992-03-18      0.52                1.51      3.67
1992-03-19       0.0                2.48      5.57
1992-03-20      0.43                1.59      3.77
1992-03-21      0.69                1.77       2.7
1992-03-22      0.95                2.08      4.07
1992-03-23      1.77                1.09      4.57
1992-03-24      0.23                1.04       5.0
1992-03-25       0.0                 2.4      7.73
1992-03-26       0.0                2.77      7.83
1992-03-27       0.0                3.37       8.4
1992-03-28       0.0                3.06      8.43
1992-03-29       0.0                3.06      9.93
1992-03-30       0.0                2.96       9.2
1992-03-31       0.0                2.91       9.6
1992-04-01       0.0                3.86      12.4
1992-04-02       0.0                2.78      10.1
1992-04-03       0.0                2.94     11.37
1992-04-04       0.0                2.94     13.43
1992-04-05      0.14                 3.5      13.4
1992-04-06      0.62                3.21      7.57
1992-04-07      0.28                3.49      7.87
1992-04-08      2.09                2.83     10.67
1992-04-09      3.28                3.96     14.63
1992-04-10      4.63                2.36       8.5
1992-04-11      3.07                2.03       6.7
1992-04-12      2.53                1.59      3.37
1992-04-13      0.62                2.31       5.9
1992-04-14      0.98                2.77      7.83
1992-04-15      2.88                1.79      4.17
1992-04-16       5.1                2.14      5.37
1992-04-17       5.8                2.56       9.8
1992-04-18      3.97                2.68      11.3
1992-04-19      0.01                3.76      9.74
1992-04-20       0.0                3.37      11.4
1992-04-21      5.76                1.65     12.33
1992-04-22      0.33                4.21     12.03
1992-04-23      2.45                4.71     13.37
1992-04-24      0.19                4.76      12.1
1992-04-25       0.0                 4.0      10.9
1992-04-26       0.0                4.19     13.67
1992-04-27       0.0                4.35     14.53
1992-04-28      4.28                1.77     11.07
1992-04-29      0.72                3.34     13.33
1992-04-30      1.33                1.61       9.0
1992-05-01      0.01                3.03      11.7
1992-05-02       0.0                4.42     14.13
1992-05-03      0.04                4.74      15.9
1992-05-04       0.0                3.11      16.2
1992-05-05       0.0                4.05      15.9
1992-05-06     18.33                2.35     14.13
1992-05-07     39.85                1.61      11.3
1992-05-08      8.85                1.95      14.3
1992-05-09      1.26                4.17     12.13
1992-05-10       0.0                4.17     11.53
1992-05-11       0.0                4.32     13.23
1992-05-12      9.99                3.33     14.93
1992-05-13      7.75                1.74      12.2
1992-05-14      0.34                4.02      15.5
1992-05-15      0.61                3.95     14.63
1992-05-16      2.36                2.17      12.9
1992-05-17      0.01                 3.1     15.23
1992-05-18       0.0                4.26     15.67
1992-05-19       0.0                4.54      17.3
1992-05-20       0.0                5.01      17.4
1992-05-21       0.0                4.47     17.97
1992-05-22      2.83                4.75     16.27
1992-05-23      9.92                3.81      13.0
1992-05-24      4.17                2.82      9.73
1992-05-25      4.67                3.04      10.9
1992-05-26      9.89                2.83     11.33
1992-05-27      0.49                3.89     12.33
1992-05-28      0.74                 2.0      12.4
1992-05-29       0.0                4.14     16.33
1992-05-30       0.0                4.92     18.13
1992-05-31       0.0                4.87      19.6
1992-06-01       0.0                5.32      20.6
1992-06-02       0.0                5.02     21.37
1992-06-03       0.0                3.21     20.47
1992-06-04     17.91                2.03     18.47
1992-06-05      0.56                3.99     20.63
1992-06-06      0.22                2.91      20.2
1992-06-07      0.43                3.04     16.67
1992-06-08      3.56                4.37     14.13
1992-06-09     15.63                3.54      17.8
1992-06-10     14.24                3.37      17.7
1992-06-11      2.03                2.88     15.67
1992-06-12      0.31                4.43     17.93
1992-06-13       0.0                2.98     18.03
1992-06-14       0.0                4.45     19.47
1992-06-15      0.56                5.17      19.2
1992-06-16       1.0                4.54     19.73
1992-06-17     11.45                3.09      18.6
1992-06-18      2.41                3.91     17.23
1992-06-19      0.18                4.36     16.33
1992-06-20       0.0                5.13      17.4
1992-06-21      3.53                 3.8      19.2
1992-06-22      1.72                3.63     18.67
1992-06-23      0.05                3.82      16.5
1992-06-24       0.0                5.09     17.67
1992-06-25      2.39                4.82     19.57
1992-06-26      0.07                4.36     20.87
1992-06-27       0.0                4.92     20.47
1992-06-28       0.0                5.11     20.67
1992-06-29       0.0                 5.0      22.4
1992-06-30       0.0                4.56      22.4
1992-07-01      1.22                4.47     21.53
1992-07-02     17.17                2.39      18.9
1992-07-03      1.87                3.07     21.73
1992-07-04      5.31                4.97     23.27
1992-07-05      0.06                5.61      22.9
1992-07-06       0.0                5.34     22.53
1992-07-07      0.18                5.58     22.77
1992-07-08      1.42                 4.7     23.73
1992-07-09     15.68                4.53     23.07
1992-07-10     27.67                2.71     21.37
1992-07-11      9.95                2.12      19.4
1992-07-12      0.35                3.09     20.63
1992-07-13      0.31                3.97     22.53
1992-07-14      0.37                3.14      22.8
1992-07-15       6.6                3.66      22.8
1992-07-16      4.66                4.56     22.77
1992-07-17     39.95                2.17     20.43
1992-07-18      1.52                4.63     24.37
1992-07-19      0.18                4.69      25.1
1992-07-20      3.11                2.79     24.73
1992-07-21      2.61                4.21     26.63
1992-07-22      7.16                4.26      26.4
1992-07-23      0.03                5.53     25.33
1992-07-24       0.0                2.31     24.57
1992-07-25      0.08                2.54      25.4
1992-07-26       0.0                4.66     26.87
1992-07-27       0.7                2.41      24.6
1992-07-28       1.9                3.92     27.23
1992-07-29      0.11                4.19      27.7
1992-07-30      7.64                 2.5      25.0
1992-07-31       0.2                4.41      25.4
1992-08-01      0.55                4.79      24.5
1992-08-02      0.75                3.98      23.9
1992-08-03      0.14                4.78     21.67
1992-08-04       0.0                5.18      20.6
1992-08-05      0.38                4.42     20.87
1992-08-06      7.16                2.17      22.1
1992-08-07    107.76                1.99     19.77
1992-08-08      4.59                 2.8     21.33
1992-08-09      0.01                4.68     21.87
1992-08-10     16.43                3.75     23.43
1992-08-11       3.0                2.16     23.73
1992-08-12      1.09                2.68     21.47
1992-08-13     10.39                4.57     22.97
1992-08-14     25.45                1.98     19.43
1992-08-15      6.05                2.01      19.6
1992-08-16       3.2                2.47     21.47
1992-08-17       5.0                1.98     19.97
1992-08-18       8.1                3.94     20.37
1992-08-19      5.01                3.82     21.43
1992-08-20      7.03                3.01     21.97
1992-08-21      0.82                4.01     21.63
1992-08-22      0.72                3.36     23.47
1992-08-23      1.32                1.96      23.8
1992-08-24     13.55                2.98     24.03
1992-08-25      4.17                4.11     22.17
1992-08-26     62.47                3.66     21.97
1992-08-27     46.98                1.82      21.0
1992-08-28      3.93                1.94     22.53
1992-08-29      0.03                4.48     25.23
1992-08-30       0.0                4.74     25.07
1992-08-31      0.03                3.68     25.23
1992-09-01     11.12                1.94     23.07
1992-09-02      9.18                2.03     24.17
1992-09-03      2.08                2.08     24.43
1992-09-04      0.38                3.77     23.33
1992-09-05       0.0                3.36     23.43
1992-09-06       0.0                3.19     23.17
1992-09-07      0.59                1.74      20.8
1992-09-08      0.01                3.07     21.23
1992-09-09      1.22                3.13     19.17
1992-09-10      0.34                3.39      18.7
1992-09-11      0.04                2.84     19.43
1992-09-12      2.77                1.53      17.5
1992-09-13       0.7                2.23      19.3
1992-09-14      0.03                2.31     19.67
1992-09-15      0.49                2.86     20.43
1992-09-16       0.0                2.59     18.63
1992-09-17       0.0                3.21     16.97
1992-09-18       0.0                2.88      18.5
1992-09-19       0.0                 2.7      17.4
1992-09-20      0.06                3.04     17.17
1992-09-21      0.35                3.16     16.87
1992-09-22      0.31                3.05     17.33
1992-09-23      3.42                2.78      17.1
1992-09-24     49.23                1.36     18.07
1992-09-25      2.05                2.53     17.47
1992-09-26      0.04                2.93     12.97
1992-09-27       7.6                2.47     12.84
1992-09-28     24.73                1.12     10.83
1992-09-29     11.19                2.51     15.37
1992-09-30      0.09                2.16      14.1
1992-10-01       0.0                2.03     15.87
