1974-09-01      7.32                 3.4      21.5
1974-09-02     31.14                1.94     19.33
1974-09-03      8.89                4.28      22.7
1974-09-04       0.0                3.81     22.63
1974-09-05       0.3                3.94     21.73
1974-09-06      0.24                3.42     21.37
1974-09-07      1.46                2.84     20.67
1974-09-08       0.0                3.82      20.9
1974-09-09       0.0                4.09     17.87
1974-09-10       0.0                3.78     18.07
1974-09-11       0.0                3.23     18.87
1974-09-12       0.0                3.25     20.67
1974-09-13       0.0                3.33      19.0
1974-09-14     29.78                 2.8      19.0
1974-09-15       0.0                3.58      15.8
1974-09-16       0.0                2.83      14.5
1974-09-17      2.74                2.76     16.83
1974-09-18       0.0                3.17     13.93
1974-09-19       0.0                2.42      12.8
1974-09-20       0.0                 2.4     13.73
1974-09-21       0.0                 2.8      15.9
1974-09-22       0.0                2.68     16.07
1974-09-23       0.0                2.71      17.3
1974-09-24      0.28                 2.4     16.93
1974-09-25       0.0                2.48      17.2
1974-09-26       0.0                2.42     17.73
1974-09-27       0.0                 2.5     17.53
1974-09-28      3.27                2.67      16.6
1974-09-29       0.0                2.57     15.33
1974-09-30      3.33                 1.7      13.8
1974-10-01       8.4                1.33     14.87
1974-10-02       0.6                2.26      17.3
1974-10-03       0.1                2.81     14.43
1974-10-04       0.0                 2.3     11.67
1974-10-05       0.0                2.32     12.07
1974-10-06      0.03                2.62      13.5
1974-10-07      0.33                1.21     12.47
1974-10-08       0.8                1.87     15.23
1974-10-09      0.08                 2.1     10.17
1974-10-10       0.0                1.86      9.17
1974-10-11       0.0                1.86     10.63
1974-10-12       0.0                2.19     10.53
1974-10-13       0.0                1.92     11.43
1974-10-14       0.0                1.56      10.4
1974-10-15      3.04                2.11      11.9
1974-10-16      1.66                1.86      12.3
1974-10-17      2.46                1.49     12.93
1974-10-18     23.26                1.07      12.9
1974-10-19       0.8                1.87      12.7
1974-10-20       0.0                2.28      8.87
1974-10-21      0.11                1.68       8.3
1974-10-22      1.61                1.73      8.03
1974-10-23      0.33                1.81      5.84
1974-10-24       0.0                1.23      7.23
1974-10-25      0.03                1.21       8.9
1974-10-26      0.58                0.94       9.1
1974-10-27       0.0                1.66      11.1
1974-10-28       0.0                1.76      5.67
1974-10-29       0.0                1.04      5.87
1974-10-30       0.1                1.18      10.4
1974-10-31       0.0                2.77      5.03
1974-11-01       0.0                2.02       1.7
1974-11-02       0.0                1.18       2.2
1974-11-03       0.0                1.72      4.97
1974-11-04       0.0                1.18     10.33
1974-11-05       0.0                1.54      9.83
1974-11-06       0.0                1.38     10.93
1974-11-07       0.0                1.15      10.3
1974-11-08       0.0                0.99      10.2
1974-11-09       1.7                1.34      7.27
1974-11-10       0.0                1.17      5.83
1974-11-11       0.0                0.89       3.3
1974-11-12       0.0                 1.5     -0.87
1974-11-13       0.0                1.04      -2.4
1974-11-14       0.0                0.83     -1.63
1974-11-15       0.0                0.78      -0.1
1974-11-16      0.22                0.72      2.53
1974-11-17      2.34                0.52       1.4
1974-11-18      0.98                 0.9      0.54
1974-11-19       0.1                0.87       2.0
1974-11-20      4.72                 0.9       7.5
1974-11-21      1.22                2.33      2.87
1974-11-22       0.0                1.02     -0.13
1974-11-23      0.77                 0.4      -2.1
1974-11-24       0.6                0.63       1.9
1974-11-25       0.0                 0.5      0.83
1974-11-26       0.0                0.75      4.67
1974-11-27       0.0                0.43      2.57
1974-11-28       0.0                0.47       2.5
1974-11-29       0.0                0.59      3.34
1974-11-30      0.87                0.45      2.14
1974-12-01      0.07                0.55      4.17
1974-12-02      6.76                1.27       3.9
1974-12-03      1.27                 0.9     -0.37
1974-12-04       0.0                0.81     -6.27
1974-12-05       0.0                0.74     -5.37
1974-12-06      0.12                0.55     -6.43
1974-12-07       0.0                0.54     -3.03
1974-12-08       0.0                0.46     -3.73
1974-12-09       0.0                0.53     -2.56
1974-12-10      0.08                0.61      -0.1
1974-12-11      0.65                0.57     -0.27
1974-12-12      1.22                0.55      0.27
1974-12-13      2.76                0.95     -0.23
1974-12-14      0.13                1.12     -6.56
1974-12-15       0.0                0.48      -7.6
1974-12-16       0.0                0.48     -4.33
1974-12-17      1.25                0.46     -2.16
1974-12-18      0.17                0.74      -2.8
1974-12-19       0.0                0.54     -7.43
1974-12-20      0.04                0.66      -5.4
1974-12-21       0.0                0.49     -6.23
1974-12-22       0.0                0.42     -4.46
1974-12-23       0.0                0.47     -2.93
1974-12-24       0.0                1.33      -0.8
1974-12-25       0.0                1.01      -3.1
1974-12-26       0.0                0.66     -2.16
1974-12-27       0.0                0.37     -2.83
1974-12-28      0.02                0.39     -1.96
1974-12-29       0.2                 0.5      0.23
1974-12-30      0.03                0.67      2.47
1974-12-31       0.0                0.33     -1.16
1975-01-01      0.67                1.11      -0.1
1975-01-02      0.66                0.47      -1.9
1975-01-03      0.84                0.46      -4.1
1975-01-04       0.0                0.55     -0.63
1975-01-05       0.0                0.52     -2.73
1975-01-06       0.0                0.45     -3.16
1975-01-07       0.0                0.58     -0.43
1975-01-08       0.0                 1.2       2.1
1975-01-09       0.0                1.05     -3.87
1975-01-10       0.0                0.95      -7.2
1975-01-11       0.0                0.84     -8.16
1975-01-12       0.0                0.73     -8.86
1975-01-13       0.0                0.73     -6.33
1975-01-14       0.0                 0.7     -5.06
1975-01-15       0.0                0.79     -3.13
1975-01-16      0.62                 0.8      -6.4
1975-01-17       0.0                0.63     -10.0
1975-01-18       0.0                0.93     -9.57
1975-01-19       0.0                0.56     -8.96
1975-01-20       0.0                0.79     -7.83
1975-01-21      0.16                0.61     -6.33
1975-01-22      0.64                0.51      -2.1
1975-01-23      0.01                0.67      -0.5
1975-01-24      4.33                0.46     -0.33
1975-01-25      0.74                0.63      0.43
1975-01-26       0.0                0.71      -3.5
1975-01-27      0.58                0.72      -3.2
1975-01-28      0.18                0.93     -7.93
1975-01-29      0.01                0.63      -9.5
1975-01-30       0.0                0.76      -5.6
1975-01-31       0.0                0.64     -6.43
1975-02-01       0.0                0.72     -2.13
1975-02-02      0.18                1.27     -0.43
1975-02-03      0.24                1.32       0.5
1975-02-04      7.17                 0.7      2.53
1975-02-05      0.86                0.68       1.9
1975-02-06      0.05                0.65      1.93
1975-02-07      0.14                1.07      -0.4
1975-02-08       0.0                1.24     -6.27
1975-02-09       0.0                1.14      -5.8
1975-02-10      0.02                0.99     -7.37
1975-02-11       0.0                0.85     -6.23
1975-02-12      0.08                1.35     -1.03
1975-02-13       0.0                1.14      -2.9
1975-02-14      1.92                 1.2       1.8
1975-02-15      1.71                1.43     -3.37
1975-02-16       0.0                1.18      -5.7
1975-02-17      1.63                 1.2     -7.17
1975-02-18      0.09                0.85     -6.03
1975-02-19      0.75                1.23      -1.9
1975-02-20      0.83                1.05     -3.43
1975-02-21       0.1                1.05     -5.67
1975-02-22       0.0                1.04     -6.63
1975-02-23       0.0                1.13     -6.03
1975-02-24      0.02                 1.0       2.2
1975-02-25       0.0                1.97      -0.4
1975-02-26       0.0                1.47     -2.77
1975-02-27      0.03                1.73     -1.63
1975-02-28      1.28                0.89     -3.43
1975-03-01      0.57                1.42     -2.03
1975-03-02       0.0                1.25     -1.27
1975-03-03      0.09                1.54      0.73
1975-03-04      0.12                 1.9      1.87
1975-03-05      3.46                1.15      1.43
1975-03-06      3.29                1.27       1.6
1975-03-07       0.0                1.54      1.73
1975-03-08      0.97                 2.0      2.74
1975-03-09     11.36                1.26      4.13
1975-03-10      4.43                1.51      2.37
1975-03-11      2.22                1.75       3.2
1975-03-12       0.0                1.58      1.04
1975-03-13       0.0                1.78       0.6
1975-03-14       0.0                2.24       2.6
1975-03-15      0.34                2.09      1.37
1975-03-16      1.59                0.92      3.23
1975-03-17      0.15                2.25      5.13
1975-03-18      1.16                1.66      4.97
1975-03-19      3.66                 1.1      5.33
1975-03-20      7.13                1.05      3.43
1975-03-21       0.0                2.02      3.53
1975-03-22       0.0                2.82      5.23
1975-03-23      0.58                2.62       4.3
1975-03-24       0.0                2.75      1.63
1975-03-25       0.0                2.16      -0.2
1975-03-26       0.0                2.09      1.87
1975-03-27       0.0                 2.6      4.63
1975-03-28      0.99                2.87       5.5
1975-03-29      4.46                1.11      5.57
1975-03-30      1.21                2.28       6.6
1975-03-31      0.16                2.33       4.8
1975-04-01      1.99                2.27      2.63
