1989-05-01       0.0                4.66      14.4
1989-05-02       0.0                5.69     16.73
1989-05-03       0.0                4.79     16.83
1989-05-04       0.0                5.07      18.2
1989-05-05       0.0                4.78      16.8
1989-05-06       0.0                5.92     16.67
1989-05-07       0.0                4.58     15.33
1989-05-08      3.51                1.75     14.37
1989-05-09      0.91                3.55     17.13
1989-05-10       4.1                3.38     15.97
1989-05-11     11.83                2.45     14.53
1989-05-12      4.89                3.66      15.4
1989-05-13     16.33                2.73      11.0
1989-05-14      3.06                2.43      9.87
1989-05-15      0.29                4.58     13.07
1989-05-16       0.0                4.33     15.34
1989-05-17       0.0                4.89     16.03
1989-05-18       0.0                5.04     18.07
1989-05-19       0.0                4.79     18.07
1989-05-20       0.0                3.48     18.33
1989-05-21       0.0                4.91     17.77
1989-05-22       0.0                3.65     17.24
1989-05-23       0.0                5.04     18.67
1989-05-24      5.63                3.31     16.57
1989-05-25      5.29                2.85      12.3
1989-05-26       0.0                3.25     15.57
1989-05-27       0.0                4.84     18.43
1989-05-28       0.0                5.14      18.6
1989-05-29       0.0                4.99      16.6
1989-05-30       0.0                4.92     17.83
1989-05-31       0.0                5.07      19.2
1989-06-01       0.0                4.64     20.33
1989-06-02       0.0                4.94     19.17
1989-06-03      1.61                5.17     20.33
1989-06-04     12.13                4.13      20.4
1989-06-05     27.88                3.26      18.4
1989-06-06      0.57                 5.4     21.07
1989-06-07      0.16                5.64      21.6
1989-06-08     18.85                2.82     16.63
1989-06-09       5.0                2.51      14.1
1989-06-10      0.86                4.55     13.37
1989-06-11      0.01                4.96      16.0
1989-06-12       0.0                3.85      19.4
1989-06-13       0.0                5.08     20.83
1989-06-14     18.18                 2.3      18.0
1989-06-15       1.3                2.34     18.07
1989-06-16      0.14                5.12     20.63
1989-06-17      0.28                4.68     19.13
1989-06-18      2.45                3.12     15.77
1989-06-19      0.09                2.86     14.23
1989-06-20       0.0                3.69      15.5
1989-06-21       0.0                4.88     17.53
1989-06-22       0.0                5.21     19.03
1989-06-23      0.04                5.98      21.6
1989-06-24      0.21                 3.5      18.6
1989-06-25      0.04                5.45     21.23
1989-06-26       0.0                3.67     22.07
1989-06-27      1.16                2.41     21.47
1989-06-28      0.06                5.09     23.17
1989-06-29       4.9                4.74     23.43
1989-06-30      3.92                5.37     22.03
1989-07-01      2.86                4.13     19.17
1989-07-02      0.48                4.08     17.03
1989-07-03      0.12                3.81     18.13
1989-07-04      1.19                4.97     19.73
1989-07-05       0.0                4.59     21.83
1989-07-06       0.0                5.69      20.9
1989-07-07       0.0                5.46     21.47
1989-07-08      8.56                2.29     20.17
1989-07-09      8.13                3.84     21.53
1989-07-10       1.3                4.13     23.83
1989-07-11      22.8                 2.3      19.8
1989-07-12       1.1                4.44     22.67
1989-07-13       0.0                4.61     23.53
1989-07-14       0.0                4.87      24.5
1989-07-15      1.38                2.24     21.83
1989-07-16      1.67                2.54      23.7
1989-07-17      1.07                4.01     26.03
1989-07-18       0.0                3.17      25.3
1989-07-19       0.0                3.31     27.23
1989-07-20     44.74                2.55     25.77
1989-07-21     32.59                3.39     23.57
1989-07-22      0.06                4.02     25.77
1989-07-23       0.0                4.36      26.1
1989-07-24      29.8                2.76     25.23
1989-07-25     61.49                2.16      23.1
1989-07-26     16.56                4.78      25.0
1989-07-27     50.64                2.19      20.3
1989-07-28     20.45                2.65     20.13
1989-07-29     21.28                2.16      20.5
1989-07-30       1.5                2.63      25.0
1989-07-31       0.0                5.56      24.9
1989-08-01      0.01                5.61     22.87
1989-08-02      3.76                5.58      22.2
1989-08-03      8.29                 4.0     22.67
1989-08-04      0.68                4.93      23.7
1989-08-05       0.0                5.81     23.77
1989-08-06       0.0                5.88     22.93
1989-08-07       0.0                2.56     23.77
1989-08-08      0.85                3.21     25.13
1989-08-09      0.08                4.72     25.87
1989-08-10       0.0                 4.2     24.93
1989-08-11      1.08                2.03      21.8
1989-08-12      18.8                 2.7      25.7
1989-08-13       1.8                4.23     25.63
1989-08-14       0.0                5.34      23.6
1989-08-15      0.01                5.39     21.63
1989-08-16      0.09                 4.6     20.87
1989-08-17      0.09                3.98      20.6
1989-08-18       0.0                4.79     22.03
1989-08-19       0.0                4.42     21.93
1989-08-20     34.94                2.16      23.6
1989-08-21     39.86                1.88     21.43
1989-08-22     23.27                1.97     23.37
1989-08-23      6.43                 3.7      22.7
1989-08-24       0.0                 5.2      21.5
1989-08-25       0.0                4.34      20.1
1989-08-26       0.0                4.08      21.2
1989-08-27       0.0                3.63      21.2
1989-08-28       0.0                3.55      22.3
1989-08-29     24.33                1.83     20.97
1989-08-30      8.71                2.96     20.17
1989-08-31      0.16                3.51     23.13
1989-09-01      5.82                2.04     21.97
1989-09-02      0.26                3.85     20.33
1989-09-03      0.13                3.43     19.67
1989-09-04       0.0                2.38     19.93
1989-09-05      3.79                3.05      20.9
1989-09-06       0.8                3.55     19.83
1989-09-07       0.0                3.92     20.43
1989-09-08      8.53                3.37     20.47
1989-09-09      4.39                 2.3     18.87
1989-09-10      0.11                3.22     20.87
1989-09-11      0.02                2.16     21.43
1989-09-12      0.94                2.16     21.33
1989-09-13      0.32                3.73      19.8
1989-09-14       6.0                1.87     18.43
1989-09-15      3.69                 2.1     19.27
1989-09-16      8.56                3.02      19.7
1989-09-17     58.13                1.42     18.03
1989-09-18      4.41                3.47      20.3
1989-09-19       0.0                2.98      17.3
1989-09-20       0.0                2.99     14.83
1989-09-21       0.0                2.61     16.83
1989-09-22       0.0                2.73     18.17
1989-09-23      0.09                2.61      18.6
1989-09-24      0.04                2.07     17.93
1989-09-25      0.03                3.11     16.97
1989-09-26      2.37                1.98      15.4
1989-09-27     22.88                1.23     15.13
1989-09-28      1.28                2.86      16.1
1989-09-29       0.0                2.65      14.7
1989-09-30      0.49                2.14     15.13
1989-10-01      2.47                2.15     13.23
1989-10-02      3.11                3.04      13.4
1989-10-03       0.0                2.62     13.53
1989-10-04      0.01                2.15      14.2
1989-10-05      0.03                1.38     14.63
1989-10-06      0.04                2.38     12.07
1989-10-07      3.15                1.95      9.53
1989-10-08      0.66                2.02      9.83
1989-10-09       0.0                1.82      9.97
1989-10-10      0.04                1.22      9.43
1989-10-11      2.65                1.04     11.93
1989-10-12     10.09                1.02     12.07
1989-10-13      3.95                1.72     13.27
1989-10-14      0.12                1.69     14.47
1989-10-15      1.94                0.96      11.9
1989-10-16      9.29                 1.1      8.97
1989-10-17      2.09                 1.6       4.4
1989-10-18      3.53                1.42       5.8
1989-10-19      1.77                1.06      10.2
1989-10-20       0.0                1.51     10.93
1989-10-21       0.0                1.34     11.33
1989-10-22       0.0                0.91     10.24
1989-10-23       0.0                1.52     11.27
1989-10-24       0.0                1.67      11.1
1989-10-25       0.0                1.81     12.17
1989-10-26      0.03                2.09     13.07
1989-10-27      0.03                1.34     11.93
1989-10-28      0.18                1.78     13.37
1989-10-29       0.0                1.62     10.93
1989-10-30      1.34                1.47     10.93
1989-10-31     11.71                1.12     11.93
1989-11-01      0.46                1.51       8.4
1989-11-02       0.2                 1.3       8.0
1989-11-03      0.36                0.92      9.23
1989-11-04     23.62                0.78      10.2
1989-11-05     47.39                0.85     11.67
1989-11-06      8.99                0.86     10.47
1989-11-07       2.6                1.11     11.87
1989-11-08      7.19                0.98     10.43
1989-11-09      1.05                1.16       9.7
1989-11-10       0.0                1.21       7.5
1989-11-11       0.0                0.86      6.07
1989-11-12      0.28                0.54      3.54
1989-11-13       0.0                1.22      4.43
1989-11-14       0.0                1.26      2.57
1989-11-15       0.0                0.96      5.47
1989-11-16       0.0                0.88      5.27
1989-11-17      0.66                0.91      4.53
1989-11-18      2.22                1.12      1.77
1989-11-19      0.04                0.91     -0.93
1989-11-20      0.18                0.85      1.24
1989-11-21      0.37                 0.8       4.5
1989-11-22       0.0                 0.9       5.8
1989-11-23       0.0                0.73       4.5
1989-11-24       0.0                0.61      3.24
1989-11-25      0.12                0.66       3.5
1989-11-26      0.29                0.66      3.54
1989-11-27      4.39                1.33      4.47
1989-11-28      0.12                1.57     -1.47
1989-11-29      0.13                1.17     -4.43
1989-11-30       0.0                0.56     -4.53
1989-12-01       0.0                0.56     -2.46
