1976-05-01      2.13                3.84     12.07
1976-05-02      0.02                3.25     13.73
1976-05-03      0.56                2.87      14.3
1976-05-04      1.17                4.74     10.43
1976-05-05      8.67                 2.2      6.44
1976-05-06      0.24                3.28      10.7
1976-05-07      0.53                4.03      11.3
1976-05-08       0.0                4.03     12.87
1976-05-09      0.14                4.66     14.53
1976-05-10      0.94                4.21     15.23
1976-05-11      8.13                1.79     13.73
1976-05-12       0.0                4.46     13.84
1976-05-13      0.02                4.48     13.24
1976-05-14      0.05                4.31     13.34
1976-05-15      0.77                3.49      15.0
1976-05-16      3.64                3.56      15.8
1976-05-17      1.03                4.75     15.84
1976-05-18      6.53                1.87     14.24
1976-05-19       0.0                 5.4     16.03
1976-05-20       0.0                3.31      15.0
1976-05-21       0.0                4.69     17.23
1976-05-22       0.0                3.45      16.2
1976-05-23       0.0                5.06      17.4
1976-05-24       0.0                 5.3     18.43
1976-05-25       0.0                5.22     18.43
1976-05-26       0.0                6.08     18.43
1976-05-27       0.0                6.49     18.57
1976-05-28       0.0                4.57     18.57
1976-05-29       0.0                 4.1     18.77
1976-05-30      0.94                5.97     19.03
1976-05-31       0.9                3.19     19.63
1976-06-01      4.52                3.04     19.37
1976-06-02       0.0                4.88     19.33
1976-06-03       0.0                5.19      17.4
1976-06-04       0.0                4.52      19.2
1976-06-05      0.01                 4.4     18.43
1976-06-06      1.53                5.28     18.37
1976-06-07      5.08                4.64      21.1
1976-06-08     16.94                 2.1     16.33
1976-06-09      1.64                3.95     19.77
1976-06-10      2.59                4.74     18.83
1976-06-11      1.55                3.75     18.67
1976-06-12       8.2                3.37     17.67
1976-06-13      6.42                3.89      18.2
1976-06-14      0.36                4.31     18.33
1976-06-15       0.0                4.39     19.43
1976-06-16       0.0                4.94     19.83
1976-06-17       0.0                4.25     18.93
1976-06-18       0.0                 3.8     19.47
1976-06-19       0.0                4.88     20.97
1976-06-20       1.3                4.26     21.27
1976-06-21      9.31                 2.8      21.4
1976-06-22      1.27                5.25     22.07
1976-06-23      0.19                3.89     22.27
1976-06-24      7.62                4.22     22.07
1976-06-25      6.13                4.14      20.4
1976-06-26       0.4                5.38     20.07
1976-06-27       0.0                5.66     20.47
1976-06-28       0.0                5.53     22.57
1976-06-29      0.38                5.68     20.07
1976-06-30      1.44                3.63     16.37
1976-07-01      1.23                3.67      15.7
1976-07-02      5.69                2.43     15.53
1976-07-03     10.34                1.85     13.87
1976-07-04      1.79                2.76     16.03
1976-07-05       0.0                4.92     18.03
1976-07-06       0.0                5.52     19.07
1976-07-07       0.0                5.41     20.57
1976-07-08      3.29                4.99      22.7
1976-07-09      29.9                2.15      19.3
1976-07-10      3.45                3.36     21.57
1976-07-11      0.16                4.42      22.7
1976-07-12      1.53                4.03      23.2
1976-07-13      0.87                2.44     20.77
1976-07-14      5.35                3.77     22.63
1976-07-15      3.76                4.54     23.17
1976-07-16     29.23                2.09      20.3
1976-07-17      2.46                3.24      22.8
1976-07-18      2.39                4.46      21.8
1976-07-19      1.25                4.01     19.53
1976-07-20       0.0                5.78     20.97
1976-07-21      0.03                4.85     22.13
1976-07-22      0.44                 2.8     24.03
1976-07-23       0.0                4.76      26.4
1976-07-24      2.94                4.19     25.33
1976-07-25      4.04                5.03      27.3
1976-07-26      2.89                3.48      25.2
1976-07-27      1.08                4.37      26.0
1976-07-28      13.4                2.68      23.1
1976-07-29      2.19                3.91     24.47
1976-07-30       0.0                2.78     25.23
1976-07-31       0.0                4.07      25.9
1976-08-01      7.35                3.69      25.3
1976-08-02     44.02                1.99     22.57
1976-08-03     27.34                5.23     23.63
1976-08-04      1.26                4.33      22.5
1976-08-05      28.9                4.93     26.13
1976-08-06      0.06                3.81     23.73
1976-08-07      0.26                4.56     24.53
1976-08-08      0.74                2.74     23.83
1976-08-09      4.16                2.49      23.8
1976-08-10       0.0                4.84     24.27
1976-08-11      2.04                3.41     23.33
1976-08-12      41.1                2.37      21.3
1976-08-13    155.98                1.83     19.13
1976-08-14     45.69                 1.8     19.13
1976-08-15     13.53                2.06      20.5
1976-08-16       0.7                2.65      22.5
1976-08-17       0.2                3.89     23.87
1976-08-18      0.59                 4.0      24.4
1976-08-19     16.85                2.44     24.13
1976-08-20      0.51                2.82      25.9
1976-08-21      2.81                4.72      25.9
1976-08-22     11.25                3.13     24.53
1976-08-23     18.44                2.89     19.03
1976-08-24      4.71                2.37     18.67
1976-08-25      8.72                1.79     16.63
1976-08-26      6.72                3.35     20.07
1976-08-27     38.65                1.85     18.97
1976-08-28      2.67                2.77     18.73
1976-08-29     16.31                1.59     16.27
1976-08-30      2.97                2.07     18.67
1976-08-31       0.0                4.27     20.47
1976-09-01       0.0                2.65     21.27
1976-09-02      0.33                2.74     22.03
1976-09-03      1.74                3.69     20.37
1976-09-04      0.33                4.32     20.17
1976-09-05      0.36                3.49     21.57
1976-09-06      0.55                3.31      21.4
1976-09-07      3.14                2.53     19.97
1976-09-08     12.85                1.94      19.7
1976-09-09       0.0                3.74     19.93
1976-09-10       0.0                4.01     17.47
1976-09-11      0.79                4.61     17.57
1976-09-12      1.29                4.75     18.67
1976-09-13     11.48                 2.3     15.03
1976-09-14      0.17                2.67     16.03
1976-09-15       0.0                2.97      15.6
1976-09-16       0.0                2.69     16.33
1976-09-17       0.0                2.74      16.7
1976-09-18      0.03                2.62     17.93
1976-09-19      5.07                1.32     15.57
1976-09-20      4.42                2.76     17.23
1976-09-21      0.05                2.47      14.9
1976-09-22      0.54                2.23      13.7
1976-09-23       0.0                2.12      14.7
1976-09-24       0.0                2.25      15.8
1976-09-25      0.62                 2.1      16.1
1976-09-26       0.0                2.52     16.23
1976-09-27       0.2                3.17      15.6
1976-09-28       1.3                1.87      14.3
1976-09-29      5.79                2.47     16.47
1976-09-30       0.0                2.08      15.0
1976-10-01       0.0                2.66     16.33
1976-10-02       0.0                2.21     16.37
1976-10-03      0.02                1.36     14.33
1976-10-04      4.23                1.65     10.77
1976-10-05       0.0                1.66      11.8
1976-10-06      0.03                1.76     14.13
1976-10-07       0.0                1.61      15.2
1976-10-08       0.0                1.99     16.73
1976-10-09       0.0                2.71     15.87
1976-10-10      0.37                2.06     13.77
1976-10-11      0.48                2.36     13.37
1976-10-12      4.83                1.19     13.07
1976-10-13      2.77                1.65     14.57
1976-10-14       0.0                1.75     13.87
1976-10-15       0.0                1.78      14.1
1976-10-16       0.0                1.76     13.37
1976-10-17       0.0                1.54      12.8
1976-10-18       0.0                1.57      13.0
1976-10-19      0.09                1.65     13.83
1976-10-20      0.55                1.64     15.03
1976-10-21       0.0                2.66     12.73
1976-10-22       0.0                1.64     12.63
1976-10-23       0.0                 1.0     13.43
1976-10-24       0.0                1.61      11.2
1976-10-25       0.0                1.56       5.8
1976-10-26      1.08                1.51      6.07
1976-10-27      2.16                 1.2      11.3
1976-10-28       7.8                1.91      6.67
1976-10-29      1.41                2.46      2.37
1976-10-30     18.63                0.63      0.27
1976-10-31       0.0                1.13       3.4
1976-11-01       0.0                1.09      5.27
1976-11-02       1.7                1.01       8.2
1976-11-03      2.37                0.92      9.87
1976-11-04      3.92                1.89      8.47
1976-11-05       0.0                1.07      3.57
1976-11-06       0.0                1.11      5.17
1976-11-07       0.0                1.28      7.57
1976-11-08      0.04                1.65      8.67
1976-11-09       0.0                1.28      8.87
1976-11-10       0.1                0.84       9.2
1976-11-11      4.49                1.07      5.17
1976-11-12      1.04                1.03       4.0
1976-11-13      4.58                0.65       5.0
1976-11-14      0.01                1.52      -0.7
1976-11-15       0.0                0.79     -2.37
1976-11-16      0.28                0.63     -0.46
1976-11-17      2.54                0.46      -0.6
1976-11-18       0.0                0.72      1.24
1976-11-19       0.0                 0.5       1.0
1976-11-20      0.02                1.27      1.24
1976-11-21      0.28                0.83     -2.07
1976-11-22      1.27                 0.5      -1.2
1976-11-23      0.33                0.62      -2.3
1976-11-24      1.37                0.34     -2.96
1976-11-25      5.89                0.39       0.4
1976-11-26       0.0                1.11     -0.83
1976-11-27      0.02                0.74      -4.2
1976-11-28       0.0                1.12     -1.07
1976-11-29       0.0                0.78     -4.43
1976-11-30       0.0                 0.6     -1.96
1976-12-01       0.0                0.49      0.94
