1995-06-01      1.24                4.57     17.57
1995-06-02     10.66                2.01      14.5
1995-06-03     14.26                2.17     14.03
1995-06-04      0.33                2.28     12.27
1995-06-05      3.95                4.14      16.3
1995-06-06      0.64                4.24      19.6
1995-06-07       0.0                4.47      18.7
1995-06-08       0.0                5.44      17.8
1995-06-09       0.0                5.21      16.3
1995-06-10       0.0                4.73      19.0
1995-06-11      0.22                5.24     15.97
1995-06-12      0.02                5.19      17.5
1995-06-13      0.04                5.11      18.4
1995-06-14      0.28                4.55      15.4
1995-06-15      0.04                3.85     17.73
1995-06-16       0.0                 4.9      21.6
1995-06-17      0.17                4.51     20.93
1995-06-18      4.43                2.37     17.47
1995-06-19      1.02                2.68      18.8
1995-06-20      0.09                4.98      21.7
1995-06-21      0.08                5.48     19.97
1995-06-22       1.2                3.37      18.5
1995-06-23      2.92                3.55     19.37
1995-06-24       0.5                3.27     20.63
1995-06-25      5.95                3.04     20.97
1995-06-26      8.57                3.37     20.27
1995-06-27      0.26                3.48     19.67
1995-06-28      0.12                3.51     20.07
1995-06-29       0.0                4.88     21.77
1995-06-30      0.24                2.33      21.4
1995-07-01      1.32                2.56      21.7
1995-07-02      7.21                 3.1     21.67
1995-07-03     11.68                3.75     21.47
1995-07-04       0.0                4.48      21.5
1995-07-05       0.0                4.97     22.57
1995-07-06       0.0                3.46      20.9
1995-07-07      0.05                4.05     23.23
1995-07-08     41.48                2.17     20.97
1995-07-09     94.68                2.37     24.27
1995-07-10     52.48                2.19     21.93
1995-07-11      0.56                3.01     24.63
1995-07-12      1.23                2.32     24.83
1995-07-13      4.48                2.31     24.93
1995-07-14      8.22                2.25     24.03
1995-07-15     21.66                2.23     23.47
1995-07-16     24.65                4.85     24.57
1995-07-17      0.61                2.47     18.33
1995-07-18      3.19                3.61     19.73
1995-07-19     53.11                 2.0     17.33
1995-07-20      3.15                1.99     18.17
1995-07-21      0.04                3.09      22.3
1995-07-22      0.81                4.36     23.73
1995-07-23      2.09                5.11     25.53
1995-07-24      4.13                3.69     24.23
1995-07-25     12.55                 3.0      24.7
1995-07-26      0.54                5.21     26.13
1995-07-27       0.0                3.28     25.67
1995-07-28       0.0                4.72     25.33
1995-07-29       0.0                3.89      24.2
1995-07-30      0.61                 4.2     25.33
1995-07-31      5.29                3.85      26.8
1995-08-01     36.22                3.34      25.4
1995-08-02      20.3                2.65     25.87
1995-08-03      1.87                3.98     26.43
1995-08-04       3.4                 3.5     26.27
1995-08-05     25.73                2.26      24.0
1995-08-06      1.03                2.78      25.6
1995-08-07      2.49                2.25     25.17
1995-08-08     71.32                2.24     25.03
1995-08-09     17.31                2.21      23.7
1995-08-10       0.0                3.92      25.4
1995-08-11       0.0                 2.9     25.07
1995-08-12      4.36                 3.3      25.7
1995-08-13      1.84                2.87      26.1
1995-08-14       0.0                4.77     28.13
1995-08-15     15.88                4.31     27.13
1995-08-16      0.03                4.06      26.3
1995-08-17       6.7                2.94     26.17
1995-08-18      2.44                3.84     27.13
1995-08-19     90.86                2.17     23.47
1995-08-20     38.18                2.26     23.27
1995-08-21       0.8                4.05     24.63
1995-08-22      3.67                3.91     24.47
1995-08-23     96.26                1.85     21.73
1995-08-24    137.82                1.86     21.93
1995-08-25     85.54                1.81      21.3
1995-08-26     59.57                1.78     21.23
1995-08-27     32.51                 3.6     21.67
1995-08-28       0.8                3.31     21.87
1995-08-29       0.8                 3.2      22.8
1995-08-30      2.78                1.79     21.13
1995-08-31       0.0                3.07     23.73
1995-09-01      4.89                2.73      22.5
1995-09-02     18.93                2.15     23.73
1995-09-03       0.0                2.19     21.73
1995-09-04       0.0                3.11     20.63
1995-09-05      1.07                3.25     19.53
1995-09-06      5.46                1.59      17.7
1995-09-07       0.2                1.66     18.47
1995-09-08      0.83                3.31     19.83
1995-09-09      4.77                1.48     17.07
1995-09-10      1.67                2.19      17.2
1995-09-11      0.01                3.04     14.67
1995-09-12      0.01                2.85     16.47
1995-09-13       0.0                2.07     17.07
1995-09-14      0.15                2.84      17.2
1995-09-15      0.35                3.17     18.43
1995-09-16       0.0                3.06     16.07
1995-09-17       0.0                2.79      13.8
1995-09-18      1.15                2.43     15.07
1995-09-19       0.0                2.66     15.63
1995-09-20       0.0                2.91      15.3
1995-09-21       0.0                2.53     14.83
1995-09-22      0.02                2.74     16.93
1995-09-23      4.74                1.42     15.97
1995-09-24      0.46                1.79      18.7
1995-09-25      0.52                2.17      16.9
1995-09-26      4.62                1.74     15.27
1995-09-27       2.6                2.42     13.07
1995-09-28       0.0                1.96     14.67
1995-09-29       0.0                2.05      16.8
1995-09-30       0.0                2.53     17.97
1995-10-01       0.0                1.26      14.9
1995-10-02       0.0                1.74     17.47
1995-10-03      0.69                1.16     16.53
1995-10-04      0.19                2.59     17.77
1995-10-05       0.0                2.15      10.6
1995-10-06       0.0                1.86       8.7
1995-10-07       0.0                1.69     10.43
1995-10-08      0.24                 1.7     13.23
1995-10-09       0.0                1.78     13.43
1995-10-10       0.0                 1.7      13.4
1995-10-11       0.0                1.64     14.27
1995-10-12       0.0                1.62      15.6
1995-10-13       0.0                1.74     15.43
1995-10-14      1.26                1.65     16.23
1995-10-15      4.82                1.27     16.63
1995-10-16      0.04                1.26      13.1
1995-10-17      0.01                 1.5     13.87
1995-10-18      0.45                0.96     13.07
1995-10-19      0.05                2.18     12.17
1995-10-20       0.0                1.92      11.0
1995-10-21       0.0                 1.5     11.93
1995-10-22       0.0                1.46     11.97
1995-10-23       0.8                1.14     12.23
1995-10-24      1.41                1.72      11.1
1995-10-25      0.43                1.48       9.3
1995-10-26       0.0                1.47     11.34
1995-10-27       0.0                1.44     11.47
1995-10-28       0.0                1.07     11.37
1995-10-29      1.42                1.36     11.43
1995-10-30      5.57                1.68      10.1
1995-10-31      4.56                1.07       5.6
1995-11-01      0.64                 1.1      1.67
1995-11-02       0.0                1.19       3.4
1995-11-03       0.0                1.43      7.27
1995-11-04      0.68                1.21      6.87
1995-11-05       0.0                1.15      7.74
1995-11-06       0.0                1.17      9.14
1995-11-07       3.9                 0.8      5.77
1995-11-08       0.0                1.78      0.37
1995-11-09      1.42                0.78     -0.53
1995-11-10      1.92                1.18      4.23
1995-11-11      0.01                0.99      3.53
1995-11-12      0.06                0.76       8.5
1995-11-13      2.77                0.77      11.9
1995-11-14      0.12                1.95       5.3
1995-11-15       0.0                0.68       2.5
1995-11-16       0.0                0.74      4.24
1995-11-17       0.0                0.67      7.17
1995-11-18      0.71                 0.6      6.64
1995-11-19      1.36                0.58      5.64
1995-11-20       0.1                0.85      2.03
1995-11-21       0.0                0.71       0.5
1995-11-22      0.65                0.45      1.74
1995-11-23      0.53                1.24      0.73
1995-11-24      0.12                0.48     -2.06
1995-11-25       0.0                 0.7     -0.33
1995-11-26       0.0                1.04       3.7
1995-11-27       0.0                0.53     -0.23
1995-11-28       0.0                0.49       0.2
1995-11-29       0.0                0.49      1.63
1995-11-30      0.22                0.46      1.54
1995-12-01      0.06                0.58      0.63
1995-12-02       0.0                 0.5     -0.36
1995-12-03       0.0                0.48      -0.9
1995-12-04       0.0                0.68     -2.36
1995-12-05       0.0                0.68     -5.13
1995-12-06       0.0                0.39     -4.96
1995-12-07       0.0                0.48      -4.3
1995-12-08       0.0                0.42     -4.17
1995-12-09       0.0                0.42     -3.36
1995-12-10       0.0                 0.4     -1.77
1995-12-11      0.17                0.35     -0.93
1995-12-12      0.07                0.49      0.63
1995-12-13       0.0                0.37      -0.8
1995-12-14      0.03                0.56      1.07
1995-12-15       0.0                 0.8     -1.03
1995-12-16       0.0                0.55     -3.26
1995-12-17       0.0                0.42      -4.1
1995-12-18       0.0                0.36     -4.33
1995-12-19       0.0                0.42      -2.8
1995-12-20      0.28                0.35     -3.76
1995-12-21       0.0                0.42     -3.73
1995-12-22       0.0                0.43     -4.36
1995-12-23      1.44                0.72       0.1
1995-12-24      0.17                 1.1      -6.4
1995-12-25       0.0                0.39     -9.83
1995-12-26       0.0                0.33     -8.56
1995-12-27      0.26                0.36     -6.06
1995-12-28      0.97                0.42      -3.5
1995-12-29      0.12                0.87     -7.17
1995-12-30      0.07                 0.5      -9.6
1995-12-31      0.11                0.37     -6.06
1996-01-01       0.0                0.36      -6.5
