1974-12-01      0.07                0.55      4.17
1974-12-02      6.76                1.27       3.9
1974-12-03      1.27                 0.9     -0.37
1974-12-04       0.0                0.81     -6.27
1974-12-05       0.0                0.74     -5.37
1974-12-06      0.12                0.55     -6.43
1974-12-07       0.0                0.54     -3.03
1974-12-08       0.0                0.46     -3.73
1974-12-09       0.0                0.53     -2.56
1974-12-10      0.08                0.61      -0.1
1974-12-11      0.65                0.57     -0.27
1974-12-12      1.22                0.55      0.27
1974-12-13      2.76                0.95     -0.23
1974-12-14      0.13                1.12     -6.56
1974-12-15       0.0                0.48      -7.6
1974-12-16       0.0                0.48     -4.33
1974-12-17      1.25                0.46     -2.16
1974-12-18      0.17                0.74      -2.8
1974-12-19       0.0                0.54     -7.43
1974-12-20      0.04                0.66      -5.4
1974-12-21       0.0                0.49     -6.23
1974-12-22       0.0                0.42     -4.46
1974-12-23       0.0                0.47     -2.93
1974-12-24       0.0                1.33      -0.8
1974-12-25       0.0                1.01      -3.1
1974-12-26       0.0                0.66     -2.16
1974-12-27       0.0                0.37     -2.83
1974-12-28      0.02                0.39     -1.96
1974-12-29       0.2                 0.5      0.23
1974-12-30      0.03                0.67      2.47
1974-12-31       0.0                0.33     -1.16
1975-01-01      0.67                1.11      -0.1
1975-01-02      0.66                0.47      -1.9
1975-01-03      0.84                0.46      -4.1
1975-01-04       0.0                0.55     -0.63
1975-01-05       0.0                0.52     -2.73
1975-01-06       0.0                0.45     -3.16
1975-01-07       0.0                0.58     -0.43
1975-01-08       0.0                 1.2       2.1
1975-01-09       0.0                1.05     -3.87
1975-01-10       0.0                0.95      -7.2
1975-01-11       0.0                0.84     -8.16
1975-01-12       0.0                0.73     -8.86
1975-01-13       0.0                0.73     -6.33
1975-01-14       0.0                 0.7     -5.06
1975-01-15       0.0                0.79     -3.13
1975-01-16      0.62                 0.8      -6.4
1975-01-17       0.0                0.63     -10.0
1975-01-18       0.0                0.93     -9.57
1975-01-19       0.0                0.56     -8.96
1975-01-20       0.0                0.79     -7.83
1975-01-21      0.16                0.61     -6.33
1975-01-22      0.64                0.51      -2.1
1975-01-23      0.01                0.67      -0.5
1975-01-24      4.33                0.46     -0.33
1975-01-25      0.74                0.63      0.43
1975-01-26       0.0                0.71      -3.5
1975-01-27      0.58                0.72      -3.2
1975-01-28      0.18                0.93     -7.93
1975-01-29      0.01                0.63      -9.5
1975-01-30       0.0                0.76      -5.6
1975-01-31       0.0                0.64     -6.43
1975-02-01       0.0                0.72     -2.13
1975-02-02      0.18                1.27     -0.43
1975-02-03      0.24                1.32       0.5
1975-02-04      7.17                 0.7      2.53
1975-02-05      0.86                0.68       1.9
1975-02-06      0.05                0.65      1.93
1975-02-07      0.14                1.07      -0.4
1975-02-08       0.0                1.24     -6.27
1975-02-09       0.0                1.14      -5.8
1975-02-10      0.02                0.99     -7.37
1975-02-11       0.0                0.85     -6.23
1975-02-12      0.08                1.35     -1.03
1975-02-13       0.0                1.14      -2.9
1975-02-14      1.92                 1.2       1.8
1975-02-15      1.71                1.43     -3.37
1975-02-16       0.0                1.18      -5.7
1975-02-17      1.63                 1.2     -7.17
1975-02-18      0.09                0.85     -6.03
1975-02-19      0.75                1.23      -1.9
1975-02-20      0.83                1.05     -3.43
1975-02-21       0.1                1.05     -5.67
1975-02-22       0.0                1.04     -6.63
1975-02-23       0.0                1.13     -6.03
1975-02-24      0.02                 1.0       2.2
1975-02-25       0.0                1.97      -0.4
1975-02-26       0.0                1.47     -2.77
1975-02-27      0.03                1.73     -1.63
1975-02-28      1.28                0.89     -3.43
1975-03-01      0.57                1.42     -2.03
1975-03-02       0.0                1.25     -1.27
1975-03-03      0.09                1.54      0.73
1975-03-04      0.12                 1.9      1.87
1975-03-05      3.46                1.15      1.43
1975-03-06      3.29                1.27       1.6
1975-03-07       0.0                1.54      1.73
1975-03-08      0.97                 2.0      2.74
1975-03-09     11.36                1.26      4.13
1975-03-10      4.43                1.51      2.37
1975-03-11      2.22                1.75       3.2
1975-03-12       0.0                1.58      1.04
1975-03-13       0.0                1.78       0.6
1975-03-14       0.0                2.24       2.6
1975-03-15      0.34                2.09      1.37
1975-03-16      1.59                0.92      3.23
1975-03-17      0.15                2.25      5.13
1975-03-18      1.16                1.66      4.97
1975-03-19      3.66                 1.1      5.33
1975-03-20      7.13                1.05      3.43
1975-03-21       0.0                2.02      3.53
1975-03-22       0.0                2.82      5.23
1975-03-23      0.58                2.62       4.3
1975-03-24       0.0                2.75      1.63
1975-03-25       0.0                2.16      -0.2
1975-03-26       0.0                2.09      1.87
1975-03-27       0.0                 2.6      4.63
1975-03-28      0.99                2.87       5.5
1975-03-29      4.46                1.11      5.57
1975-03-30      1.21                2.28       6.6
1975-03-31      0.16                2.33       4.8
1975-04-01      1.99                2.27      2.63
1975-04-02      0.01                1.95      4.73
1975-04-03       0.0                3.08      6.27
1975-04-04      3.42                3.06      7.47
1975-04-05     10.25                1.27      7.97
1975-04-06      1.54                3.49      11.0
1975-04-07      0.07                1.52      8.54
1975-04-08      8.93                2.79      9.67
1975-04-09       0.0                3.26      9.17
1975-04-10       0.0                2.23      8.77
1975-04-11       0.0                3.46      9.33
1975-04-12       0.0                3.45     11.53
1975-04-13       0.0                4.13     13.13
1975-04-14       0.0                3.63     12.83
1975-04-15       0.0                 3.8     13.77
1975-04-16       0.0                3.69     14.63
1975-04-17       0.0                4.88     12.23
1975-04-18       0.0                4.53     12.17
1975-04-19      0.61                3.84     12.73
1975-04-20      5.67                2.42     12.93
1975-04-21      2.85                 3.3       9.9
1975-04-22       0.0                3.15      11.9
1975-04-23       0.0                3.19     12.43
1975-04-24       0.0                4.19     14.13
1975-04-25      5.64                4.19     15.33
1975-04-26     30.66                 1.8      12.6
1975-04-27      0.45                3.44     12.73
1975-04-28       1.4                 1.7     13.63
1975-04-29       0.0                4.38      15.1
1975-04-30       0.0                4.93      17.0
1975-05-01      0.82                5.28     17.17
1975-05-02      7.01                2.24     11.53
1975-05-03      6.66                 1.5     10.43
1975-05-04      5.33                2.03     12.23
1975-05-05      5.53                1.89      9.43
1975-05-06      0.12                3.65     12.77
1975-05-07      0.48                2.99      13.3
1975-05-08       1.2                2.11     13.77
1975-05-09      2.45                5.11     15.23
1975-05-10       0.0                5.97     15.63
1975-05-11      2.81                5.02      15.6
1975-05-12      1.14                5.06      15.7
1975-05-13     12.99                 1.9      15.2
1975-05-14      0.01                4.14     16.13
1975-05-15       0.0                2.45     15.17
1975-05-16      1.22                5.02      15.2
1975-05-17       0.2                4.88      14.7
1975-05-18      1.13                1.91     13.93
1975-05-19      8.01                2.29      12.6
1975-05-20      0.01                4.31     12.57
1975-05-21       0.0                4.63     16.03
1975-05-22      0.42                4.49     17.27
1975-05-23       0.0                4.86     18.57
1975-05-24      0.25                5.13     18.27
1975-05-25      0.62                3.99     16.87
1975-05-26       0.0                4.96     15.77
1975-05-27      0.19                5.17      17.0
1975-05-28       0.0                3.63      17.2
1975-05-29      2.15                3.92     17.13
1975-05-30      15.8                3.74     18.33
1975-05-31     10.96                2.95     16.23
1975-06-01      0.35                2.81     16.87
1975-06-02      0.48                 3.0     17.23
1975-06-03      1.46                 2.6      17.5
1975-06-04      0.72                2.51      18.2
1975-06-05      2.82                3.52     17.57
1975-06-06      0.93                4.58     18.93
1975-06-07      4.53                4.06     19.67
1975-06-08      7.81                2.75     18.37
1975-06-09      7.95                3.25     19.37
1975-06-10      0.54                 4.0      16.7
1975-06-11      0.06                5.45      17.1
1975-06-12      0.01                5.39     17.87
1975-06-13      3.41                5.66      18.6
1975-06-14       0.0                4.67     20.77
1975-06-15       0.0                5.66      21.8
1975-06-16      0.76                5.19     23.07
1975-06-17      6.14                 2.2     19.43
1975-06-18      0.14                3.84      21.0
1975-06-19       0.0                4.62     22.57
1975-06-20       0.0                5.24      24.6
1975-06-21      0.14                4.75      23.1
1975-06-22      1.11                5.36      22.4
1975-06-23      6.29                 3.2      20.9
1975-06-24     18.41                2.44      18.6
1975-06-25     18.66                3.15     18.67
1975-06-26      5.82                2.46      18.8
1975-06-27      1.37                 3.3     20.87
1975-06-28     11.76                4.07     21.43
1975-06-29      2.52                3.85     21.43
1975-06-30      1.32                 4.6     21.03
1975-07-01      1.68                4.13     21.13
