1996-05-01      2.61                1.84     12.63
1996-05-02      1.47                 4.4      15.3
1996-05-03      0.17                3.21      15.0
1996-05-04      0.99                1.77     13.43
1996-05-05       0.0                3.67      12.9
1996-05-06       0.0                2.58      12.7
1996-05-07      1.33                2.84     14.07
1996-05-08      3.49                3.33     12.13
1996-05-09      0.32                3.99     12.53
1996-05-10      0.06                3.71     13.43
1996-05-11       3.9                3.32     13.47
1996-05-12      0.01                3.92      13.8
1996-05-13      0.18                3.28     13.73
1996-05-14       0.0                4.03     13.03
1996-05-15       0.0                4.76     17.03
1996-05-16       0.0                4.37     18.43
1996-05-17       0.0                3.94     17.63
1996-05-18       0.0                3.95     17.53
1996-05-19       0.0                 3.3     16.73
1996-05-20      3.03                2.03     15.13
1996-05-21      1.05                3.63      15.6
1996-05-22       0.0                4.33     15.17
1996-05-23       0.0                4.34     17.63
1996-05-24       0.0                4.77      18.7
1996-05-25       0.0                4.43      18.2
1996-05-26      0.03                4.51     19.84
1996-05-27       0.0                4.75     19.77
1996-05-28      0.01                3.41     20.33
1996-05-29      0.22                2.74      18.9
1996-05-30      0.01                3.35     20.33
1996-05-31       0.0                4.46     23.07
1996-06-01       0.0                4.75      22.5
1996-06-02       0.0                3.46     22.27
1996-06-03       0.0                 2.2     19.97
1996-06-04       0.0                4.23     20.57
1996-06-05       0.0                5.21     20.57
1996-06-06       0.0                 4.1     20.23
1996-06-07       0.0                2.27     20.93
1996-06-08       0.0                5.02     21.87
1996-06-09      0.65                2.91     18.97
1996-06-10      7.22                2.08      17.3
1996-06-11      0.48                 3.4      20.2
1996-06-12       0.0                3.76     21.17
1996-06-13       0.0                3.73      22.5
1996-06-14       0.0                4.02     22.33
1996-06-15      2.93                3.77     22.47
1996-06-16     11.65                2.71      22.4
1996-06-17     61.49                1.99     18.43
1996-06-18     23.79                2.93      17.6
1996-06-19      0.18                3.08     21.23
1996-06-20      6.12                2.28     20.23
1996-06-21      18.1                2.36     21.03
1996-06-22      4.83                 2.6     19.57
1996-06-23      0.94                4.08     20.83
1996-06-24     13.69                2.09      16.8
1996-06-25      1.54                2.77     17.97
1996-06-26      0.27                5.07      20.9
1996-06-27     10.93                2.09     18.77
1996-06-28      2.86                2.36      20.3
1996-06-29     33.15                2.39      21.5
1996-06-30       3.3                2.17     21.94
1996-07-01      0.58                4.37     23.33
1996-07-02      0.56                3.18      22.8
1996-07-03       0.0                4.44     21.83
1996-07-04     21.03                2.29     20.07
1996-07-05      1.08                5.37     21.67
1996-07-06      1.67                2.46      20.4
1996-07-07      0.29                3.99     17.63
1996-07-08      0.04                 4.9     17.33
1996-07-09       0.0                5.02      17.5
1996-07-10       0.0                 5.1     17.43
1996-07-11       0.0                4.39      19.5
1996-07-12       0.0                4.48     21.97
1996-07-13      0.01                2.54     20.87
1996-07-14      0.18                3.55     23.13
1996-07-15     20.48                2.06      20.3
1996-07-16      5.27                2.06     22.07
1996-07-17       5.9                2.39     22.07
1996-07-18       0.0                4.51     26.33
1996-07-19      2.79                4.77      25.9
1996-07-20     26.41                2.12     23.23
1996-07-21      45.5                2.25     25.27
1996-07-22     21.53                2.65      24.2
1996-07-23       0.0                4.67     24.73
1996-07-24       6.6                2.31     24.53
1996-07-25      1.81                 3.2     25.73
1996-07-26     77.03                 2.2     23.13
1996-07-27    113.08                1.95     20.43
1996-07-28     16.92                2.35      23.3
1996-07-29      0.23                3.54     25.53
1996-07-30       0.0                4.52     26.57
1996-07-31       0.0                4.69      26.2
1996-08-01       0.0                4.98     26.53
1996-08-02       0.0                 4.5      26.5
1996-08-03      0.58                4.48     26.97
1996-08-04      0.84                2.76     25.63
1996-08-05       0.0                4.93     25.13
1996-08-06       0.1                3.69      25.5
1996-08-07      0.14                2.17     23.17
1996-08-08      0.99                2.84     24.93
1996-08-09       0.0                4.81      25.6
1996-08-10       0.0                3.26      24.9
1996-08-11       0.1                 4.4      26.2
1996-08-12      0.45                 3.6      27.3
1996-08-13      1.57                4.36     27.03
1996-08-14      0.14                5.07      25.7
1996-08-15      0.07                3.79      24.9
1996-08-16      1.15                3.83     25.07
1996-08-17       0.0                4.25     25.53
1996-08-18       0.0                4.62     24.53
1996-08-19      0.21                4.31      24.3
1996-08-20      2.09                3.99     25.23
1996-08-21      0.75                3.87      25.8
1996-08-22      3.74                1.87     21.43
1996-08-23      4.16                1.67     17.03
1996-08-24      0.01                4.41     18.27
1996-08-25      6.43                1.78      17.5
1996-08-26     22.81                1.66     16.83
1996-08-27     22.19                1.67      17.3
1996-08-28      7.63                1.99     18.17
1996-08-29       0.5                3.07     20.37
1996-08-30      0.24                1.88     19.37
1996-08-31      0.18                3.72     19.73
1996-09-01       0.0                4.31      19.4
1996-09-02       0.0                4.25      18.9
1996-09-03       0.0                3.59     20.83
1996-09-04      0.21                1.98     20.23
1996-09-05      0.18                2.17     19.83
1996-09-06      2.23                3.45     19.67
1996-09-07      0.08                2.91     20.37
1996-09-08       0.0                2.95     20.27
1996-09-09      1.24                3.53      21.0
1996-09-10      0.03                3.34      20.2
1996-09-11       0.0                3.21      20.4
1996-09-12       0.0                2.79     19.83
1996-09-13       0.0                3.09     20.33
1996-09-14      0.08                 2.8      20.0
1996-09-15       0.0                2.94     21.17
1996-09-16     12.19                2.47     20.83
1996-09-17      1.22                2.71     19.13
1996-09-18      0.71                3.36     19.13
1996-09-19      2.27                2.05     19.03
1996-09-20      0.08                2.82     16.73
1996-09-21       0.0                 2.8      14.7
1996-09-22       0.0                2.66     15.47
1996-09-23       0.0                2.33     17.63
1996-09-24       0.0                2.54     19.73
1996-09-25      0.08                2.52     19.57
1996-09-26       0.0                2.81     16.47
1996-09-27       0.0                 3.5     17.07
1996-09-28       0.0                1.51     14.43
1996-09-29       0.0                2.57     16.73
1996-09-30      0.03                3.21     15.57
1996-10-01      0.45                2.21     13.73
1996-10-02      9.59                1.42      12.3
1996-10-03      2.31                1.86     15.13
1996-10-04       0.0                2.01     15.07
1996-10-05      0.46                 1.7     14.87
1996-10-06      8.43                1.14     14.73
1996-10-07      0.07                1.84     11.47
1996-10-08       0.0                1.79     10.17
1996-10-09       0.0                2.02      11.7
1996-10-10       0.0                 1.9     10.77
1996-10-11       0.0                1.82      13.4
1996-10-12       0.0                2.12      15.2
1996-10-13       0.0                1.38     13.57
1996-10-14       0.0                1.48     14.07
1996-10-15       0.0                1.81      9.67
1996-10-16       0.0                1.64      8.73
1996-10-17       0.0                1.01      7.87
1996-10-18      0.11                1.24     11.23
1996-10-19      0.55                1.73      8.67
1996-10-20       0.0                1.65     10.83
1996-10-21       0.0                1.55     10.67
1996-10-22       0.0                1.45     11.97
1996-10-23      0.42                1.57      13.9
1996-10-24     22.22                0.84     11.33
1996-10-25      1.15                 1.1      11.9
1996-10-26       0.0                 1.6       4.9
1996-10-27       0.0                 1.3      4.53
1996-10-28       0.0                1.21      7.37
1996-10-29       0.0                1.54      14.8
1996-10-30      0.22                0.98     15.17
1996-10-31      0.67                1.88      11.3
1996-11-01      6.86                0.82      9.27
1996-11-02      0.14                1.28      9.93
1996-11-03      0.45                1.11       8.2
1996-11-04      1.89                0.72      6.93
1996-11-05       4.1                1.04     12.43
1996-11-06      0.26                1.55       4.8
1996-11-07       0.0                0.56      2.07
1996-11-08      1.46                0.77      5.73
1996-11-09      3.09                0.74      7.63
1996-11-10       0.0                0.66      8.87
1996-11-11       0.0                1.02      9.67
1996-11-12      0.34                1.11      5.83
1996-11-13       0.1                1.13      4.63
1996-11-14       0.0                1.27       2.6
1996-11-15       0.0                1.08      0.27
1996-11-16      0.22                0.66      -1.0
1996-11-17      1.19                0.52      0.93
1996-11-18      0.06                1.03       2.5
1996-11-19       0.0                0.72      1.67
1996-11-20      9.31                 0.5      2.07
1996-11-21      0.37                1.22      2.23
1996-11-22       0.0                0.69     -0.07
1996-11-23      0.75                0.43      -0.5
1996-11-24      0.03                0.63      2.93
1996-11-25       0.0                 0.6       3.1
1996-11-26      4.08                0.46       2.1
1996-11-27      0.22                1.15       1.5
1996-11-28      0.06                0.76     -3.23
1996-11-29      1.17                0.86      -2.4
1996-11-30      0.67                0.69     -5.43
1996-12-01      2.39                0.56      -9.2
