1987-07-01      0.08                5.08     22.53
1987-07-02      0.16                5.02     21.67
1987-07-03      0.12                4.73     24.03
1987-07-04       0.0                4.36      22.8
1987-07-05      2.43                 4.7     24.53
1987-07-06      3.49                5.06     23.83
1987-07-07      0.17                5.15      24.4
1987-07-08       0.0                3.74     21.67
1987-07-09       0.0                5.42     23.57
1987-07-10     17.29                2.67     21.23
1987-07-11     25.61                2.88     23.47
1987-07-12      0.75                3.05      23.5
1987-07-13       7.7                3.09      23.6
1987-07-14       0.0                2.42     22.77
1987-07-15     31.87                2.42      20.8
1987-07-16     42.09                3.58     21.07
1987-07-17      0.62                4.65      23.4
1987-07-18       0.0                4.83     23.77
1987-07-19       0.0                4.71      24.3
1987-07-20      0.28                4.93      24.8
1987-07-21     95.93                2.26      22.3
1987-07-22     27.41                2.44     22.17
1987-07-23      2.52                2.71     22.43
1987-07-24       0.0                3.12     23.47
1987-07-25      0.25                4.38     24.33
1987-07-26     16.78                2.31     22.97
1987-07-27     59.67                2.25      22.9
1987-07-28      4.93                3.95      25.5
1987-07-29      6.46                2.15     22.77
1987-07-30      8.89                2.46      23.1
1987-07-31       3.8                3.21     23.53
1987-08-01      1.21                4.75      24.7
1987-08-02     28.27                2.37     22.53
1987-08-03     29.21                3.03     24.87
1987-08-04     23.12                2.17     21.87
1987-08-05      5.38                 5.4      24.1
1987-08-06      2.12                4.04     23.63
1987-08-07     53.88                2.18     19.97
1987-08-08      7.87                3.38     21.57
1987-08-09      1.23                4.32      22.4
1987-08-10      5.07                3.43     23.43
1987-08-11      1.82                2.94     21.07
1987-08-12      0.38                4.32     23.73
1987-08-13      2.91                4.57      24.2
1987-08-14     13.76                3.79     24.33
1987-08-15     34.44                3.05     24.37
1987-08-16     39.52                2.45     23.53
1987-08-17       0.7                4.37     24.07
1987-08-18      1.37                 4.3     24.37
1987-08-19      3.58                3.37     24.97
1987-08-20     16.67                2.18     22.83
1987-08-21      1.81                3.87      24.3
1987-08-22      5.48                4.19     24.67
1987-08-23      6.57                3.36     24.13
1987-08-24      5.79                3.93     24.57
1987-08-25     15.03                2.98     23.53
1987-08-26      3.64                4.06      23.0
1987-08-27     20.48                2.28      22.0
1987-08-28     16.45                3.39     23.27
1987-08-29     30.77                2.33     23.27
1987-08-30      47.1                1.82     20.13
1987-08-31     36.23                2.82      20.8
1987-09-01      4.18                3.62      22.0
1987-09-02      0.21                3.84      22.4
1987-09-03       0.0                3.56     21.33
1987-09-04       0.0                3.96     19.03
1987-09-05     19.93                1.91     16.77
1987-09-06      7.86                 1.8     19.27
1987-09-07       0.1                3.95      20.8
1987-09-08      0.04                3.03     19.43
1987-09-09       0.0                3.09     19.77
1987-09-10       0.0                3.63     19.53
1987-09-11      0.89                3.63     19.27
1987-09-12       0.0                4.14     19.27
1987-09-13       0.0                3.72     18.93
1987-09-14       0.0                3.18      19.6
1987-09-15      0.15                3.04     18.27
1987-09-16       0.2                 4.1     15.93
1987-09-17       0.0                3.42     13.93
1987-09-18       0.0                 3.2      14.1
1987-09-19       0.0                2.84      16.0
1987-09-20      0.02                3.61      20.0
1987-09-21       1.6                2.06     18.13
1987-09-22       0.0                 3.5     18.17
1987-09-23       0.0                2.57     16.73
1987-09-24       0.0                2.86     18.43
1987-09-25      0.19                 2.5     16.27
1987-09-26      0.08                4.51     11.23
1987-09-27      0.18                2.65      9.94
1987-09-28       0.0                2.53      15.8
1987-09-29       0.0                2.36      15.4
1987-09-30       0.0                2.75     16.27
1987-10-01       0.0                 2.6     15.67
1987-10-02       0.0                2.33     17.23
1987-10-03      0.35                2.53      17.1
1987-10-04       0.0                2.36      16.5
1987-10-05       0.0                2.39     16.87
1987-10-06      0.68                2.07     17.57
1987-10-07      2.28                2.45      18.4
1987-10-08      0.72                2.29     16.83
1987-10-09       0.0                2.26     16.57
1987-10-10       0.0                2.26      18.4
1987-10-11      0.06                2.18      17.8
1987-10-12      0.03                2.95     12.43
1987-10-13      0.11                1.76      12.3
1987-10-14      0.28                 2.0      15.3
1987-10-15      0.73                 1.9     14.73
1987-10-16       0.9                2.37      15.5
1987-10-17      0.34                1.81      14.6
1987-10-18      8.33                1.36      12.9
1987-10-19       0.2                 2.6     10.17
1987-10-20       0.0                2.11       7.5
1987-10-21       0.0                1.45      5.57
1987-10-22       0.0                1.52       4.7
1987-10-23       0.0                1.24      6.83
1987-10-24       0.0                1.65     10.97
1987-10-25       0.0                1.38      8.23
1987-10-26       0.0                1.64       9.8
1987-10-27       0.0                1.61      10.0
1987-10-28       0.0                1.64      14.5
1987-10-29      0.49                0.99     13.93
1987-10-30      0.43                1.86     12.73
1987-10-31      0.23                2.06      9.43
1987-11-01      4.33                1.38      11.1
1987-11-02     15.48                0.84      9.93
1987-11-03      3.14                1.62      8.04
1987-11-04      0.71                1.37      6.83
1987-11-05      0.13                1.26      2.97
1987-11-06      0.16                0.97       2.6
1987-11-07       0.4                1.07      4.93
1987-11-08      0.49                1.06       3.4
1987-11-09      2.59                0.93       7.1
1987-11-10      0.08                0.76      7.93
1987-11-11      0.32                1.08     12.47
1987-11-12      4.43                1.12     12.23
1987-11-13      0.66                2.13      8.23
1987-11-14      0.17                 1.2      6.07
1987-11-15       0.0                0.84       6.4
1987-11-16      0.03                1.14      6.93
1987-11-17      0.52                0.88      4.63
1987-11-18      4.64                0.72      5.04
1987-11-19      0.34                0.92       3.1
1987-11-20       0.0                0.75      3.07
1987-11-21       0.0                1.54      7.93
1987-11-22       0.0                0.87      6.07
1987-11-23       0.0                1.76      8.57
1987-11-24       0.0                 0.8      3.37
1987-11-25       0.0                0.78      4.67
1987-11-26      2.48                1.13       6.9
1987-11-27      3.48                0.88       3.9
1987-11-28      1.47                0.73     -1.33
1987-11-29      0.13                 0.7     -4.87
1987-11-30       0.0                 0.6      -5.9
1987-12-01       0.0                0.63     -7.93
1987-12-02      0.01                0.73     -7.56
1987-12-03      0.02                0.85      -3.5
1987-12-04       0.0                0.75      -5.8
1987-12-05      0.54                0.61     -0.83
1987-12-06      0.17                0.65      0.03
1987-12-07      0.11                0.65      -0.6
1987-12-08       0.0                0.54      0.37
1987-12-09      0.06                0.51       1.2
1987-12-10      0.04                0.71       2.2
1987-12-11      0.06                0.82     -3.66
1987-12-12       0.0                 0.5      -5.5
1987-12-13       0.0                0.48     -3.93
1987-12-14       0.0                0.49     -2.86
1987-12-15      0.13                0.38      -0.5
1987-12-16       0.0                 1.1     -0.73
1987-12-17       0.0                0.79      0.47
1987-12-18       0.0                0.55     -0.73
1987-12-19       0.0                0.62      0.94
1987-12-20       0.0                0.95       0.0
1987-12-21       0.1                0.91      0.17
1987-12-22      0.03                1.05       0.9
1987-12-23       0.0                0.57      -1.4
1987-12-24      0.37                0.51       1.1
1987-12-25       0.2                0.84       7.2
1987-12-26      0.09                0.85       4.2
1987-12-27       0.0                0.56      5.24
1987-12-28       0.0                0.48      6.97
1987-12-29       0.0                0.61      5.13
1987-12-30       0.0                1.42     -2.63
1987-12-31       0.0                0.46     -5.93
1988-01-01       0.0                0.41     -3.63
1988-01-02       0.0                0.53      -2.3
1988-01-03       0.0                0.46     -1.66
1988-01-04       0.0                0.67     -1.27
1988-01-05       0.0                0.61     -2.96
1988-01-06       0.0                0.62      -3.0
1988-01-07      0.09                0.46     -2.23
1988-01-08      0.54                1.09       0.7
1988-01-09      0.36                1.11     -7.27
1988-01-10       0.0                0.67    -10.33
1988-01-11       0.0                0.65     -7.16
1988-01-12       0.0                0.55     -3.36
1988-01-13       0.0                0.45      0.74
1988-01-14       0.0                0.73      4.37
1988-01-15       0.0                0.69      2.93
1988-01-16       0.0                0.88     -2.23
1988-01-17       0.0                0.73     -5.16
1988-01-18       0.0                 0.8      -3.2
1988-01-19       0.0                0.83     -2.53
1988-01-20      0.01                0.59     -1.33
1988-01-21      0.45                0.46     -0.26
1988-01-22      0.26                1.27      0.07
1988-01-23      0.09                1.11     -8.87
1988-01-24       0.0                0.93     -9.23
1988-01-25       0.0                 0.9     -6.16
1988-01-26       0.0                 1.1     -4.36
1988-01-27      0.05                1.23     -4.93
1988-01-28      0.61                0.86      -4.2
1988-01-29      0.46                1.25     -3.53
1988-01-30      0.09                0.85     -7.43
1988-01-31       0.0                0.85     -6.46
1988-02-01      0.49                 0.9     -4.66
