1994-09-01      0.83                3.31     25.67
1994-09-02      3.77                2.74      24.1
1994-09-03      1.22                3.72     24.23
1994-09-04      0.89                3.07      23.5
1994-09-05      7.63                2.65     23.53
1994-09-06       0.0                3.83     21.37
1994-09-07       0.0                3.45     21.27
1994-09-08       0.0                 3.0     21.27
1994-09-09      0.53                 2.4     21.17
1994-09-10      4.55                1.59     18.87
1994-09-11       0.0                3.05      17.7
1994-09-12       0.0                2.95     17.23
1994-09-13       0.0                 3.1     16.57
1994-09-14       0.0                 3.2     16.47
1994-09-15       0.0                2.98      16.1
1994-09-16      5.12                3.29     15.87
1994-09-17      17.6                1.42     16.13
1994-09-18      1.75                1.58     19.07
1994-09-19      2.64                2.95     18.67
1994-09-20      0.07                2.46      18.8
1994-09-21      0.08                2.49      16.7
1994-09-22      0.06                2.13      16.0
1994-09-23      0.16                2.38      15.0
1994-09-24      1.91                2.07     14.67
1994-09-25      0.04                2.24      15.4
1994-09-26      0.04                1.65     15.83
1994-09-27       0.0                2.52     16.07
1994-09-28       0.0                2.63     15.07
1994-09-29      0.15                2.29     14.67
1994-09-30      0.15                2.12     15.33
1994-10-01       0.0                 2.0     15.73
1994-10-02       0.0                1.75      15.5
1994-10-03      2.62                1.75     16.73
1994-10-04      3.21                2.43      13.8
1994-10-05      3.88                1.81      12.5
1994-10-06      0.93                2.24     15.03
1994-10-07      0.27                1.25     13.37
1994-10-08      0.05                1.87     16.27
1994-10-09       0.0                1.69     16.63
1994-10-10       0.0                1.39     15.47
1994-10-11     20.68                 1.5      15.4
1994-10-12     53.74                1.61      16.3
1994-10-13      0.63                2.55      16.7
1994-10-14      0.02                1.74      14.4
1994-10-15     13.51                0.94      11.6
1994-10-16     34.29                1.38     14.87
1994-10-17       0.3                1.74     12.47
1994-10-18       0.0                1.62     12.93
1994-10-19       0.2                1.85      14.6
1994-10-20      2.61                1.35      10.0
1994-10-21      8.92                0.97      6.63
1994-10-22       0.4                1.36       9.2
1994-10-23      0.09                 1.7      9.43
1994-10-24      0.21                1.73      9.13
1994-10-25       0.0                1.35       9.4
1994-10-26       0.0                1.16     10.07
1994-10-27       0.0                1.22     11.07
1994-10-28       0.0                0.72      9.67
1994-10-29       0.0                1.27      9.07
1994-10-30       0.0                1.34      6.87
1994-10-31       0.0                1.06       6.1
1994-11-01       0.0                1.13       7.3
1994-11-02       2.0                1.51       9.1
1994-11-03      0.15                 1.6      7.13
1994-11-04       0.0                0.93      6.13
1994-11-05      0.01                0.76      8.27
1994-11-06      0.21                2.02     13.37
1994-11-07       0.0                1.22       6.8
1994-11-08       0.0                0.81       7.4
1994-11-09      1.05                1.07       8.7
1994-11-10      5.31                0.79     11.07
1994-11-11      0.08                1.06      9.63
1994-11-12       1.8                0.62       8.5
1994-11-13      0.83                1.21       6.5
1994-11-14      4.82                 0.9      5.77
1994-11-15      0.38                1.26       4.3
1994-11-16      0.12                0.95      7.53
1994-11-17      4.85                 0.7      9.17
1994-11-18     15.25                0.63       9.5
1994-11-19      0.12                0.93       8.3
1994-11-20       0.0                0.81      5.67
1994-11-21      0.07                0.68      3.87
1994-11-22      0.69                0.63      1.77
1994-11-23      0.11                0.65      4.57
1994-11-24      3.33                0.54       3.8
1994-11-25      0.11                0.97      3.07
1994-11-26       0.0                0.82      0.23
1994-11-27       0.0                0.45     -0.06
1994-11-28      0.11                0.45      4.04
1994-11-29       0.0                0.47       3.7
1994-11-30       0.0                0.48      4.87
1994-12-01      0.58                0.46      6.37
1994-12-02       0.0                 1.7      0.17
1994-12-03       0.0                 0.7     -5.16
1994-12-04       0.0                0.54     -4.76
1994-12-05      0.05                0.86     -1.67
1994-12-06      0.16                0.35      -1.4
1994-12-07      1.56                0.81      4.63
1994-12-08      1.79                0.39      3.17
1994-12-09      0.35                0.63       5.7
1994-12-10      0.22                0.45       3.5
1994-12-11      3.17                0.42       3.0
1994-12-12      0.67                0.61      3.87
1994-12-13      0.05                 1.2     -1.57
1994-12-14      0.02                1.11     -3.87
1994-12-15       0.0                1.07      -7.6
1994-12-16       0.0                0.44     -9.47
1994-12-17       0.0                0.47     -7.53
1994-12-18      0.02                0.43     -6.27
1994-12-19       0.0                0.24     -7.46
1994-12-20       0.0                 0.4     -4.46
1994-12-21       0.0                0.46     -1.47
1994-12-22       0.0                 0.4     -2.13
1994-12-23       0.0                0.43      3.94
1994-12-24      0.19                0.54       4.5
1994-12-25      0.18                0.71       0.7
1994-12-26      0.35                0.42      -0.4
1994-12-27      0.08                0.43       0.2
1994-12-28       0.0                0.53     -1.87
1994-12-29       0.0                0.38      -3.7
1994-12-30      0.08                0.35     -2.43
1994-12-31      0.01                0.48     -2.57
1995-01-01       0.0                0.39     -4.76
1995-01-02       0.0                0.35     -4.06
1995-01-03      0.36                0.35      -1.5
1995-01-04      0.12                0.86      -1.4
1995-01-05      0.14                0.91     -4.53
1995-01-06       0.0                0.74     -6.97
1995-01-07       0.0                0.62      2.57
1995-01-08       0.0                0.53      3.63
1995-01-09       0.0                1.79     -0.37
1995-01-10       0.0                0.85      -7.1
1995-01-11      0.07                0.67      -7.7
1995-01-12       0.0                0.51      -6.2
1995-01-13       0.0                0.64     -6.73
1995-01-14       0.0                0.37     -8.93
1995-01-15       0.0                0.36     -6.07
1995-01-16       0.0                0.44     -3.67
1995-01-17      0.17                0.43      -5.4
1995-01-18      0.08                0.53     -4.43
1995-01-19      0.06                 0.4     -7.36
1995-01-20       0.2                0.44      -4.3
1995-01-21      0.46                0.38     -3.46
1995-01-22      0.82                0.46      0.63
1995-01-23      1.03                0.86      -1.8
1995-01-24       0.3                0.49      -6.1
1995-01-25      0.07                0.44     -5.53
1995-01-26       0.0                0.69     -5.86
1995-01-27       0.0                0.58     -8.17
1995-01-28      0.02                0.55      -8.7
1995-01-29      0.06                0.61     -8.27
1995-01-30       0.0                0.47     -9.87
1995-01-31       0.0                0.59     -7.73
1995-02-01       0.0                0.52     -6.93
1995-02-02       0.0                0.57      -4.5
1995-02-03       0.0                0.63      -3.7
1995-02-04       0.0                0.74     -4.76
1995-02-05       0.0                0.72      -5.1
1995-02-06       0.0                0.94     -4.93
1995-02-07       0.0                1.02     -2.26
1995-02-08       0.0                0.77      -0.2
1995-02-09      0.04                0.92     -0.73
1995-02-10      0.17                0.96     -1.17
1995-02-11       0.0                1.13      0.97
1995-02-12       0.0                0.62       1.6
1995-02-13       0.0                1.23     -0.27
1995-02-14      0.07                1.16     -2.53
1995-02-15      1.42                0.95      -2.9
1995-02-16       0.0                1.04      -5.0
1995-02-17       0.0                1.07     -3.17
1995-02-18       0.0                1.11     -0.06
1995-02-19      0.17                1.18      -0.3
1995-02-20      0.98                0.94      0.07
1995-02-21       0.5                1.16     -2.63
1995-02-22       0.2                1.22      -1.4
1995-02-23       0.0                1.31     -0.17
1995-02-24       0.0                1.19      0.57
1995-02-25      0.79                0.69     -0.13
1995-02-26      1.49                0.73     -2.03
1995-02-27       0.3                0.91     -1.27
1995-02-28      1.33                 1.1      1.73
1995-03-01      0.52                 1.0       0.4
1995-03-02       0.0                1.07      0.73
1995-03-03      2.53                1.17     -0.53
1995-03-04       0.3                1.32      -1.0
1995-03-05       0.0                1.63      0.23
1995-03-06       0.0                1.38      4.13
1995-03-07       0.0                1.83      5.83
1995-03-08       0.0                1.75       6.1
1995-03-09      1.87                1.11       5.3
1995-03-10      2.63                1.24       2.0
1995-03-11      0.92                0.81      1.13
1995-03-12      0.59                1.31      3.03
1995-03-13       0.0                1.74       4.3
1995-03-14       0.0                1.62      4.63
1995-03-15      1.02                2.22      6.83
1995-03-16      4.08                1.13      4.63
1995-03-17      0.29                2.54      0.93
1995-03-18      0.35                1.22     -1.63
1995-03-19       0.0                2.07      0.13
1995-03-20      0.04                 2.2      7.04
1995-03-21      0.09                1.51      8.53
1995-03-22      0.53                1.45       4.5
1995-03-23      0.61                1.19      3.37
1995-03-24      1.83                0.98       1.5
1995-03-25      1.35                1.51      1.23
1995-03-26      0.21                 2.2      2.67
1995-03-27      1.26                1.91      4.17
1995-03-28      0.39                2.07       3.6
1995-03-29      0.12                1.18      5.43
1995-03-30      0.14                2.31      6.33
1995-03-31      0.61                1.26      2.87
1995-04-01      0.31                2.19       3.0
