1998-11-01       0.0                1.31       7.2
1998-11-02      10.9                0.65      6.37
1998-11-03      0.08                1.06       9.8
1998-11-04       0.0                1.38     10.87
1998-11-05      0.33                1.42      8.33
1998-11-06       0.0                1.04      10.6
1998-11-07       0.0                1.14     10.23
1998-11-08      0.67                1.14       9.2
1998-11-09      1.82                1.49      6.87
1998-11-10       0.0                0.98      3.53
1998-11-11      0.08                1.14      7.97
1998-11-12      0.78                1.01      7.27
1998-11-13      0.35                0.88     10.77
1998-11-14      0.11                1.08     15.27
1998-11-15      0.47                 0.8     14.14
1998-11-16      22.9                0.75     11.73
1998-11-17      1.15                2.09       3.1
1998-11-18       0.0                1.33     -2.23
1998-11-19      1.51                0.65     -2.93
1998-11-20      0.45                0.66     -2.77
1998-11-21      0.28                0.84      1.53
1998-11-22      0.01                0.72       1.2
1998-11-23      2.44                0.44      0.74
1998-11-24      2.86                0.48       1.8
1998-11-25      0.05                0.51       2.1
1998-11-26      1.16                0.59       3.5
1998-11-27      5.01                0.49      3.57
1998-11-28       0.0                0.54      2.93
1998-11-29      0.17                0.44      2.94
1998-11-30       0.0                0.52       4.0
1998-12-01      3.42                0.57      3.97
1998-12-02       0.4                0.85       1.9
1998-12-03      0.11                0.57       0.8
1998-12-04       0.0                 0.4     -0.43
1998-12-05      0.58                0.46      1.33
1998-12-06      0.16                 0.5       3.2
1998-12-07      0.23                 0.9      3.63
1998-12-08      2.91                 1.0      -2.3
1998-12-09       0.0                0.62     -3.63
1998-12-10      0.14                0.52     -4.57
1998-12-11      0.16                0.53     -3.23
1998-12-12      0.44                0.43     -2.96
1998-12-13      0.12                0.56      3.17
1998-12-14      0.54                0.55      3.87
1998-12-15       0.0                0.77       1.7
1998-12-16       0.0                1.05       5.5
1998-12-17      0.08                0.45       3.9
1998-12-18       0.0                0.45      3.64
1998-12-19      0.25                1.39      6.07
1998-12-20      1.31                0.49      1.23
1998-12-21       0.0                 0.4      1.67
1998-12-22      0.24                0.53       3.9
1998-12-23       0.0                0.41       1.6
1998-12-24       0.0                0.38       1.3
1998-12-25      0.08                0.42      0.27
1998-12-26      0.32                0.38      0.74
1998-12-27       0.0                0.41      1.64
1998-12-28       0.0                0.37      0.54
1998-12-29       0.2                1.14      1.67
1998-12-30       0.0                0.51     -4.13
1998-12-31       0.0                0.48     -4.73
1999-01-01       0.0                0.57     -4.13
1999-01-02      0.12                0.75       0.3
1999-01-03       0.0                0.43     -0.43
1999-01-04       0.0                0.44      0.17
1999-01-05       0.0                 0.4       0.7
1999-01-06      0.48                0.41      1.37
1999-01-07       0.0                1.07      -4.7
1999-01-08       0.0                0.81      -9.1
1999-01-09       0.0                0.68    -10.23
1999-01-10       0.0                0.63     -7.56
1999-01-11       0.0                0.62      -7.5
1999-01-12       0.0                 0.6     -7.06
1999-01-13       0.0                0.68     -5.66
1999-01-14       0.0                0.56      -4.8
1999-01-15       0.0                0.72     -3.83
1999-01-16       0.0                0.62     -3.43
1999-01-17       0.0                0.52     -4.43
1999-01-18       0.0                0.55     -0.63
1999-01-19       0.0                0.79       2.3
1999-01-20       0.0                0.94     -3.36
1999-01-21       0.0                0.71     -4.73
1999-01-22      0.08                0.55      3.27
1999-01-23      0.11                0.71      4.13
1999-01-24       0.2                0.91      5.63
1999-01-25      2.42                1.35      3.47
1999-01-26      0.17                1.07      0.57
1999-01-27      1.36                1.01      2.77
1999-01-28      0.03                1.31     -2.17
1999-01-29      0.21                0.84     -4.86
1999-01-30       0.0                0.71     -6.26
1999-01-31       0.0                0.55      -2.8
1999-02-01       0.0                0.89      1.77
1999-02-02       0.0                1.31     -4.23
1999-02-03       0.0                0.75     -7.97
1999-02-04       0.0                0.81      -7.6
1999-02-05       0.0                0.97      -4.0
1999-02-06       0.0                1.01     -1.76
1999-02-07       0.0                0.98       1.0
1999-02-08       0.0                 0.9      1.37
1999-02-09       0.0                0.85      0.17
1999-02-10       0.0                1.07      0.87
1999-02-11      0.03                1.27      -0.6
1999-02-12      0.03                1.21      -4.6
1999-02-13       0.0                0.97      -6.0
1999-02-14      0.72                0.72      -3.0
1999-02-15       0.0                 1.0      2.77
1999-02-16      0.14                0.95       2.9
1999-02-17       0.0                0.68      6.24
1999-02-18      0.02                2.14      4.97
1999-02-19       0.0                1.57     -1.03
1999-02-20       0.0                 1.3      -3.9
1999-02-21       0.0                1.27      -3.8
1999-02-22       0.0                1.37     -0.93
1999-02-23      0.03                 1.1      1.23
1999-02-24      0.32                 0.8      2.93
1999-02-25      0.12                1.14      4.53
1999-02-26      0.11                0.93      3.44
1999-02-27       0.0                2.15       0.1
1999-02-28       0.0                1.41     -1.86
1999-03-01      0.01                0.79      2.84
1999-03-02       0.0                1.98       5.6
1999-03-03       0.0                 2.0      5.33
1999-03-04      2.51                1.66      7.43
1999-03-05      7.07                2.21      5.63
1999-03-06       0.0                1.54      3.77
1999-03-07      0.31                2.03      3.07
1999-03-08      1.57                0.86      1.27
1999-03-09      0.09                1.19      2.17
1999-03-10       0.0                1.48       2.9
1999-03-11       0.0                1.85       1.5
1999-03-12       0.0                 1.7      2.13
1999-03-13      0.33                 2.0       6.0
1999-03-14      1.39                1.25      6.33
1999-03-15      0.19                1.88       3.0
1999-03-16       0.0                 2.5      6.23
1999-03-17      1.96                2.35      8.83
1999-03-18     28.09                1.11      9.77
1999-03-19       1.1                1.85       3.8
1999-03-20      0.26                 2.4       3.0
1999-03-21      0.52                1.64      0.87
1999-03-22      0.01                2.26      -1.3
1999-03-23       0.0                2.01      2.17
1999-03-24      0.01                1.28       4.1
1999-03-25      1.02                 2.1      7.43
1999-03-26      2.77                1.34      5.17
1999-03-27      0.09                3.09      6.23
1999-03-28       0.0                2.69      3.03
1999-03-29       0.0                 2.0       1.3
1999-03-30       0.0                 2.3      6.13
1999-03-31      0.17                2.66      7.93
1999-04-01      11.2                1.19       8.3
1999-04-02      0.29                2.66      7.17
1999-04-03       0.0                2.58      4.97
1999-04-04      0.01                2.88      6.87
1999-04-05      9.66                2.52       7.6
1999-04-06      4.88                1.65      3.23
1999-04-07       0.6                1.85       4.1
1999-04-08      1.66                3.04       7.6
1999-04-09     19.24                1.35      8.83
1999-04-10     15.55                2.07       9.0
1999-04-11      1.03                3.38      11.3
1999-04-12     16.66                1.38      8.97
1999-04-13      1.37                1.71      7.23
1999-04-14       0.0                3.86      9.37
1999-04-15       0.0                3.76      10.0
1999-04-16       0.0                2.56     12.94
1999-04-17      0.03                3.06      13.4
1999-04-18       0.0                3.66     15.93
1999-04-19       0.0                4.13     16.17
1999-04-20       0.3                3.36      12.3
1999-04-21       0.0                4.22      14.4
1999-04-22       0.0                4.15      17.6
1999-04-23       0.0                4.01      17.5
1999-04-24       0.0                4.91     16.43
1999-04-25       0.1                5.25     16.43
1999-04-26      0.23                4.89     17.23
1999-04-27      5.32                3.27     16.03
1999-04-28      1.03                3.71     11.53
1999-04-29      0.05                3.55     11.83
1999-04-30       0.0                4.44     13.77
1999-05-01      1.44                4.12     14.93
1999-05-02       2.6                1.96     11.97
1999-05-03     16.84                 1.6      12.2
1999-05-04      0.83                4.32     15.77
1999-05-05      0.18                3.82     14.43
1999-05-06       0.0                4.28     15.74
1999-05-07       0.0                4.05     15.67
1999-05-08       0.0                4.28      17.2
1999-05-09      0.15                4.28     17.93
1999-05-10       0.0                4.16     13.27
1999-05-11       0.0                 4.3      15.2
1999-05-12       0.0                4.64     17.47
1999-05-13       0.0                4.66     17.23
1999-05-14      0.36                2.88     14.93
1999-05-15      0.87                2.65      16.3
1999-05-16       0.0                4.74     18.07
1999-05-17      1.28                4.89     17.37
1999-05-18     23.69                2.04     14.13
1999-05-19      7.38                1.96     12.73
1999-05-20      0.27                4.12     14.83
1999-05-21       0.0                4.19      16.6
1999-05-22      0.04                4.61      17.7
1999-05-23      4.09                4.03     17.93
1999-05-24     21.95                1.96     14.07
1999-05-25       0.5                2.75      14.4
1999-05-26      2.25                 2.0     15.07
1999-05-27      3.05                3.94     14.37
1999-05-28      0.02                4.76     15.03
1999-05-29       0.0                 4.7      16.2
1999-05-30       0.0                4.74     17.67
1999-05-31       0.0                 4.9      18.9
1999-06-01      3.37                2.07     18.13
