1978-01-01      5.14                0.51      -0.5
1978-01-02       8.3                0.47     -1.87
1978-01-03      0.01                 0.4     -6.83
1978-01-04      0.27                0.63      -7.5
1978-01-05      0.62                0.61     -5.23
1978-01-06       0.0                0.82     -1.33
1978-01-07      0.02                0.81      1.13
1978-01-08      0.33                0.79     -0.27
1978-01-09      0.01                 1.1      -4.9
1978-01-10       0.0                0.61     -8.03
1978-01-11      0.01                0.42     -3.66
1978-01-12       0.0                0.48      0.24
1978-01-13       0.0                 0.4     -3.06
1978-01-14       0.0                 0.4      -1.6
1978-01-15       0.0                1.32     -2.96
1978-01-16      0.01                0.48     -8.63
1978-01-17      0.09                0.63      -6.2
1978-01-18      0.28                0.61     -6.06
1978-01-19      1.68                0.85     -6.23
1978-01-20      3.12                0.49     -5.73
1978-01-21      0.03                 1.1     -6.23
1978-01-22       0.0                0.43      -9.2
1978-01-23       0.0                0.47     -4.33
1978-01-24      0.03                0.67     -0.37
1978-01-25      0.55                0.78      -1.7
1978-01-26      1.84                0.55      -0.1
1978-01-27      0.08                0.74      -1.5
1978-01-28      2.73                0.66      -3.9
1978-01-29      0.35                0.92      -3.2
1978-01-30       0.0                0.91      -8.4
1978-01-31      0.17                 0.7    -10.73
1978-02-01       0.0                0.81    -12.66
1978-02-02      0.14                0.69     -11.3
1978-02-03       0.0                0.83      -9.8
1978-02-04      0.27                0.46      -6.4
1978-02-05       0.0                0.68     -2.43
1978-02-06       0.0                0.76     -0.27
1978-02-07       0.0                0.77     -1.23
1978-02-08      0.23                0.71      -3.0
1978-02-09      5.62                 0.5      -1.7
1978-02-10     12.54                0.61     -0.17
1978-02-11      0.35                0.81     -0.63
1978-02-12       0.0                1.12      -2.8
1978-02-13       0.0                0.96      -5.6
1978-02-14      0.09                0.93      -9.1
1978-02-15       0.0                0.75    -12.06
1978-02-16       0.0                0.82     -10.5
1978-02-17      1.34                0.86      -9.5
1978-02-18       0.0                1.03     -9.23
1978-02-19      1.81                1.35     -3.93
1978-02-20      0.58                0.58      -4.2
1978-02-21       0.0                1.23      -3.4
1978-02-22       0.0                 1.5      -2.2
1978-02-23      0.09                1.27     -0.23
1978-02-24       0.0                1.44      0.47
1978-02-25      0.97                1.41       0.2
1978-02-26       0.0                1.41       0.1
1978-02-27     11.23                1.22       4.2
1978-02-28     12.93                 0.7     -0.43
1978-03-01      0.01                0.86      -7.2
1978-03-02      0.66                1.01     -1.57
1978-03-03      8.27                0.72      1.77
1978-03-04       0.0                 1.5      1.43
1978-03-05       0.0                1.38       0.7
1978-03-06       0.0                1.57       3.8
1978-03-07       0.0                1.72       4.3
1978-03-08      0.44                2.45      5.53
1978-03-09     28.82                1.11       3.2
1978-03-10      6.72                 1.1     -1.73
1978-03-11      1.52                1.58      -4.7
1978-03-12       0.0                1.65     -5.13
1978-03-13       0.0                 2.0     -2.63
1978-03-14       0.0                 1.7      -1.5
1978-03-15       0.0                1.89     -0.46
1978-03-16       0.0                1.99       2.5
1978-03-17       0.0                1.89      3.53
1978-03-18       0.0                1.85      4.97
1978-03-19       0.0                2.03      4.77
1978-03-20       0.0                2.24       4.6
1978-03-21      0.03                1.49       4.8
1978-03-22     13.77                0.88      1.77
1978-03-23       0.0                2.05      3.07
1978-03-24       0.0                 2.5      4.54
1978-03-25       0.0                2.02      5.74
1978-03-26       0.0                 2.5       8.9
1978-03-27       0.0                3.17      9.67
1978-03-28      0.24                2.77       8.1
1978-03-29       0.0                2.62      6.13
1978-03-30      0.11                2.45      5.23
1978-03-31      0.49                2.33      4.67
1978-04-01       0.0                 2.4      5.77
1978-04-02      3.39                1.98       6.2
1978-04-03      0.34                2.91      5.77
1978-04-04       0.0                2.36      6.07
1978-04-05      6.48                2.68       8.6
1978-04-06      0.83                2.32      5.03
1978-04-07       0.0                3.31      6.84
1978-04-08       0.0                3.87     10.77
1978-04-09       0.0                3.55     12.43
1978-04-10       0.0                4.12      9.97
1978-04-11      4.01                1.48      9.43
1978-04-12      4.44                1.79      8.57
1978-04-13       0.0                3.14     10.73
1978-04-14      0.39                3.89      14.9
1978-04-15      1.41                2.29     11.93
1978-04-16      1.42                2.74      9.63
1978-04-17       0.0                3.12       9.4
1978-04-18       0.0                3.45     11.57
1978-04-19      0.55                1.32       9.3
1978-04-20       0.0                3.62       8.4
1978-04-21       0.0                3.78      9.64
1978-04-22       0.0                3.82     10.13
1978-04-23       0.0                4.39     12.47
1978-04-24       0.0                3.45     11.44
1978-04-25       0.0                3.94     11.33
1978-04-26       0.0                4.58      11.8
1978-04-27       0.0                4.63     16.74
1978-04-28       0.0                1.72      13.2
1978-04-29       0.0                3.98      15.0
1978-04-30      0.87                 2.4     17.83
1978-05-01       0.0                5.16     15.33
1978-05-02       0.0                4.54      13.7
1978-05-03       0.0                4.32      13.0
1978-05-04       0.0                4.87     15.04
1978-05-05       0.0                 4.2     15.23
1978-05-06       0.0                 4.8      15.9
1978-05-07       0.0                4.19     15.17
1978-05-08       0.0                4.62     16.57
1978-05-09       0.0                4.24     16.07
1978-05-10       0.0                 4.3     13.37
1978-05-11       0.0                 4.7     13.27
1978-05-12       0.0                4.78     16.37
1978-05-13       0.0                4.55     18.33
1978-05-14       0.0                4.67     17.77
1978-05-15       0.0                4.86     17.83
1978-05-16       0.0                5.39      16.7
1978-05-17       0.0                4.92      17.8
1978-05-18      9.16                2.06      15.7
1978-05-19      6.88                2.03     13.67
1978-05-20      0.15                2.29      14.8
1978-05-21       0.0                4.16      19.1
1978-05-22       0.0                4.02     19.73
1978-05-23       0.0                5.31     19.97
1978-05-24      0.05                 4.0      19.1
1978-05-25       0.0                4.98     20.47
1978-05-26       0.0                5.05     20.23
1978-05-27      0.47                4.98      21.9
1978-05-28      2.36                5.18     20.47
1978-05-29     11.91                3.15     16.23
1978-05-30      0.13                4.73     13.07
1978-05-31       0.0                3.64     14.77
1978-06-01       0.0                5.05     16.73
1978-06-02       0.0                3.66      17.8
1978-06-03      3.58                3.86      17.5
1978-06-04      1.15                4.63     18.07
1978-06-05      9.71                3.12     15.97
1978-06-06      0.67                4.68     18.37
1978-06-07       0.0                5.03     19.63
1978-06-08       0.0                5.26      20.7
1978-06-09     14.76                3.87     21.83
1978-06-10      2.75                3.82      23.3
1978-06-11      0.17                4.78      23.9
1978-06-12     13.48                3.47      20.6
1978-06-13      0.14                5.43     18.67
1978-06-14       0.0                3.53     19.53
1978-06-15      5.08                 3.4     21.07
1978-06-16       0.0                4.44      22.8
1978-06-17       0.0                 5.2      23.4
1978-06-18      4.62                2.84     21.07
1978-06-19      0.19                4.97     22.87
1978-06-20      0.16                 3.3      20.3
1978-06-21       0.2                3.94      20.4
1978-06-22       0.0                5.01     22.07
1978-06-23       0.0                 5.4     22.27
1978-06-24       0.0                4.65     23.63
1978-06-25    123.92                2.11      19.2
1978-06-26    130.23                2.13      21.3
1978-06-27      6.85                 3.5     22.03
1978-06-28      1.86                3.63     22.43
1978-06-29      33.9                2.19     21.13
1978-06-30     52.51                2.13     20.23
1978-07-01      11.8                3.64     23.73
1978-07-02     10.36                2.26      23.6
1978-07-03      3.19                 3.2     26.43
1978-07-04      0.15                5.15     27.07
1978-07-05      2.18                3.42      24.3
1978-07-06      6.83                3.98      25.9
1978-07-07      6.33                3.38     25.07
1978-07-08      8.89                3.22     25.83
1978-07-09      7.92                2.24     24.37
1978-07-10      1.02                3.12     23.83
1978-07-11     41.38                 2.2     22.53
1978-07-12     41.18                3.74     21.77
1978-07-13      4.03                2.98     21.97
1978-07-14     17.29                3.22     24.87
1978-07-15     10.05                2.28      23.9
1978-07-16      5.82                2.97     24.63
1978-07-17      4.41                2.97      23.8
1978-07-18      2.16                3.72     24.13
1978-07-19      0.69                3.02      23.2
1978-07-20      0.07                3.62      24.9
1978-07-21       0.0                4.11     25.77
1978-07-22       0.0                5.08     26.63
1978-07-23       0.0                3.79     27.53
1978-07-24       0.0                4.89      27.9
1978-07-25       3.6                5.29     27.97
1978-07-26      2.63                5.16     28.47
1978-07-27      0.65                5.68     28.93
1978-07-28      0.59                5.34     28.77
1978-07-29      1.63                 5.5     28.77
1978-07-30     21.01                2.22     24.67
1978-07-31       0.0                5.86     27.27
1978-08-01      4.07                4.77     28.07
