1991-03-01       0.0                1.48      -1.0
1991-03-02       0.0                1.62     -0.37
1991-03-03      0.28                1.82      2.47
1991-03-04       0.0                1.43      1.97
1991-03-05       0.0                1.41      4.47
1991-03-06       0.0                 1.6      5.93
1991-03-07      0.85                1.52       2.9
1991-03-08      2.76                0.87      0.03
1991-03-09       1.6                1.05      0.63
1991-03-10      1.69                0.92      2.07
1991-03-11      0.17                 1.0       0.9
1991-03-12       0.0                1.86      3.33
1991-03-13       0.0                1.73      2.43
1991-03-14       0.0                 1.8     -1.47
1991-03-15      0.05                1.49     -0.43
1991-03-16      0.33                1.42      1.54
1991-03-17       0.0                 2.1      1.67
1991-03-18       0.0                 1.7      3.27
1991-03-19      0.01                2.42      8.27
1991-03-20      0.15                1.59      7.23
1991-03-21       0.0                2.24      1.83
1991-03-22       0.0                2.28       3.1
1991-03-23       0.0                2.67      7.67
1991-03-24       0.0                2.64       6.6
1991-03-25       0.0                3.11     10.47
1991-03-26      2.12                2.56      4.73
1991-03-27      1.48                 1.2      1.03
1991-03-28      0.38                2.06       5.1
1991-03-29       0.0                1.79       6.2
1991-03-30       0.0                2.71      4.57
1991-03-31      0.07                2.23      0.83
1991-04-01       0.0                2.22      0.47
1991-04-02       0.0                2.57       3.3
1991-04-03       0.0                2.76      6.63
1991-04-04      0.04                3.23       8.3
1991-04-05       0.0                3.22      8.43
1991-04-06       0.0                3.59      10.0
1991-04-07       0.0                4.45      7.97
1991-04-08       0.0                3.58     10.63
1991-04-09       0.0                 3.5     12.87
1991-04-10       0.0                1.81     12.87
1991-04-11      0.07                3.97      12.7
1991-04-12       3.8                2.65      12.5
1991-04-13      3.69                2.06     10.87
1991-04-14       0.0                3.41     11.43
1991-04-15      0.08                2.52      9.44
1991-04-16       0.0                3.18     11.97
1991-04-17     19.45                2.06      12.2
1991-04-18     21.61                3.15       7.7
1991-04-19      3.09                3.71      9.27
1991-04-20       0.0                4.19     10.13
1991-04-21       0.0                 3.8     11.27
1991-04-22       0.0                3.68      12.1
1991-04-23       0.0                3.58     13.07
1991-04-24       0.0                3.66      14.0
1991-04-25       0.0                 3.4     14.17
1991-04-26       0.0                3.95     11.43
1991-04-27      0.26                4.28      11.9
1991-04-28      2.25                3.75     14.37
1991-04-29      7.17                3.59     12.57
1991-04-30      7.03                4.17      12.1
1991-05-01      0.72                4.34      9.77
1991-05-02      0.01                 3.3     10.73
1991-05-03      0.06                3.54       9.2
1991-05-04       0.0                4.09     11.37
1991-05-05      0.03                4.16     13.83
1991-05-06      6.27                2.17      12.3
1991-05-07      3.44                1.99     14.67
1991-05-08      2.86                4.17     16.17
1991-05-09       0.0                5.21     16.83
1991-05-10       0.0                4.66     17.17
1991-05-11      0.22                 4.4      16.9
1991-05-12       0.0                4.57     16.53
1991-05-13       0.0                3.49     16.07
1991-05-14      3.93                4.57      17.7
1991-05-15      8.44                4.41     17.13
1991-05-16      1.92                3.42     14.33
1991-05-17      0.09                5.16     17.03
1991-05-18       0.0                4.84     17.37
1991-05-19       0.0                4.79     19.33
1991-05-20       0.0                5.53     18.17
1991-05-21       0.0                4.99      19.0
1991-05-22       0.0                5.04      20.2
1991-05-23       0.0                6.05      18.8
1991-05-24      5.36                2.29     15.67
1991-05-25     21.84                2.06     12.93
1991-05-26     29.93                 1.9      10.9
1991-05-27      3.02                4.45     13.43
1991-05-28       0.0                4.81      13.1
1991-05-29       0.0                4.93     15.73
1991-05-30       0.0                3.89     14.93
1991-05-31       0.0                4.95      18.8
1991-06-01      0.18                4.34      19.2
1991-06-02       0.0                4.21      21.0
1991-06-03       0.0                2.39     18.23
1991-06-04       0.0                3.98     20.17
1991-06-05       0.0                4.86      21.0
1991-06-06       0.0                 5.1      20.7
1991-06-07       0.0                5.29     20.27
1991-06-08      0.97                5.19     21.53
1991-06-09     11.67                2.61     19.47
1991-06-10      0.65                4.46     23.27
1991-06-11     14.83                2.56     21.87
1991-06-12      6.43                4.32     22.57
1991-06-13      0.13                 5.5      22.5
1991-06-14       0.0                5.24     21.93
1991-06-15      0.01                5.19      22.2
1991-06-16      0.03                4.15     20.23
1991-06-17      0.51                5.27     21.67
1991-06-18      0.16                4.56      20.4
1991-06-19      0.02                5.07      21.1
1991-06-20       0.0                4.84     20.93
1991-06-21       0.0                4.64     21.73
1991-06-22       0.2                4.92      21.7
1991-06-23      3.75                4.85     20.97
1991-06-24       0.0                4.65      21.4
1991-06-25      0.13                 4.9     22.27
1991-06-26      0.81                4.11      22.5
1991-06-27       0.0                4.11     23.57
1991-06-28      1.93                4.22      25.1
1991-06-29     26.04                2.19     21.87
1991-06-30       1.1                4.97     23.93
1991-07-01      6.83                2.89      23.7
1991-07-02      0.74                4.96     23.33
1991-07-03       0.0                5.21     23.97
1991-07-04       0.0                4.87     23.33
1991-07-05      0.28                5.36     23.17
1991-07-06      0.33                4.72     25.27
1991-07-07     21.82                2.23     19.87
1991-07-08      0.19                3.29     20.87
1991-07-09      0.13                2.34     20.97
1991-07-10      0.18                4.33      23.9
1991-07-11       0.0                2.25     22.27
1991-07-12      0.12                5.08     21.93
1991-07-13      3.75                4.45      23.2
1991-07-14      2.95                2.82     24.13
1991-07-15     23.96                2.16      22.1
1991-07-16       1.9                2.49      23.5
1991-07-17      0.04                 5.1     24.87
1991-07-18      0.71                4.95     23.37
1991-07-19     26.36                2.24      22.8
1991-07-20     20.08                3.64     24.87
1991-07-21     31.09                2.33      24.6
1991-07-22     11.63                2.38     24.57
1991-07-23     13.75                2.37     25.37
1991-07-24     14.45                2.35      25.0
1991-07-25     166.0                2.16     21.73
1991-07-26      2.91                3.78     22.83
1991-07-27      0.54                4.57      24.3
1991-07-28      3.35                3.62     24.17
1991-07-29      7.95                3.35     24.17
1991-07-30      7.27                3.51      24.7
1991-07-31      1.25                2.46      23.8
1991-08-01     15.35                3.62     25.53
1991-08-02     49.21                2.05     21.03
1991-08-03      1.11                4.16     23.13
1991-08-04      3.58                2.26     21.13
1991-08-05      2.93                2.63     21.53
1991-08-06      1.56                4.32      21.6
1991-08-07      0.31                3.45     21.73
1991-08-08      0.24                5.05      22.2
1991-08-09      5.57                 2.4     20.33
1991-08-10      1.56                 3.9      21.7
1991-08-11      0.65                4.77      21.9
1991-08-12       0.0                4.83      22.9
1991-08-13       0.0                 4.4      25.4
1991-08-14       0.0                5.38     25.83
1991-08-15       0.0                5.22      24.5
1991-08-16       0.0                5.09      23.5
1991-08-17       0.0                5.05      24.1
1991-08-18       0.0                4.89     23.23
1991-08-19       0.0                4.74     24.93
1991-08-20       0.0                5.11     25.43
1991-08-21      1.16                4.79     23.37
1991-08-22     13.68                2.52      22.7
1991-08-23     31.04                2.86     21.83
1991-08-24     12.17                3.56      21.9
1991-08-25      0.37                4.63     24.87
1991-08-26      0.04                4.28     19.47
1991-08-27       0.0                4.41      18.2
1991-08-28       0.0                 4.3     18.93
1991-08-29      0.06                 4.1      20.6
1991-08-30      0.11                4.45     23.83
1991-08-31       0.0                3.63      22.6
1991-09-01      0.32                3.85     24.27
1991-09-02       0.2                3.07     22.23
1991-09-03       2.1                1.78      21.4
1991-09-04     47.93                1.77      21.2
1991-09-05     39.02                1.84      22.1
1991-09-06     10.64                2.74     21.47
1991-09-07      0.03                3.71     22.57
1991-09-08      0.09                3.97     21.77
1991-09-09      0.04                4.09      21.7
1991-09-10      0.74                2.63     21.77
1991-09-11      4.52                1.58      20.5
1991-09-12      0.33                3.27     20.27
1991-09-13      0.76                3.77     19.03
1991-09-14      1.73                3.66      18.0
1991-09-15       0.0                3.63      17.5
1991-09-16      0.12                3.55     17.93
1991-09-17       0.0                3.03     17.63
1991-09-18       0.0                3.66     20.03
1991-09-19      2.36                3.12      19.9
1991-09-20      3.08                2.41     17.33
1991-09-21      1.17                2.22     16.73
1991-09-22      0.15                 3.0     17.47
1991-09-23      0.01                1.67     16.47
1991-09-24       0.0                2.32      18.6
1991-09-25       0.0                2.75     17.87
1991-09-26     19.03                1.76      16.9
1991-09-27     43.55                1.33     16.03
1991-09-28      0.74                2.88     14.67
1991-09-29      0.04                2.05     14.77
1991-09-30       0.0                1.36     13.74
1991-10-01       0.0                2.41     15.53
