1993-02-01      0.03                1.02      -4.7
1993-02-02      0.01                0.72      -5.0
1993-02-03       0.0                 0.8      -3.5
1993-02-04       0.0                0.89      0.73
1993-02-05      0.05                1.05       3.4
1993-02-06      0.15                1.13      8.53
1993-02-07      0.05                1.71      -1.1
1993-02-08       0.0                1.01     -5.13
1993-02-09       0.0                1.29     -2.57
1993-02-10       0.0                0.92      -3.0
1993-02-11       0.0                1.32      1.03
1993-02-12      0.29                0.86      -1.6
1993-02-13      1.17                0.57     -2.03
1993-02-14      1.06                1.15     -1.73
1993-02-15      0.97                0.93      1.74
1993-02-16     21.72                0.67      0.87
1993-02-17      7.85                0.89      1.03
1993-02-18      0.09                 1.1      0.67
1993-02-19       0.0                 1.2     -0.27
1993-02-20      0.78                 1.1       0.0
1993-02-21     12.03                0.75       1.7
1993-02-22      0.94                1.23     -1.83
1993-02-23      0.03                1.54      -6.5
1993-02-24       0.0                1.07     -6.53
1993-02-25       0.0                 1.2     -4.33
1993-02-26       0.0                1.28      -3.4
1993-02-27      0.03                0.92     -0.33
1993-02-28      1.16                1.59     -2.03
1993-03-01      0.03                1.47     -5.13
1993-03-02       0.0                1.52     -3.83
1993-03-03       0.0                1.23      0.64
1993-03-04       0.0                1.66      3.63
1993-03-05      0.01                1.79      5.27
1993-03-06      5.34                0.87      2.93
1993-03-07      0.09                1.49      0.77
1993-03-08      0.07                1.68      1.17
1993-03-09      0.24                1.55       0.6
1993-03-10       0.5                1.16      1.97
1993-03-11      0.04                1.31      3.43
1993-03-12      0.01                1.86      3.57
1993-03-13       0.0                1.92      5.17
1993-03-14      0.78                1.04       3.7
1993-03-15      0.57                1.89      3.37
1993-03-16      0.32                1.82      -0.5
1993-03-17      0.11                2.03      -0.3
1993-03-18      0.13                1.92       1.2
1993-03-19      0.07                1.58       1.7
1993-03-20      0.11                2.06      2.57
1993-03-21       0.0                 2.2      3.23
1993-03-22       0.0                2.18      5.93
1993-03-23       0.0                2.11      6.67
1993-03-24      8.07                0.98      3.23
1993-03-25      0.17                1.54      6.23
1993-03-26       0.0                2.08       7.6
1993-03-27       0.0                2.55      8.07
1993-03-28      0.13                2.54       4.9
1993-03-29      0.01                 2.6      3.93
1993-03-30      0.04                2.43       6.2
1993-03-31      7.61                1.11      5.44
1993-04-01      0.14                2.66       8.6
1993-04-02       0.0                2.67       9.9
1993-04-03      0.46                2.05      9.07
1993-04-04      0.22                 1.4      2.67
1993-04-05       0.0                 2.5       4.8
1993-04-06       0.0                2.48       5.9
1993-04-07       0.0                2.77      3.97
1993-04-08      0.04                2.27      2.63
1993-04-09      0.06                2.92      4.77
1993-04-10      3.14                1.11       1.3
1993-04-11      0.44                1.83      3.07
1993-04-12       0.0                2.55       5.4
1993-04-13       0.0                2.95       8.1
1993-04-14       0.0                3.64      9.04
1993-04-15       0.0                3.53     10.77
1993-04-16       0.0                3.82     11.57
1993-04-17       0.0                3.68     12.84
1993-04-18       0.0                3.53     14.17
1993-04-19       0.0                4.11      14.4
1993-04-20       0.0                4.25     15.77
1993-04-21     10.51                4.47     14.83
1993-04-22      9.54                3.26     14.43
1993-04-23      7.88                3.77      16.1
1993-04-24      1.49                3.84      11.3
1993-04-25      0.01                3.75       9.7
1993-04-26      2.66                3.74      9.77
1993-04-27      17.2                2.27      11.3
1993-04-28     18.43                 1.6      9.13
1993-04-29      5.96                1.95       9.6
1993-04-30      0.49                2.96      10.5
1993-05-01      0.63                3.22     10.67
1993-05-02      4.21                2.68     10.83
1993-05-03      0.04                3.88      12.9
1993-05-04       0.0                3.49      13.4
1993-05-05      0.17                3.71      15.0
1993-05-06      0.08                2.97     17.17
1993-05-07       0.0                3.69      16.6
1993-05-08       0.0                4.71      16.6
1993-05-09       0.0                1.82      13.2
1993-05-10      0.04                4.43     15.97
1993-05-11      2.79                4.39     17.17
1993-05-12     41.18                 1.9     16.57
1993-05-13     57.63                 2.0     13.57
1993-05-14      0.74                4.36      15.0
1993-05-15       0.0                4.59     13.87
1993-05-16      1.59                2.84     14.57
1993-05-17     18.78                2.06     11.47
1993-05-18      0.23                4.29     16.73
1993-05-19       0.0                4.41      18.7
1993-05-20       0.0                4.64     18.43
1993-05-21      3.44                1.99      14.5
1993-05-22       5.2                 4.2     17.23
1993-05-23      0.07                 4.8     16.73
1993-05-24      1.65                5.95     20.27
1993-05-25      6.62                2.65     16.23
1993-05-26      0.04                4.12      16.5
1993-05-27       0.0                4.58     17.47
1993-05-28       0.0                4.52     18.73
1993-05-29       0.0                5.46     17.73
1993-05-30      0.01                4.94      19.3
1993-05-31      2.78                4.98     21.23
1993-06-01      7.19                3.69     19.93
1993-06-02     45.08                2.17     16.47
1993-06-03       8.2                2.15      13.4
1993-06-04      1.64                3.43     16.27
1993-06-05      0.17                4.69      17.9
1993-06-06       0.0                4.79      18.6
1993-06-07       0.0                4.62      19.0
1993-06-08      5.55                4.34      19.8
1993-06-09      0.36                2.38      17.6
1993-06-10       0.4                4.26     20.43
1993-06-11      0.35                4.68     21.63
1993-06-12     12.32                 2.3      20.3
1993-06-13     28.28                4.03      23.0
1993-06-14      0.75                2.34      22.2
1993-06-15      3.06                3.65     22.77
1993-06-16      0.05                4.91     23.37
1993-06-17      2.36                4.98      22.6
1993-06-18      8.93                3.89      21.2
1993-06-19      16.0                3.86     20.83
1993-06-20      0.05                3.86     19.83
1993-06-21       0.0                3.53     21.83
1993-06-22      3.35                3.45     22.07
1993-06-23       1.1                5.23      22.0
1993-06-24       0.0                2.89     19.83
1993-06-25      0.01                2.58      21.8
1993-06-26       0.0                5.16     22.53
1993-06-27      0.94                3.01     22.27
1993-06-28      2.89                2.25      19.8
1993-06-29     11.89                2.13     17.37
1993-06-30      4.56                2.01     15.17
1993-07-01      3.91                4.36     20.67
1993-07-02      0.09                5.48     19.77
1993-07-03      0.03                5.11     19.23
1993-07-04       0.0                4.59     21.73
1993-07-05       0.0                5.46     22.43
1993-07-06       0.0                3.87      22.2
1993-07-07      1.77                3.86     22.93
1993-07-08     19.18                2.12     18.63
1993-07-09      0.38                3.05     21.97
1993-07-10     16.33                3.17     23.37
1993-07-11     15.87                2.52     22.13
1993-07-12     11.12                2.15     20.77
1993-07-13     42.18                 2.2     21.27
1993-07-14      0.61                4.07     21.23
1993-07-15       0.0                4.56      22.5
1993-07-16     11.97                2.29      20.8
1993-07-17     56.81                2.07      17.8
1993-07-18      3.72                3.87     18.67
1993-07-19      0.09                3.77     19.03
1993-07-20      0.06                4.73     17.63
1993-07-21      0.04                4.62     17.67
1993-07-22       0.0                4.98     19.03
1993-07-23      1.22                4.04      20.7
1993-07-24      7.21                2.24     18.67
1993-07-25      2.33                2.61      18.9
1993-07-26      3.62                2.47     19.53
1993-07-27      7.85                3.36     20.33
1993-07-28     10.36                3.92     22.73
1993-07-29     55.33                2.19      19.9
1993-07-30      3.36                3.12     21.87
1993-07-31       0.0                3.54      24.1
1993-08-01     11.22                2.78     24.37
1993-08-02     13.23                2.43     20.27
1993-08-03      2.39                3.82      20.4
1993-08-04       0.0                4.91     19.13
1993-08-05       0.0                 2.4     18.77
1993-08-06      0.02                4.74     18.57
1993-08-07      0.22                2.92     19.17
1993-08-08       7.6                2.11      19.8
1993-08-09     27.05                 3.2      23.0
1993-08-10     71.91                2.34     19.27
1993-08-11       0.3                4.47     21.87
1993-08-12     14.14                 4.7     24.17
1993-08-13     41.36                1.98      20.9
1993-08-14       0.1                3.67     23.23
1993-08-15      0.42                 2.0     20.63
1993-08-16      0.08                1.86     19.53
1993-08-17       0.0                3.49      22.3
1993-08-18       0.0                3.24     20.73
1993-08-19      0.66                3.48     22.33
1993-08-20      8.49                2.44     20.73
1993-08-21     25.17                1.81      17.6
1993-08-22      0.09                4.39     21.53
1993-08-23       0.0                3.28     22.47
1993-08-24      1.43                1.83      21.5
1993-08-25      5.14                2.56     23.67
1993-08-26      7.91                2.63      20.9
1993-08-27      5.98                3.28     20.73
1993-08-28       0.0                 4.1      20.4
1993-08-29       0.0                3.43     20.07
1993-08-30       0.0                3.62      20.6
1993-08-31       0.0                2.86      20.9
1993-09-01       0.0                3.49      20.9
