1988-04-01       0.0                1.62      6.57
1988-04-02       0.0                2.93      7.63
1988-04-03       0.0                 3.0       5.8
1988-04-04       0.0                3.75      9.97
1988-04-05      0.07                3.02      8.67
1988-04-06       0.0                2.34       5.2
1988-04-07      0.01                3.39      5.97
1988-04-08      0.07                2.76      5.67
1988-04-09       0.0                2.68      7.53
1988-04-10       0.0                3.28       8.4
1988-04-11      4.62                3.23     10.67
1988-04-12     10.19                3.06      12.1
1988-04-13      0.08                 3.6     11.17
1988-04-14       0.0                3.76      7.34
1988-04-15      0.04                3.84     10.43
1988-04-16       0.0                3.05      12.0
1988-04-17       3.2                4.29     13.93
1988-04-18     10.03                2.85     10.84
1988-04-19      9.58                2.02      5.07
1988-04-20      0.26                2.99      8.67
1988-04-21       0.0                 3.7      11.2
1988-04-22       0.0                3.73       7.9
1988-04-23      0.28                2.68       6.9
1988-04-24      0.14                3.26       8.2
1988-04-25       0.0                4.42     11.84
1988-04-26       0.0                4.69     14.37
1988-04-27       0.0                4.07     14.47
1988-04-28       0.0                4.08     16.34
1988-04-29      0.27                 4.8     17.07
1988-04-30      1.09                2.69      15.5
1988-05-01       0.0                4.97      17.2
1988-05-02       0.0                4.52      13.9
1988-05-03      0.04                3.46     17.17
1988-05-04       0.0                4.09      15.5
1988-05-05       0.0                4.53     13.37
1988-05-06      4.62                3.75      13.6
1988-05-07      11.6                 3.3     12.87
1988-05-08      0.06                4.29      10.1
1988-05-09       0.0                2.29     10.93
1988-05-10       0.0                4.69     14.37
1988-05-11       0.0                3.43     15.43
1988-05-12       0.0                5.18     14.37
1988-05-13      0.03                5.04     15.77
1988-05-14      1.26                2.87     15.97
1988-05-15       0.1                4.64      15.9
1988-05-16       0.0                3.79     18.07
1988-05-17       0.0                4.49     19.27
1988-05-18       0.0                4.44     20.14
1988-05-19       0.0                5.08     22.37
1988-05-20       0.0                5.67     19.53
1988-05-21       2.3                4.98      17.5
1988-05-22     13.34                1.98      12.2
1988-05-23       1.0                 3.3     13.33
1988-05-24      0.08                 4.1     16.17
1988-05-25       0.0                4.78     17.47
1988-05-26      0.91                4.94     16.67
1988-05-27      0.98                3.95     17.27
1988-05-28      1.47                4.67     17.83
1988-05-29       0.0                5.13     17.43
1988-05-30       0.0                 5.4     20.43
1988-05-31      2.65                2.26      18.0
1988-06-01     17.07                1.95     15.33
1988-06-02      5.87                3.69      19.5
1988-06-03      7.88                3.58      18.5
1988-06-04      4.91                3.09     16.97
1988-06-05      0.06                3.85     20.43
1988-06-06      0.06                3.15      19.9
1988-06-07      0.65                 4.5     19.93
1988-06-08       5.5                2.14     19.23
1988-06-09      0.23                5.39     19.73
1988-06-10       0.0                5.52      19.9
1988-06-11       0.0                3.58     20.97
1988-06-12       0.0                 5.7      22.8
1988-06-13       0.0                5.61     21.57
1988-06-14      0.12                4.75      22.4
1988-06-15      2.64                4.63     21.63
1988-06-16      5.01                4.88      20.3
1988-06-17       0.0                5.34     19.03
1988-06-18      5.05                4.68     19.43
1988-06-19     14.05                3.65     20.33
1988-06-20      4.06                3.95      20.6
1988-06-21      0.25                5.51      20.9
1988-06-22       0.0                 5.2     18.87
1988-06-23       1.2                3.74      18.2
1988-06-24       2.9                 4.8     19.33
1988-06-25      0.34                5.96      20.5
1988-06-26       0.0                5.77     19.57
1988-06-27       0.0                5.39     20.27
1988-06-28      2.48                4.34      21.7
1988-06-29      0.91                 3.7      22.0
1988-06-30      0.08                5.86      22.8
1988-07-01      0.37                3.94      22.9
1988-07-02     22.04                2.22     22.03
1988-07-03      2.43                5.43      21.9
1988-07-04      0.02                3.75     20.27
1988-07-05      0.93                2.61      22.8
1988-07-06      3.15                3.21     22.77
1988-07-07     12.09                3.04     23.63
1988-07-08     85.32                2.15     22.97
1988-07-09     19.67                2.24     23.07
1988-07-10      0.41                3.91     24.07
1988-07-11      0.45                3.77     24.73
1988-07-12     36.98                2.33      22.4
1988-07-13     66.23                2.25      23.5
1988-07-14     14.25                2.51     23.47
1988-07-15      0.11                 4.4     23.23
1988-07-16      0.63                2.65     22.17
1988-07-17      2.41                2.49      21.5
1988-07-18      0.16                3.24     22.47
1988-07-19     39.43                2.21      22.2
1988-07-20     12.64                2.67     22.23
1988-07-21      0.27                3.46      22.5
1988-07-22     33.33                2.25     20.13
1988-07-23     16.32                2.55     20.73
1988-07-24      1.64                2.76     20.13
1988-07-25       0.7                3.77      17.6
1988-07-26      3.63                3.68      19.6
1988-07-27      3.54                4.08     19.83
1988-07-28      1.28                4.98      19.3
1988-07-29       0.0                 5.6      19.6
1988-07-30       0.0                5.52     20.63
1988-07-31       0.0                5.23     21.93
1988-08-01       0.0                5.72      25.5
1988-08-02       0.0                5.63      26.9
1988-08-03       0.0                5.29      28.0
1988-08-04       0.0                4.89     27.77
1988-08-05      1.44                 4.7     27.23
1988-08-06      1.82                4.31     27.17
1988-08-07      1.08                 4.8     27.83
1988-08-08      0.08                5.03      27.6
1988-08-09      0.11                4.64     28.07
1988-08-10       0.0                 5.8     26.87
1988-08-11      0.01                5.22     24.77
1988-08-12       0.0                4.52      24.0
1988-08-13      0.01                5.64      25.5
1988-08-14      0.06                5.52     24.73
1988-08-15       0.4                3.88      25.0
1988-08-16      0.34                 3.6     24.87
1988-08-17      8.51                3.51     25.73
1988-08-18      2.38                3.66      24.1
1988-08-19     10.16                3.47     25.23
1988-08-20      5.53                3.51     25.57
1988-08-21     11.58                4.36      25.0
1988-08-22       0.0                3.61      24.1
1988-08-23       0.0                3.06      22.4
1988-08-24       0.0                3.91     23.53
1988-08-25      0.01                4.17      22.8
1988-08-26      0.12                 4.3     22.07
1988-08-27     10.13                2.01     19.23
1988-08-28      2.88                2.92     21.33
1988-08-29      9.68                2.31     20.03
1988-08-30      1.27                2.79     20.87
1988-08-31      1.64                3.71      22.0
1988-09-01      0.15                3.46      21.9
1988-09-02      2.25                3.39     20.33
1988-09-03      1.99                2.78     19.73
1988-09-04      0.73                4.23     20.73
1988-09-05       1.9                2.21     19.63
1988-09-06      0.09                4.14      21.3
1988-09-07       0.0                3.97     21.77
1988-09-08       0.0                3.99     22.63
1988-09-09       0.0                3.15     22.03
1988-09-10      4.21                1.79      20.9
1988-09-11     37.13                1.61     19.03
1988-09-12      3.17                3.65     20.07
1988-09-13       0.0                 2.9      19.3
1988-09-14       0.0                2.47     20.13
1988-09-15      0.25                2.57     19.23
1988-09-16      1.05                3.22     18.73
1988-09-17       0.0                3.45      20.1
1988-09-18       0.0                2.88     21.03
1988-09-19      0.79                1.51     17.97
1988-09-20      0.08                2.68     18.17
1988-09-21       0.0                2.76     18.33
1988-09-22       0.0                2.69     18.13
1988-09-23       0.0                2.04     17.77
1988-09-24      4.44                 3.1     19.33
1988-09-25     19.78                1.84     14.27
1988-09-26     19.56                1.41     12.23
1988-09-27      0.89                2.48     15.64
1988-09-28      0.21                3.04      15.1
1988-09-29       0.0                3.07     14.57
1988-09-30       0.0                2.48      14.7
1988-10-01       0.0                2.21     15.87
1988-10-02       0.0                2.45     15.77
1988-10-03      0.04                2.53     15.83
1988-10-04       0.0                2.35     16.47
1988-10-05      1.97                 1.2     14.83
1988-10-06      1.54                2.42     13.87
1988-10-07       0.0                2.45     13.77
1988-10-08       0.0                2.05     11.97
1988-10-09       0.0                1.95      14.6
1988-10-10       0.0                1.85     15.43
1988-10-11       0.0                 1.8      16.1
1988-10-12       0.0                2.76     10.17
1988-10-13       0.0                2.42      5.93
1988-10-14       0.0                2.01     10.37
1988-10-15       0.0                2.16     12.94
1988-10-16      0.12                1.64      12.8
1988-10-17       0.0                2.31      15.0
1988-10-18       0.0                1.87     13.03
1988-10-19       0.0                2.02     12.53
1988-10-20       0.0                1.06     10.94
1988-10-21       0.0                1.48     13.24
1988-10-22       0.0                 1.6      12.2
1988-10-23       0.0                1.56     12.57
1988-10-24      1.27                0.92     12.93
1988-10-25      0.19                1.58     12.77
1988-10-26      0.09                 1.6     13.53
1988-10-27      0.34                1.21     10.83
1988-10-28      0.25                1.64      9.77
1988-10-29       0.0                1.74      5.63
1988-10-30       0.0                1.35      5.27
1988-10-31       0.0                1.33       5.7
1988-11-01      3.68                1.07      7.67
