1977-03-01      0.36                1.08      5.37
1977-03-02      3.19                1.22     -1.47
1977-03-03      1.63                1.78      -3.7
1977-03-04       0.0                1.45      -9.2
1977-03-05       0.0                1.31     -8.63
1977-03-06       0.0                 1.4     -0.03
1977-03-07       0.0                2.17       6.3
1977-03-08       0.0                2.04     10.13
1977-03-09       0.0                2.72       3.1
1977-03-10       0.0                2.17      1.63
1977-03-11       0.0                1.87      2.97
1977-03-12      0.99                2.21      4.13
1977-03-13      0.07                1.21      4.34
1977-03-14       0.0                 1.7      4.27
1977-03-15       0.0                2.22      7.63
1977-03-16       0.0                1.19      5.07
1977-03-17      0.03                2.58       9.2
1977-03-18      0.24                 1.6       6.4
1977-03-19      0.08                1.99      6.63
1977-03-20       0.0                2.55      4.87
1977-03-21       0.0                2.39      5.77
1977-03-22      0.57                1.94       7.8
1977-03-23      2.37                1.61      5.63
1977-03-24       1.6                1.69     -1.67
1977-03-25      0.11                 2.6       0.0
1977-03-26     10.48                1.38      3.93
1977-03-27      1.37                1.79      3.83
1977-03-28       0.0                2.37       5.0
1977-03-29      0.09                1.79       5.8
1977-03-30      0.45                 2.1       5.3
1977-03-31       0.0                3.28       6.5
1977-04-01       0.0                2.93      8.73
1977-04-02       0.0                3.13      5.87
1977-04-03       0.0                3.04       7.0
1977-04-04       0.0                3.16       7.9
1977-04-05      5.85                3.53     11.57
1977-04-06     27.39                2.12      8.73
1977-04-07      0.23                3.06      6.07
1977-04-08       0.0                2.02      8.43
1977-04-09      0.16                1.65      9.37
1977-04-10       0.0                2.93      9.33
1977-04-11      1.56                3.57     12.17
1977-04-12      4.99                4.24     14.03
1977-04-13       0.2                3.83     12.77
1977-04-14      6.41                3.67      15.5
1977-04-15     67.71                 1.5     10.73
1977-04-16      3.35                3.45     12.57
1977-04-17      4.87                1.97      9.67
1977-04-18      1.37                2.45      4.33
1977-04-19      0.03                3.74      9.17
1977-04-20       0.0                4.35     14.07
1977-04-21       0.0                3.94     13.07
1977-04-22       0.0                3.33     14.53
1977-04-23      3.37                3.98     17.53
1977-04-24     49.33                 1.9      12.2
1977-04-25      3.59                4.09     13.77
1977-04-26      0.71                3.77      13.3
1977-04-27      7.16                2.51     13.27
1977-04-28      7.34                2.17      9.03
1977-04-29       0.0                 3.6     10.87
1977-04-30      0.22                4.05     12.37
1977-05-01      8.23                1.69     10.93
1977-05-02      0.05                2.43     11.57
1977-05-03       0.0                2.91      12.5
1977-05-04      0.03                3.77      14.7
1977-05-05       0.0                3.05      15.2
1977-05-06       0.0                1.98     11.63
1977-05-07       0.0                4.71     14.14
1977-05-08       0.0                4.31     15.27
1977-05-09       0.0                4.86     17.17
1977-05-10       0.0                5.02     18.17
1977-05-11       0.0                4.68      18.3
1977-05-12      0.13                4.36     18.33
1977-05-13      2.33                4.56      20.0
1977-05-14     33.96                2.11     13.87
1977-05-15       0.0                4.15     10.77
1977-05-16       0.0                4.58      13.2
1977-05-17       0.0                4.59     15.37
1977-05-18       0.0                4.94     16.47
1977-05-19       0.0                 5.1      18.3
1977-05-20      0.09                4.45      19.5
1977-05-21      0.56                 2.5      16.2
1977-05-22       0.0                4.48     14.83
1977-05-23       0.0                4.41     14.27
1977-05-24      0.68                3.24     16.53
1977-05-25      0.24                3.82     17.77
1977-05-26      0.55                3.91     18.03
1977-05-27      0.34                4.27     18.83
1977-05-28       0.0                4.44      19.5
1977-05-29      0.06                2.25     18.23
1977-05-30      0.12                3.74     18.67
1977-05-31      4.04                3.91      18.8
1977-06-01     35.36                2.07     16.87
1977-06-02       5.7                4.37     18.07
1977-06-03       0.0                3.59     17.93
1977-06-04       0.0                 4.5     19.13
1977-06-05      0.03                4.05     19.53
1977-06-06       0.0                5.17     19.47
1977-06-07      0.24                4.37      20.0
1977-06-08       0.0                5.55     20.73
1977-06-09      0.06                4.82      22.5
1977-06-10      0.35                2.36      19.4
1977-06-11       0.0                5.27      19.0
1977-06-12       0.0                4.86      17.6
1977-06-13      0.72                 4.8      18.2
1977-06-14      0.08                5.16     17.93
1977-06-15       0.0                4.64     19.63
1977-06-16       0.0                6.33     18.23
1977-06-17      0.03                5.74     17.47
1977-06-18      1.73                 4.9     16.23
1977-06-19       0.0                5.54     16.13
1977-06-20      1.41                5.59     19.57
1977-06-21      0.26                5.11      21.0
1977-06-22      0.05                5.63     18.43
1977-06-23       0.0                4.92      20.9
1977-06-24      0.09                 6.2      20.6
1977-06-25       0.0                5.12      21.7
1977-06-26      0.03                5.57      23.0
1977-06-27       0.0                5.89     24.13
1977-06-28       0.0                5.99     24.47
1977-06-29      7.06                3.53     23.97
1977-06-30       6.9                2.36      21.6
1977-07-01      2.32                5.22     24.63
1977-07-02      2.05                4.43     26.07
1977-07-03      6.26                 4.4      24.8
1977-07-04     17.75                2.33      23.6
1977-07-05      3.21                4.26     23.63
1977-07-06      1.15                2.47     23.67
1977-07-07      3.22                2.28      23.5
1977-07-08     15.51                2.29     23.17
1977-07-09     62.56                2.22      23.9
1977-07-10      1.32                4.91     25.13
1977-07-11      5.07                4.87      24.0
1977-07-12     44.12                2.08     19.43
1977-07-13      5.38                3.97      21.9
1977-07-14       0.0                4.92     23.73
1977-07-15       0.0                4.08     24.57
1977-07-16      1.56                5.09     24.53
1977-07-17     18.06                3.27      24.5
1977-07-18      3.77                4.72     22.87
1977-07-19      0.01                5.59     23.17
1977-07-20       0.0                3.65     24.03
1977-07-21       0.0                4.64     26.47
1977-07-22      0.66                4.11     26.93
1977-07-23      0.03                4.85     26.67
1977-07-24      0.86                5.45     27.13
1977-07-25     12.52                3.29     26.93
1977-07-26      2.77                5.05     27.43
1977-07-27       0.0                5.69      27.5
1977-07-28       0.0                5.21     28.03
1977-07-29       0.0                5.17     27.87
1977-07-30       0.0                5.17      27.9
1977-07-31       0.0                4.95     27.73
1977-08-01       0.0                4.87     26.73
1977-08-02       0.0                2.53     26.34
1977-08-03      0.62                3.88     25.63
1977-08-04     24.71                3.41     24.33
1977-08-05       4.0                 4.4      23.8
1977-08-06     13.01                2.01      21.0
1977-08-07     78.86                1.98     21.37
1977-08-08      1.39                4.48     25.43
1977-08-09      0.09                5.11     23.67
1977-08-10      0.06                3.95      23.6
1977-08-11       0.0                 4.5     21.83
1977-08-12       0.0                4.71      22.0
1977-08-13       0.0                4.66      20.3
1977-08-14      0.28                4.27     20.23
1977-08-15      0.54                2.75     20.83
1977-08-16      4.16                2.08     19.23
1977-08-17      0.05                5.11      19.9
1977-08-18       0.0                4.41     19.37
1977-08-19       0.0                5.06     20.27
1977-08-20       0.0                5.11      20.2
1977-08-21       0.0                5.29     19.37
1977-08-22       0.0                 4.7     20.33
1977-08-23      0.02                3.61      19.6
1977-08-24      0.94                4.47      20.3
1977-08-25      1.44                3.38      19.2
1977-08-26       0.0                4.82     19.07
1977-08-27       0.0                4.64     18.63
1977-08-28       0.0                4.23     19.83
1977-08-29       0.0                3.88      21.1
1977-08-30       0.8                3.96     23.53
1977-08-31      9.48                1.88     20.93
1977-09-01      5.21                 2.2      22.6
1977-09-02     22.57                2.36      23.6
1977-09-03      1.77                3.65     24.37
1977-09-04       0.0                4.09      24.6
1977-09-05      0.22                3.64     23.23
1977-09-06      2.37                3.12     23.83
1977-09-07      0.15                4.17     21.63
1977-09-08       1.0                4.41     20.27
1977-09-09      0.18                4.11      20.2
1977-09-10      1.81                2.37      20.7
1977-09-11      6.74                2.26      20.6
1977-09-12      9.77                1.65      18.0
1977-09-13      1.02                 2.0     18.83
1977-09-14       0.0                2.38     19.77
1977-09-15       0.0                3.54     18.17
1977-09-16       0.0                2.96     17.73
1977-09-17       0.0                2.09     18.27
1977-09-18       0.0                1.95      20.9
1977-09-19       0.0                3.16      20.6
1977-09-20      0.95                3.09     18.47
1977-09-21       0.0                2.92     12.57
1977-09-22       0.0                2.86      14.1
1977-09-23       0.0                2.19     15.47
1977-09-24       0.0                2.54      17.5
1977-09-25       0.0                2.82     17.23
1977-09-26       0.0                2.58      17.8
1977-09-27       0.0                2.85     16.87
1977-09-28       0.0                2.25     17.83
1977-09-29       0.0                2.52     18.13
1977-09-30       0.0                 2.3      18.6
1977-10-01      0.11                2.66     20.27
