1986-09-01      3.28                3.76      23.3
1986-09-02     19.87                1.77      19.9
1986-09-03      2.45                3.48     21.17
1986-09-04      0.93                3.32     20.97
1986-09-05       0.0                3.72      22.7
1986-09-06       0.0                3.67      22.1
1986-09-07       0.0                2.94     21.07
1986-09-08      0.08                2.58     20.63
1986-09-09       0.0                3.22     20.93
1986-09-10       0.0                 3.4      21.3
1986-09-11      0.06                2.36     20.93
1986-09-12      1.26                3.29     20.27
1986-09-13      5.02                2.94      19.0
1986-09-14      0.86                3.26     17.77
1986-09-15      0.01                3.48      18.2
1986-09-16       0.0                3.09     16.63
1986-09-17       0.0                3.34      13.7
1986-09-18       0.0                3.13      13.8
1986-09-19       0.0                2.74      15.4
1986-09-20     26.77                1.71     14.67
1986-09-21     47.53                1.55      14.7
1986-09-22      1.13                 2.6     17.63
1986-09-23       0.0                 3.1     16.07
1986-09-24       0.0                2.42     14.23
1986-09-25       0.0                2.42     16.27
1986-09-26       0.0                2.29     16.03
1986-09-27       0.0                1.99     15.37
1986-09-28       0.0                 3.1      15.5
1986-09-29       0.0                2.64      14.5
1986-09-30      0.08                3.17     13.33
1986-10-01      5.33                2.48     13.83
1986-10-02      5.63                1.24     11.63
1986-10-03      0.37                1.78      13.9
1986-10-04      0.07                2.36     14.43
1986-10-05      0.04                1.84     16.13
1986-10-06      0.01                2.47     16.17
1986-10-07       0.0                2.63      14.4
1986-10-08      0.98                2.21     13.87
1986-10-09       4.8                1.11     13.87
1986-10-10     35.36                1.94      15.2
1986-10-11     33.76                1.76     10.97
1986-10-12      1.41                1.91      12.3
1986-10-13       0.0                1.68     11.97
1986-10-14      3.94                1.71     13.83
1986-10-15      0.77                1.47     14.03
1986-10-16      0.61                1.72     12.13
1986-10-17      0.05                1.97      8.43
1986-10-18       0.0                1.92      8.67
1986-10-19      0.33                1.89       7.1
1986-10-20       1.7                1.04      7.67
1986-10-21     21.98                0.95      9.17
1986-10-22      4.26                1.66      7.67
1986-10-23      0.14                1.38      8.03
1986-10-24       0.0                1.57     10.57
1986-10-25      0.31                1.42      10.2
1986-10-26      0.44                2.19      7.97
1986-10-27      1.38                1.47      5.07
1986-10-28      1.24                1.63      5.14
1986-10-29       0.0                1.12       3.0
1986-10-30       0.0                1.24       2.4
1986-10-31       0.0                1.16      3.93
1986-11-01      0.21                0.69      4.67
1986-11-02      1.05                 1.1      7.53
1986-11-03       1.5                0.92      5.84
1986-11-04      0.28                 1.3      4.47
1986-11-05      0.37                0.99      5.24
1986-11-06      1.41                0.66       7.1
1986-11-07      2.85                1.74      8.47
1986-11-08       0.0                0.98      3.63
1986-11-09      0.67                0.64       4.9
1986-11-10      0.08                1.66      5.57
1986-11-11       0.0                0.86      3.83
1986-11-12      0.13                0.74      5.17
1986-11-13      0.28                0.59      8.17
1986-11-14      0.01                1.24      7.53
1986-11-15       0.0                1.21      2.24
1986-11-16       0.0                0.64      0.17
1986-11-17      0.08                0.71      2.17
1986-11-18       0.0                0.65      3.47
1986-11-19       0.0                0.67      3.13
1986-11-20       0.0                0.86      2.43
1986-11-21       0.0                0.66       3.3
1986-11-22       0.0                0.53      2.77
1986-11-23       2.0                0.91       5.5
1986-11-24      3.68                0.64      6.37
1986-11-25      0.03                1.45      1.67
1986-11-26      0.06                0.78      -2.4
1986-11-27       0.0                0.57     -3.03
1986-11-28      0.11                0.58     -1.43
1986-11-29       0.0                 0.7      -3.8
1986-11-30       0.0                0.91     -2.66
1986-12-01       0.0                0.81       3.3
1986-12-02       0.0                0.53      2.27
1986-12-03      1.19                 0.5      3.54
1986-12-04      0.79                0.88       0.6
1986-12-05      0.38                0.44      -0.4
1986-12-06      0.13                0.92       3.3
1986-12-07       0.0                0.57      -1.1
1986-12-08       0.0                0.44       0.0
1986-12-09      0.41                0.36      0.94
1986-12-10      0.28                0.99      2.47
1986-12-11      0.01                0.43      1.64
1986-12-12       0.0                0.39       3.2
1986-12-13      0.17                0.46      5.53
1986-12-14      0.94                0.68      5.43
1986-12-15      0.71                1.37     -0.17
1986-12-16       0.0                0.53      0.17
1986-12-17      1.45                0.47       0.7
1986-12-18      5.35                0.48      2.47
1986-12-19      2.66                0.53      2.07
1986-12-20      0.53                0.85      1.33
1986-12-21       0.0                1.03      0.27
1986-12-22       0.0                0.61      -3.3
1986-12-23       0.0                0.64     -2.46
1986-12-24       0.0                0.77      4.37
1986-12-25       0.0                 1.1     -1.06
1986-12-26       0.0                0.56      -5.9
1986-12-27      0.73                0.46     -5.43
1986-12-28       0.7                0.54     -7.17
1986-12-29      0.06                0.34     -6.96
1986-12-30      1.58                0.38     -1.63
1986-12-31      0.52                0.89      0.73
1987-01-01      1.32                0.48     -5.47
1987-01-02      2.56                0.48      -0.6
1987-01-03      0.52                0.64     -3.63
1987-01-04      0.13                 0.3     -8.03
1987-01-05       0.0                0.39     -4.86
1987-01-06      0.45                0.53     -1.76
1987-01-07      1.41                0.35     -3.43
1987-01-08      0.03                0.77     -0.36
1987-01-09      0.16                1.06     -3.26
1987-01-10       0.0                 0.5      -9.2
1987-01-11      0.98                0.47     -8.43
1987-01-12      1.14                0.49     -7.53
1987-01-13      0.69                0.41     -12.3
1987-01-14      0.05                0.29    -11.23
1987-01-15      0.41                0.46     -1.06
1987-01-16      3.32                0.54      2.03
1987-01-17      1.05                1.48      -3.0
1987-01-18       0.0                0.56      -6.1
1987-01-19      0.23                0.48      -6.9
1987-01-20       0.0                0.47     -6.73
1987-01-21       0.0                0.46     -4.26
1987-01-22      0.25                0.48      -2.0
1987-01-23      1.12                0.56     -0.63
1987-01-24      0.79                0.64      -7.0
1987-01-25       0.0                0.42     -9.66
1987-01-26       0.0                0.52     -7.73
1987-01-27       0.0                0.52      -1.8
1987-01-28       0.0                0.79     -0.66
1987-01-29       0.0                0.75       2.8
1987-01-30       0.0                1.06      -2.9
1987-01-31       0.0                0.68     -7.93
1987-02-01      0.09                0.62      -7.8
1987-02-02      5.03                0.49      -5.4
1987-02-03      8.41                0.85     -8.43
1987-02-04       0.9                0.59    -10.93
1987-02-05       0.0                0.71     -7.36
1987-02-06       0.0                0.78     -4.17
1987-02-07       0.0                1.13       1.8
1987-02-08       0.0                0.75     -1.16
1987-02-09       0.0                0.82       3.6
1987-02-10      5.45                 0.6      3.97
1987-02-11       6.6                0.66       3.7
1987-02-12      1.38                0.67      0.63
1987-02-13      0.36                0.84      0.77
1987-02-14      0.25                1.28     -1.67
1987-02-15       0.0                1.24     -4.53
1987-02-16      0.03                0.89     -3.23
1987-02-17      0.06                1.14       0.5
1987-02-18      0.07                1.26       1.0
1987-02-19      0.16                1.35     -0.07
1987-02-20       0.0                1.39      1.13
1987-02-21       0.0                1.23     -0.77
1987-02-22       0.0                1.58       0.6
1987-02-23      0.33                1.83      4.03
1987-02-24      0.28                1.73     -1.13
1987-02-25      0.12                1.58     -5.43
1987-02-26       0.0                1.69     -5.47
1987-02-27       0.2                 1.4     -6.77
1987-02-28      0.48                0.84      -4.2
1987-03-01      1.87                1.13     -3.57
1987-03-02       0.0                 1.5      -4.3
1987-03-03      0.06                0.96     -1.36
1987-03-04      1.66                1.37      6.34
1987-03-05      0.45                 2.4      4.63
1987-03-06       0.2                1.75      0.93
1987-03-07      0.45                1.92       0.8
1987-03-08      0.01                2.02       2.0
1987-03-09       0.0                1.77       2.8
1987-03-10      0.59                1.13       2.1
1987-03-11      0.23                1.88      2.57
1987-03-12       0.0                1.96       5.4
1987-03-13      0.12                2.03      8.07
1987-03-14       0.0                2.32      4.43
1987-03-15       0.0                 2.1       0.8
1987-03-16      0.06                1.87      3.27
1987-03-17      0.26                2.46      4.63
1987-03-18      1.21                2.51      7.83
1987-03-19      3.04                1.08       3.9
1987-03-20      1.86                2.36       6.1
1987-03-21      0.18                2.77      6.33
1987-03-22      1.14                1.35      4.07
1987-03-23      1.88                2.53      6.27
1987-03-24      3.09                1.21       1.9
1987-03-25      0.45                2.33      -2.8
1987-03-26       0.0                2.23      -1.1
1987-03-27       0.0                2.05      3.27
1987-03-28       0.0                1.92       4.8
1987-03-29       0.0                2.58       6.7
1987-03-30      0.36                1.13      4.27
1987-03-31      0.36                2.78       3.9
1987-04-01       0.0                2.13       2.5
