1992-06-01       0.0                5.32      20.6
1992-06-02       0.0                5.02     21.37
1992-06-03       0.0                3.21     20.47
1992-06-04     17.91                2.03     18.47
1992-06-05      0.56                3.99     20.63
1992-06-06      0.22                2.91      20.2
1992-06-07      0.43                3.04     16.67
1992-06-08      3.56                4.37     14.13
1992-06-09     15.63                3.54      17.8
1992-06-10     14.24                3.37      17.7
1992-06-11      2.03                2.88     15.67
1992-06-12      0.31                4.43     17.93
1992-06-13       0.0                2.98     18.03
1992-06-14       0.0                4.45     19.47
1992-06-15      0.56                5.17      19.2
1992-06-16       1.0                4.54     19.73
1992-06-17     11.45                3.09      18.6
1992-06-18      2.41                3.91     17.23
1992-06-19      0.18                4.36     16.33
1992-06-20       0.0                5.13      17.4
1992-06-21      3.53                 3.8      19.2
1992-06-22      1.72                3.63     18.67
1992-06-23      0.05                3.82      16.5
1992-06-24       0.0                5.09     17.67
1992-06-25      2.39                4.82     19.57
1992-06-26      0.07                4.36     20.87
1992-06-27       0.0                4.92     20.47
1992-06-28       0.0                5.11     20.67
1992-06-29       0.0                 5.0      22.4
1992-06-30       0.0                4.56      22.4
1992-07-01      1.22                4.47     21.53
1992-07-02     17.17                2.39      18.9
1992-07-03      1.87                3.07     21.73
1992-07-04      5.31                4.97     23.27
1992-07-05      0.06                5.61      22.9
1992-07-06       0.0                5.34     22.53
1992-07-07      0.18                5.58     22.77
1992-07-08      1.42                 4.7     23.73
1992-07-09     15.68                4.53     23.07
1992-07-10     27.67                2.71     21.37
1992-07-11      9.95                2.12      19.4
1992-07-12      0.35                3.09     20.63
1992-07-13      0.31                3.97     22.53
1992-07-14      0.37                3.14      22.8
1992-07-15       6.6                3.66      22.8
1992-07-16      4.66                4.56     22.77
1992-07-17     39.95                2.17     20.43
1992-07-18      1.52                4.63     24.37
1992-07-19      0.18                4.69      25.1
1992-07-20      3.11                2.79     24.73
1992-07-21      2.61                4.21     26.63
1992-07-22      7.16                4.26      26.4
1992-07-23      0.03                5.53     25.33
1992-07-24       0.0                2.31     24.57
1992-07-25      0.08                2.54      25.4
1992-07-26       0.0                4.66     26.87
1992-07-27       0.7                2.41      24.6
1992-07-28       1.9                3.92     27.23
1992-07-29      0.11                4.19      27.7
1992-07-30      7.64                 2.5      25.0
1992-07-31       0.2                4.41      25.4
1992-08-01      0.55                4.79      24.5
1992-08-02      0.75                3.98      23.9
1992-08-03      0.14                4.78     21.67
1992-08-04       0.0                5.18      20.6
1992-08-05      0.38                4.42     20.87
1992-08-06      7.16                2.17      22.1
1992-08-07    107.76                1.99     19.77
1992-08-08      4.59                 2.8     21.33
1992-08-09      0.01                4.68     21.87
1992-08-10     16.43                3.75     23.43
1992-08-11       3.0                2.16     23.73
1992-08-12      1.09                2.68     21.47
1992-08-13     10.39                4.57     22.97
1992-08-14     25.45                1.98     19.43
1992-08-15      6.05                2.01      19.6
1992-08-16       3.2                2.47     21.47
1992-08-17       5.0                1.98     19.97
1992-08-18       8.1                3.94     20.37
1992-08-19      5.01                3.82     21.43
1992-08-20      7.03                3.01     21.97
1992-08-21      0.82                4.01     21.63
1992-08-22      0.72                3.36     23.47
1992-08-23      1.32                1.96      23.8
1992-08-24     13.55                2.98     24.03
1992-08-25      4.17                4.11     22.17
1992-08-26     62.47                3.66     21.97
1992-08-27     46.98                1.82      21.0
1992-08-28      3.93                1.94     22.53
1992-08-29      0.03                4.48     25.23
1992-08-30       0.0                4.74     25.07
1992-08-31      0.03                3.68     25.23
1992-09-01     11.12                1.94     23.07
1992-09-02      9.18                2.03     24.17
1992-09-03      2.08                2.08     24.43
1992-09-04      0.38                3.77     23.33
1992-09-05       0.0                3.36     23.43
1992-09-06       0.0                3.19     23.17
1992-09-07      0.59                1.74      20.8
1992-09-08      0.01                3.07     21.23
1992-09-09      1.22                3.13     19.17
1992-09-10      0.34                3.39      18.7
1992-09-11      0.04                2.84     19.43
1992-09-12      2.77                1.53      17.5
1992-09-13       0.7                2.23      19.3
1992-09-14      0.03                2.31     19.67
1992-09-15      0.49                2.86     20.43
1992-09-16       0.0                2.59     18.63
1992-09-17       0.0                3.21     16.97
1992-09-18       0.0                2.88      18.5
1992-09-19       0.0                 2.7      17.4
1992-09-20      0.06                3.04     17.17
1992-09-21      0.35                3.16     16.87
1992-09-22      0.31                3.05     17.33
1992-09-23      3.42                2.78      17.1
1992-09-24     49.23                1.36     18.07
1992-09-25      2.05                2.53     17.47
1992-09-26      0.04                2.93     12.97
1992-09-27       7.6                2.47     12.84
1992-09-28     24.73                1.12     10.83
1992-09-29     11.19                2.51     15.37
1992-09-30      0.09                2.16      14.1
1992-10-01       0.0                2.03     15.87
1992-10-02       0.0                2.35     16.13
1992-10-03      7.74                1.18     14.07
1992-10-04      3.31                1.81     13.57
1992-10-05      0.93                1.62      11.1
1992-10-06      0.01                1.74     11.33
1992-10-07      0.62                1.72     13.17
1992-10-08       0.0                1.64     13.17
1992-10-09       0.0                1.88      12.6
1992-10-10       0.0                 1.4     12.37
1992-10-11       0.0                1.63      13.8
1992-10-12      0.57                1.75     13.27
1992-10-13      0.63                2.35      12.9
1992-10-14      0.17                2.17     11.57
1992-10-15       0.0                1.97     14.13
1992-10-16      0.42                1.86     14.57
1992-10-17      0.64                1.76      14.9
1992-10-18      2.09                1.19      12.1
1992-10-19       0.5                1.45      11.7
1992-10-20      0.01                1.89     11.37
1992-10-21       0.0                1.48     11.17
1992-10-22      0.16                1.19     10.93
1992-10-23      2.17                0.83     10.93
1992-10-24      1.32                0.99      7.27
1992-10-25      0.58                1.58      6.37
1992-10-26       0.0                1.05      7.37
1992-10-27       0.0                1.13       8.5
1992-10-28       0.0                1.21      8.37
1992-10-29     13.53                0.94       9.2
1992-10-30      1.36                1.57       7.2
1992-10-31      0.22                1.34       7.1
1992-11-01       0.0                1.22      5.13
1992-11-02      0.31                 1.1      6.23
1992-11-03      1.85                1.12      7.83
1992-11-04      0.07                0.98       7.6
1992-11-05       0.0                0.73      6.37
1992-11-06       0.0                0.84      8.57
1992-11-07      1.07                1.16       8.4
1992-11-08      5.62                0.78       8.2
1992-11-09      5.03                 1.1      5.17
1992-11-10      0.51                1.04       2.2
1992-11-11      1.03                0.87       4.1
1992-11-12      0.08                0.55      5.27
1992-11-13      1.26                0.76      7.67
1992-11-14      0.01                0.62      7.74
1992-11-15      1.22                1.08      5.64
1992-11-16       0.0                0.87      1.17
1992-11-17       0.0                 0.7      4.24
1992-11-18      0.21                 0.7      6.07
1992-11-19      8.56                0.65      6.73
1992-11-20      1.46                1.11       4.7
1992-11-21      0.18                0.75      1.07
1992-11-22      0.21                0.53      5.14
1992-11-23      1.05                1.38      4.27
1992-11-24       0.0                 0.7      3.97
1992-11-25      0.12                0.96      1.17
1992-11-26      0.03                0.82     -5.57
1992-11-27       0.0                0.47      -4.3
1992-11-28       0.0                0.47      -0.4
1992-11-29       0.0                 0.6      4.67
1992-11-30      0.07                0.57      5.64
1992-12-01       0.0                0.45      4.37
1992-12-02       0.0                0.43       3.3
1992-12-03      0.07                0.43      1.77
1992-12-04       0.0                0.45      1.87
1992-12-05       0.0                0.46      4.14
1992-12-06      4.41                0.43      3.17
1992-12-07      4.14                 0.5      7.17
1992-12-08      0.17                1.08      5.34
1992-12-09      0.24                0.43      2.04
1992-12-10      1.39                0.48      0.44
1992-12-11       0.1                0.85     -4.13
1992-12-12      1.09                0.33     -3.33
1992-12-13      1.33                0.81     -2.57
1992-12-14       0.0                0.43     -7.83
1992-12-15      0.01                 0.3     -7.83
1992-12-16       0.0                0.35      -3.9
1992-12-17       0.0                0.37     -3.53
1992-12-18       0.0                0.34     -3.23
1992-12-19       0.0                0.32     -2.83
1992-12-20      2.09                0.43      1.17
1992-12-21      1.92                0.86      2.37
1992-12-22       0.1                0.77     -2.37
1992-12-23       0.0                 1.0     -5.93
1992-12-24       0.0                0.64      -6.3
1992-12-25      0.03                0.35      -6.1
1992-12-26      1.08                0.35     -2.76
1992-12-27      2.24                0.37       1.4
1992-12-28      3.21                0.41      1.17
1992-12-29      1.23                 0.6      -0.6
1992-12-30      0.29                0.52     -2.03
1992-12-31       0.0                0.47      -4.1
1993-01-01       0.0                0.41     -3.46
