2010-02-01       0.0                 0.8      0.83
2010-02-02       0.0                1.29     -3.97
2010-02-03       0.0                1.15      -7.3
2010-02-04       0.0                1.33      -5.6
2010-02-05       0.0                1.25     -4.77
2010-02-06       0.0                1.05     -4.03
2010-02-07       0.0                1.11     -2.16
2010-02-08       0.0                1.01       3.7
2010-02-09       4.9                0.71      1.93
2010-02-10      3.41                0.78      2.23
2010-02-11      4.07                0.91     -0.53
2010-02-12      0.59                0.79      -1.4
2010-02-13       1.5                 0.8      -2.5
2010-02-14       0.0                0.77      -3.8
2010-02-15       0.0                0.88     -3.67
2010-02-16       0.0                0.89      -3.3
2010-02-17       0.0                 0.8     -6.76
2010-02-18      0.24                1.05     -4.07
2010-02-19      0.07                1.23      -3.6
2010-02-20      0.03                1.27      0.07
2010-02-21       0.0                1.26       0.6
2010-02-22       0.1                1.61      4.27
2010-02-23      0.29                1.61      4.67
2010-02-24       0.0                1.83      7.63
2010-02-25     10.32                0.88       6.7
2010-02-26      0.16                 1.4       6.1
2010-02-27       0.0                1.12      4.23
2010-02-28      0.48                 1.2       5.6
2010-03-01      9.95                1.07      1.53
2010-03-02      0.61                0.83       0.9
2010-03-03      0.14                1.47      1.13
2010-03-04      1.37                0.83      2.13
2010-03-05      0.67                1.05      5.03
2010-03-06       0.0                1.17       2.5
2010-03-07      0.19                1.39      1.47
2010-03-08      0.28                1.31      1.47
2010-03-09      0.58                1.21      1.63
2010-03-10      2.07                1.37      0.67
2010-03-11      0.03                1.87      1.43
2010-03-12      1.75                2.27      6.07
2010-03-13       0.0                2.42       3.2
2010-03-14      2.49                1.73       3.6
2010-03-15     12.69                1.59       7.7
2010-03-16       0.0                2.63       2.5
2010-03-17      0.01                1.63     -0.07
2010-03-18      0.12                2.12       2.2
2010-03-19       0.0                2.16      3.63
2010-03-20      3.26                1.76      7.97
2010-03-21      0.19                2.83      4.17
2010-03-22      1.89                1.31      3.27
2010-03-23      0.07                1.91       6.9
2010-03-24       0.0                2.45       7.0
2010-03-25      3.87                1.19       2.2
2010-03-26      0.75                 2.0      0.17
2010-03-27      5.88                0.95      1.83
2010-03-28      0.92                2.04      5.43
2010-03-29      0.19                2.31      4.33
2010-03-30      0.12                2.31       6.6
2010-03-31      5.16                1.21       7.4
2010-04-01      2.02                1.31      7.17
2010-04-02      0.08                3.31      5.77
2010-04-03       0.0                3.12       5.2
2010-04-04       0.0                3.17       7.8
2010-04-05       0.0                3.21       9.5
2010-04-06      0.04                2.24      8.83
2010-04-07       0.0                2.76      6.63
2010-04-08       0.0                3.34      8.43
2010-04-09       0.0                3.74     11.07
2010-04-10       0.0                2.04     10.83
2010-04-11       0.0                3.29     11.27
2010-04-12      2.77                2.07      10.2
2010-04-13      4.18                2.83       6.5
2010-04-14       0.0                2.81      4.43
2010-04-15       0.0                3.01       6.0
2010-04-16       0.0                 3.0      6.63
2010-04-17       0.0                 3.2      7.93
2010-04-18       0.0                2.65     10.17
2010-04-19       0.0                2.54      14.5
2010-04-20       0.0                3.11     14.27
2010-04-21      7.16                2.15     10.57
2010-04-22      4.03                1.76      7.97
2010-04-23      3.08                1.68      6.93
2010-04-24      0.01                2.99      9.33
2010-04-25       0.0                3.73     10.77
2010-04-26     21.56                2.39     12.33
2010-04-27     12.73                2.36       8.2
2010-04-28      4.89                1.95      5.23
2010-04-29      1.46                3.35      7.67
2010-04-30      0.08                2.95      9.13
2010-05-01       0.0                4.05     10.47
2010-05-02       0.0                4.55     13.94
2010-05-03      0.95                2.76      16.0
2010-05-04       0.0                3.55      20.1
2010-05-05       0.0                3.58     18.57
2010-05-06      6.89                3.55     16.13
2010-05-07       0.0                5.78     15.83
2010-05-08       0.0                4.67     15.57
2010-05-09       0.0                3.61     16.53
2010-05-10      0.07                3.69     15.37
2010-05-11       5.4                1.94      9.73
2010-05-12      0.05                3.12      11.2
2010-05-13       0.0                3.12     13.03
2010-05-14       0.0                4.47      14.2
2010-05-15       0.0                3.53      14.5
2010-05-16       0.0                4.76      16.9
2010-05-17      0.09                4.52      19.2
2010-05-18     50.63                1.89     16.43
2010-05-19      1.35                4.35      18.5
2010-05-20      0.01                5.43     18.87
2010-05-21       0.0                4.97      20.1
2010-05-22      2.35                2.83     19.53
2010-05-23     29.52                2.24      13.9
2010-05-24      7.02                1.74      12.1
2010-05-25      8.15                2.24      13.9
2010-05-26      1.23                2.48     11.53
2010-05-27       0.0                4.09     14.53
2010-05-28       0.0                2.75     15.57
2010-05-29       0.0                2.91     16.87
2010-05-30       0.0                4.51     15.77
2010-05-31       0.0                3.63     13.83
2010-06-01       0.0                3.95     14.37
2010-06-02       0.0                4.81     15.73
2010-06-03       0.0                4.93     17.87
2010-06-04      0.06                4.98      19.9
2010-06-05      0.73                4.98     21.13
2010-06-06      0.55                4.25     22.07
2010-06-07       0.0                5.07     21.43
2010-06-08       0.0                5.35     20.63
2010-06-09       0.0                5.81     21.63
2010-06-10       0.0                5.75     22.03
2010-06-11      0.04                4.74     20.67
2010-06-12     14.48                2.11     17.53
2010-06-13      2.69                3.59     21.27
2010-06-14      1.88                2.62     20.83
2010-06-15      6.92                 4.0      23.4
2010-06-16      0.05                3.79      21.3
2010-06-17       0.0                2.94     22.87
2010-06-18       0.0                5.18      24.1
2010-06-19      2.85                2.69     22.37
2010-06-20      8.32                4.08      22.9
2010-06-21      0.17                4.47      22.5
2010-06-22       0.0                3.89     20.47
2010-06-23       0.0                5.44     20.57
2010-06-24       0.0                5.65     21.37
2010-06-25       0.0                5.45      23.0
2010-06-26      0.17                2.94     20.93
2010-06-27      4.16                 2.3     21.07
2010-06-28       0.0                4.63     23.93
2010-06-29      0.92                3.09     22.73
2010-06-30      0.35                2.59      22.7
2010-07-01       0.0                3.83     24.23
2010-07-02     13.98                2.13     21.33
2010-07-03      2.83                 2.5      22.8
2010-07-04      0.09                4.28     25.23
2010-07-05      9.16                4.26      25.1
2010-07-06      1.96                4.35     23.87
2010-07-07       4.3                3.91     22.37
2010-07-08      2.17                3.35     22.33
2010-07-09      4.83                3.19      22.6
2010-07-10      0.03                3.68     23.37
2010-07-11      3.79                2.43     20.43
2010-07-12      0.53                3.92     22.63
2010-07-13      1.08                4.26     24.33
2010-07-14      0.34                3.94     23.03
2010-07-15       0.0                3.96     23.07
2010-07-16      32.1                2.62     23.53
2010-07-17     40.98                2.35     23.07
2010-07-18      8.41                3.46      25.4
2010-07-19      0.08                3.83     26.53
2010-07-20      0.03                4.29     26.27
2010-07-21      8.12                3.52      25.5
2010-07-22      0.41                3.51      26.4
2010-07-23     28.47                2.63     23.23
2010-07-24      0.04                3.52     25.13
2010-07-25      0.83                4.26     25.93
2010-07-26      1.16                3.51     24.93
2010-07-27      0.04                4.78      26.1
2010-07-28       0.0                4.48      25.5
2010-07-29      0.14                3.69     27.17
2010-07-30      0.36                2.68     25.07
2010-07-31       0.0                3.64     26.43
2010-08-01      0.17                3.94     27.93
2010-08-02      13.2                2.42     23.73
2010-08-03      0.33                2.46      23.4
2010-08-04       2.4                3.67      27.0
2010-08-05     14.84                4.18     28.37
2010-08-06       4.1                3.33     27.33
2010-08-07      13.5                 2.3      25.2
2010-08-08      3.89                4.15     26.77
2010-08-09      0.84                4.45     27.27
2010-08-10     15.89                2.38     24.33
2010-08-11      2.22                2.54     25.13
2010-08-12      1.08                 2.4      23.5
2010-08-13     47.72                2.18     23.43
2010-08-14     15.07                2.63      25.8
2010-08-15     82.87                3.69      26.0
2010-08-16      0.04                2.35     23.43
2010-08-17       0.0                4.62     24.83
2010-08-18      8.07                3.77     24.63
2010-08-19      1.82                3.92     26.87
2010-08-20      0.15                4.05      27.5
2010-08-21       0.0                4.69     27.47
2010-08-22      0.12                4.34     26.97
2010-08-23     30.29                2.42      24.9
2010-08-24     15.07                 2.1      23.2
2010-08-25     40.39                1.76     19.37
2010-08-26     29.26                2.07     21.73
2010-08-27      0.45                3.22     24.87
2010-08-28      3.39                2.32      24.7
2010-08-29      27.6                2.28     24.57
2010-08-30      1.73                3.47     24.73
2010-08-31      0.82                2.33     23.77
2010-09-01      9.57                3.38      25.7
