2005-01-01       0.0                0.68     -7.83
2005-01-02      0.02                0.86      -4.9
2005-01-03      0.79                1.15      1.43
2005-01-04       0.0                0.87      -6.0
2005-01-05       0.0                0.63     -6.93
2005-01-06       0.0                 1.1      -1.9
2005-01-07      0.01                0.95      -4.3
2005-01-08       0.0                0.87      -7.1
2005-01-09       0.0                0.76      -8.9
2005-01-10      0.01                0.88      -8.7
2005-01-11       0.0                1.25      -5.8
2005-01-12       0.0                0.75     -8.37
2005-01-13       0.0                 0.7      -7.3
2005-01-14       0.0                0.58     -5.93
2005-01-15      0.88                0.85     -3.53
2005-01-16     13.09                0.58      -3.9
2005-01-17       0.4                0.56     -5.36
2005-01-18       0.2                0.61      -4.4
2005-01-19       0.0                1.36     -4.36
2005-01-20       0.0                0.91      -7.8
2005-01-21       0.0                 0.7      -8.5
2005-01-22       0.0                0.64      -6.4
2005-01-23       0.0                0.84     -0.73
2005-01-24       0.0                0.86     -1.47
2005-01-25      0.16                0.57      -3.2
2005-01-26      0.05                0.83       0.4
2005-01-27      0.08                1.07     -0.37
2005-01-28       0.0                0.96     -1.23
2005-01-29      0.56                0.94     -2.87
2005-01-30       0.0                1.04     -7.87
2005-01-31       0.0                1.32      -8.0
2005-02-01       0.0                 0.9     -11.4
2005-02-02       0.0                0.86     -10.0
2005-02-03       0.0                0.89     -7.37
2005-02-04       0.0                0.97     -4.03
2005-02-05       0.0                1.03     -3.53
2005-02-06       0.0                1.03      -1.4
2005-02-07      0.25                0.72      -0.5
2005-02-08      1.56                0.58     -0.33
2005-02-09       0.0                0.89     -2.17
2005-02-10       0.0                1.13      -5.7
2005-02-11       0.0                1.07     -7.83
2005-02-12       0.0                 1.0      -7.3
2005-02-13      0.04                1.17     -5.43
2005-02-14       0.0                1.08      -1.3
2005-02-15      4.69                1.41      0.67
2005-02-16      8.84                0.83       1.0
2005-02-17      0.68                1.09      0.93
2005-02-18       0.2                1.06      1.33
2005-02-19      0.66                1.14     -3.93
2005-02-20       0.0                 1.3     -8.57
2005-02-21      0.85                 1.2     -8.77
2005-02-22      7.86                0.92     -2.53
2005-02-23      0.34                 1.4      -5.0
2005-02-24      0.11                1.16     -4.13
2005-02-25       0.0                1.22     -6.87
2005-02-26      0.06                1.08     -8.03
2005-02-27       0.0                1.31     -6.13
2005-02-28       0.0                1.48      -1.5
2005-03-01      0.01                1.34     -3.17
2005-03-02      0.05                1.43       0.0
2005-03-03      0.01                1.42     -3.07
2005-03-04      3.82                0.95      -2.8
2005-03-05       0.4                1.02      -4.2
2005-03-06       0.0                1.73      -2.0
2005-03-07       0.0                1.54       2.0
2005-03-08      0.01                2.35       4.3
2005-03-09       0.0                 1.8       3.6
2005-03-10      6.63                1.21      6.33
2005-03-11      5.85                0.91     -0.23
2005-03-12      0.41                1.51     -4.73
2005-03-13      0.05                1.77      -3.6
2005-03-14      0.06                 2.0     -0.43
2005-03-15       0.0                1.82      2.77
2005-03-16      0.14                1.91       5.5
2005-03-17      6.79                1.44      5.03
2005-03-18      0.89                 2.3       4.0
2005-03-19       0.0                2.41      3.23
2005-03-20       0.0                2.79      5.97
2005-03-21      0.02                2.62      6.17
2005-03-22       0.8                2.44      8.83
2005-03-23      1.45                1.44       5.3
2005-03-24      3.26                1.38      0.87
2005-03-25       0.4                2.25       0.9
2005-03-26      0.24                2.84      6.63
2005-03-27       0.0                2.95       8.9
2005-03-28       0.0                2.93      7.23
2005-03-29       0.0                2.58      4.07
2005-03-30       0.0                3.16      5.37
2005-03-31       0.0                2.98       7.2
2005-04-01       0.0                2.69      7.83
2005-04-02       0.0                2.51      7.63
2005-04-03      1.84                2.43      5.37
2005-04-04       0.0                 3.3       6.0
2005-04-05       0.0                4.79     12.57
2005-04-06      4.34                2.65      11.6
2005-04-07      0.25                2.46      12.6
2005-04-08       0.0                3.55     11.27
2005-04-09     23.59                1.94       9.6
2005-04-10     24.33                2.57     11.53
2005-04-11      0.33                2.89      8.83
2005-04-12      2.27                2.33      9.37
2005-04-13      0.04                3.04     10.07
2005-04-14       0.0                4.08     10.04
2005-04-15       0.0                3.53      8.37
2005-04-16       0.0                4.49      9.37
2005-04-17       0.0                3.61     10.93
2005-04-18       0.2                 3.1      12.9
2005-04-19      9.49                3.02     14.63
2005-04-20      9.43                4.65     10.87
2005-04-21      0.03                4.14     10.43
2005-04-22       0.0                4.38     11.33
2005-04-23       0.0                3.56     10.43
2005-04-24      0.09                4.11     11.77
2005-04-25       0.0                 4.3     13.13
2005-04-26       0.0                4.72      13.0
2005-04-27      0.56                5.13     15.93
2005-04-28       0.0                5.14      21.9
2005-04-29      0.04                4.38     18.97
2005-04-30       0.0                4.15     21.43
2005-05-01      0.01                3.91      19.6
2005-05-02      0.69                4.55     15.93
2005-05-03       0.0                6.12      16.3
2005-05-04       0.0                 4.8     17.37
2005-05-05       3.8                4.96     17.37
2005-05-06     25.85                1.61      9.13
2005-05-07      0.09                3.32     11.17
2005-05-08       0.0                2.31     11.67
2005-05-09      0.29                3.42      10.7
2005-05-10      0.03                3.39     10.83
2005-05-11       3.1                1.79     10.73
2005-05-12      2.51                 2.3     12.23
2005-05-13       0.0                3.89     13.33
2005-05-14       0.0                3.89      14.7
2005-05-15      0.52                 4.2     15.83
2005-05-16       0.0                3.89      16.2
2005-05-17      9.48                2.57     18.13
2005-05-18     25.26                2.12     14.67
2005-05-19       0.0                4.35     16.17
2005-05-20       0.0                 4.7     16.73
2005-05-21       0.0                 4.4      16.5
2005-05-22      0.22                 2.5     14.87
2005-05-23      1.05                3.82      15.9
2005-05-24      0.01                4.11      14.8
2005-05-25       0.0                4.43      15.9
2005-05-26       0.0                4.99      20.7
2005-05-27       0.0                4.97      18.7
2005-05-28       0.0                 4.7     18.43
2005-05-29       0.0                5.12     19.23
2005-05-30      0.26                4.81     19.07
2005-05-31       0.0                5.06      18.5
2005-06-01      0.01                4.52     18.27
2005-06-02      2.32                3.58     19.97
2005-06-03      2.38                3.37     18.67
2005-06-04      0.56                 4.1     18.07
2005-06-05       0.0                5.21     19.53
2005-06-06       0.0                4.34      19.8
2005-06-07      0.02                2.95     20.07
2005-06-08       0.0                4.37      21.1
2005-06-09      0.03                4.24     20.93
2005-06-10     10.43                2.06      18.2
2005-06-11      0.09                4.66     21.03
2005-06-12       0.0                5.08     21.93
2005-06-13       0.0                4.82     22.73
2005-06-14      9.58                4.93      23.5
2005-06-15      5.14                 3.7     18.77
2005-06-16      1.53                3.91      19.4
2005-06-17      0.41                3.86     20.97
2005-06-18       0.0                3.83     21.67
2005-06-19      0.12                4.76      22.9
2005-06-20       0.0                5.46      22.8
2005-06-21       0.0                5.01     24.97
2005-06-22      0.28                 5.0     24.43
2005-06-23       0.0                5.06     25.47
2005-06-24       0.0                5.75     26.47
2005-06-25       0.0                 4.7     25.83
2005-06-26     32.88                3.31     24.53
2005-06-27    114.26                 2.2     21.37
2005-06-28      1.05                3.88     23.97
2005-06-29      12.9                2.54     22.77
2005-06-30      2.74                4.37     25.53
2005-07-01     37.81                2.75      22.1
2005-07-02      3.22                4.41     25.37
2005-07-03     23.49                2.13      21.0
2005-07-04       0.1                4.19      23.7
2005-07-05      0.53                 3.4     23.37
2005-07-06     18.44                3.82      23.5
2005-07-07      0.94                2.85     19.77
2005-07-08       0.3                3.99     23.13
2005-07-09     30.58                2.15      20.6
2005-07-10      0.24                3.81     21.57
2005-07-11     16.63                2.07     18.37
2005-07-12      0.58                3.84     21.23
2005-07-13     13.02                2.53     21.73
2005-07-14      2.07                4.32     24.37
2005-07-15       0.0                4.21     25.23
2005-07-16       0.0                4.28     25.83
2005-07-17      0.91                3.85      24.9
2005-07-18      0.01                5.03     26.87
2005-07-19       0.0                4.82     27.33
2005-07-20       0.0                5.45     28.03
2005-07-21       0.0                5.31     28.33
2005-07-22       0.0                4.59     28.37
2005-07-23      0.04                4.89     27.97
2005-07-24      3.79                4.31     27.37
2005-07-25      14.6                3.79      25.5
2005-07-26      1.13                4.38      25.2
2005-07-27      2.85                 3.9     25.67
2005-07-28     80.82                2.16     22.63
2005-07-29      0.09                4.54      24.9
2005-07-30      0.75                4.65     25.83
2005-07-31      0.29                3.98     25.57
2005-08-01     27.33                2.65     24.67
