2000-02-01       0.0                0.57     -8.33
2000-02-02       0.0                0.63     -5.83
2000-02-03      0.08                0.54      -5.0
2000-02-04      0.19                0.63     -4.03
2000-02-05      0.05                0.51      -3.1
2000-02-06      0.05                0.72      0.17
2000-02-07      0.65                 0.7      -1.7
2000-02-08      0.02                 0.6     -8.53
2000-02-09       0.0                0.73     -7.33
2000-02-10       0.0                0.78      -5.0
2000-02-11       0.0                0.86      -1.4
2000-02-12      0.04                0.83      -1.0
2000-02-13      0.12                0.59     -0.36
2000-02-14      0.44                1.36       0.1
2000-02-15       0.0                1.46     -5.53
2000-02-16       0.0                1.48      -4.8
2000-02-17      0.22                1.03     -6.37
2000-02-18       0.0                1.09      -4.8
2000-02-19       0.0                1.17     -0.83
2000-02-20       0.0                 1.4     -1.53
2000-02-21       0.0                1.24     -3.37
2000-02-22      0.09                1.05     -3.33
2000-02-23       0.0                0.92      -1.2
2000-02-24       0.0                 1.1     -4.47
2000-02-25      0.06                0.78     -5.43
2000-02-26       0.3                0.98     -1.03
2000-02-27      1.45                0.87     -2.06
2000-02-28      1.11                1.17     -4.27
2000-02-29       0.0                1.13      -4.1
2000-03-01       0.0                1.23       0.4
2000-03-02       0.0                1.29       4.6
2000-03-03       0.0                1.53      6.43
2000-03-04       0.0                1.63      6.57
2000-03-05      0.14                1.32      3.53
2000-03-06      0.27                1.48      2.27
2000-03-07       0.0                1.66     -1.23
2000-03-08      0.01                1.17     -3.03
2000-03-09       0.0                1.52     -0.93
2000-03-10       0.0                1.49       0.7
2000-03-11       0.0                0.82       3.7
2000-03-12       0.0                1.55       4.7
2000-03-13       0.0                1.73       3.6
2000-03-14       0.0                 1.7       4.0
2000-03-15      0.35                 1.3      4.43
2000-03-16      0.11                1.24      3.17
2000-03-17       0.0                1.86      4.13
2000-03-18      0.47                1.94      8.87
2000-03-19      0.97                1.25      4.67
2000-03-20       0.0                1.71       5.6
2000-03-21       0.0                1.53      6.47
2000-03-22      0.02                2.24      6.37
2000-03-23      0.08                1.54       6.6
2000-03-24       0.0                2.32      4.07
2000-03-25      0.03                2.04       3.8
2000-03-26      0.15                2.15      6.27
2000-03-27      0.76                2.13      7.87
2000-03-28      7.74                 1.4     10.03
2000-03-29      2.24                1.41      5.67
2000-03-30       0.0                2.42       7.7
2000-03-31       0.0                2.28      8.83
2000-04-01       0.0                2.36      6.73
2000-04-02       0.0                1.68      7.77
2000-04-03       0.0                2.58       8.8
2000-04-04       0.0                2.43     10.63
2000-04-05      0.01                2.43      8.43
2000-04-06       0.0                2.58      6.57
2000-04-07       0.0                2.77      9.27
2000-04-08       0.0                2.57       7.6
2000-04-09      1.43                2.06      9.77
2000-04-10      2.17                2.51      6.67
2000-04-11       0.0                2.87       7.7
2000-04-12       0.0                2.22     11.57
2000-04-13       0.0                2.67     12.74
2000-04-14      0.05                2.56      10.7
2000-04-15      0.29                1.87       6.8
2000-04-16      0.01                2.56      7.83
2000-04-17      0.03                2.51      8.97
2000-04-18      0.38                 1.9     13.57
2000-04-19      1.95                1.79     10.83
2000-04-20      0.54                3.04     12.67
2000-04-21      5.38                1.74     11.43
2000-04-22       8.7                1.95      10.5
2000-04-23      0.01                3.04      9.14
2000-04-24       0.0                4.59      11.7
2000-04-25       0.1                2.61     12.27
2000-04-26      3.22                2.05      10.6
2000-04-27      1.52                1.69      6.67
2000-04-28      0.03                2.74      10.6
2000-04-29      0.01                3.36     13.83
2000-04-30       0.0                 2.8     14.87
2000-05-01      2.04                2.29     12.17
2000-05-02       0.0                2.79     11.13
2000-05-03       0.0                 3.6      13.3
2000-05-04      0.16                3.06     15.37
2000-05-05      5.55                2.02     15.03
2000-05-06      4.04                3.52      13.1
2000-05-07       0.0                3.67     13.73
2000-05-08      0.01                3.82     16.33
2000-05-09      0.23                3.15     13.87
2000-05-10     15.04                1.81      11.6
2000-05-11      1.34                1.66     11.27
2000-05-12       0.0                2.75     14.07
2000-05-13      0.01                3.46     15.67
2000-05-14      1.63                3.56     15.97
2000-05-15      6.93                 2.2     15.87
2000-05-16       2.2                2.08     14.37
2000-05-17      0.08                3.48     16.73
2000-05-18      3.33                3.23      17.0
2000-05-19     24.13                2.74     16.47
2000-05-20      8.04                2.25     14.73
2000-05-21       0.0                3.08     16.67
2000-05-22      0.03                2.61      18.6
2000-05-23      3.49                2.59     19.07
2000-05-24       0.0                3.49     21.07
2000-05-25       0.0                3.97      22.8
2000-05-26      4.15                2.78     20.67
2000-05-27      9.67                1.98     16.67
2000-05-28      0.46                2.92      17.1
2000-05-29       0.0                3.78     19.47
2000-05-30       0.0                2.17      16.2
2000-05-31      0.03                3.43      19.8
2000-06-01      0.43                3.87      18.0
2000-06-02       0.0                4.42     19.93
2000-06-03       0.0                4.72     20.93
2000-06-04       0.0                4.66     20.67
2000-06-05       0.0                4.95     21.77
2000-06-06       0.0                 4.6     21.37
2000-06-07      0.06                 3.5     21.73
2000-06-08      2.28                2.42     18.23
2000-06-09      0.37                4.21     15.77
2000-06-10      4.54                4.29     17.27
2000-06-11      0.07                4.97      18.1
2000-06-12      0.23                5.48     17.63
2000-06-13       6.1                 4.7     19.27
2000-06-14      3.75                4.17      22.0
2000-06-15       0.0                4.29     22.13
2000-06-16       0.0                2.71     22.73
2000-06-17       0.0                5.52     23.07
2000-06-18       0.0                5.77     23.37
2000-06-19       0.0                5.68     24.93
2000-06-20      0.11                4.77      25.2
2000-06-21      4.33                3.85     24.27
2000-06-22      3.26                 2.5     22.03
2000-06-23      0.89                2.79      20.7
2000-06-24      0.12                3.84      21.8
2000-06-25       0.0                3.83      23.7
2000-06-26     31.46                2.43      23.4
2000-06-27     16.93                3.09      20.4
2000-06-28       0.0                5.88     24.73
2000-06-29     27.81                2.84     21.83
2000-06-30      3.32                2.66      21.9
2000-07-01       0.0                4.77     24.53
2000-07-02       0.0                5.12     25.87
2000-07-03       0.0                5.33      26.5
2000-07-04      1.19                4.95      26.0
2000-07-05      0.04                4.27     25.87
2000-07-06      7.97                4.65      27.0
2000-07-07      1.65                4.33      22.9
2000-07-08      0.02                5.51      22.5
2000-07-09      0.09                5.97     24.07
2000-07-10      6.54                4.34     25.83
2000-07-11     11.56                 2.8     24.53
2000-07-12      6.43                4.72     25.77
2000-07-13       0.0                4.15      27.2
2000-07-14       0.0                3.89     25.23
2000-07-15       0.0                4.98     26.27
2000-07-16       0.0                2.82      25.8
2000-07-17       0.0                3.56     27.07
2000-07-18      3.54                3.09     27.57
2000-07-19      3.62                2.69     27.43
2000-07-20      1.87                2.98      26.8
2000-07-21     10.67                3.42     26.83
2000-07-22     55.64                2.49     24.83
2000-07-23      0.11                3.41      24.8
2000-07-24       0.0                4.89     24.97
2000-07-25      0.73                2.84     24.03
2000-07-26       0.1                5.31      23.9
2000-07-27      0.29                3.65     24.93
2000-07-28      0.02                 3.1      25.6
2000-07-29      9.17                2.65     26.37
2000-07-30      26.1                2.37     21.53
2000-07-31     40.15                3.48      20.1
2000-08-01       0.0                4.23     23.83
2000-08-02       0.0                5.59      25.1
2000-08-03      1.33                5.83     22.97
2000-08-04     16.97                 2.5     21.93
2000-08-05     13.18                2.13     23.63
2000-08-06     16.63                2.14      22.8
2000-08-07      3.77                2.46      25.6
2000-08-08     11.02                3.72     25.87
2000-08-09       0.7                4.81     25.83
2000-08-10      1.28                3.93     26.13
2000-08-11       0.0                4.55     27.03
2000-08-12      0.07                4.75     26.73
2000-08-13       0.0                5.69      26.0
2000-08-14      0.25                4.14      25.9
2000-08-15      0.52                3.64     25.97
2000-08-16      2.72                4.11      26.8
2000-08-17      6.02                3.71      24.9
2000-08-18      4.29                3.45     25.27
2000-08-19     17.33                 2.0     23.17
2000-08-20     54.25                1.99     20.97
2000-08-21     16.15                2.53     21.73
2000-08-22      2.03                3.84     23.37
2000-08-23      0.96                3.72     23.27
2000-08-24     12.61                2.01     22.63
2000-08-25     86.23                1.77     21.27
2000-08-26     36.32                1.79     21.23
2000-08-27     33.99                2.07     23.27
2000-08-28     43.39                2.54     24.63
2000-08-29      0.07                4.71     25.33
2000-08-30      1.41                5.13      25.7
2000-08-31     28.74                2.61      23.9
2000-09-01     11.08                2.83     23.83
