2006-07-01      24.8                 2.4     20.97
2006-07-02     19.06                3.17     20.57
2006-07-03      0.39                4.65     22.03
2006-07-04      1.33                2.45     20.07
2006-07-05      2.69                2.88     18.53
2006-07-06      0.27                3.35     20.17
2006-07-07      3.95                3.99     22.67
2006-07-08      0.13                 3.6     23.57
2006-07-09      1.74                4.05      23.8
2006-07-10     21.75                4.22     22.03
2006-07-11       2.3                3.32     23.57
2006-07-12    130.57                2.08     21.73
2006-07-13      34.1                2.97     25.13
2006-07-14     40.68                2.47     23.23
2006-07-15    156.62                2.43     21.87
2006-07-16     105.3                1.98      18.3
2006-07-17     19.56                1.97      18.9
2006-07-18     47.95                2.01     18.53
2006-07-19      1.43                3.32     20.97
2006-07-20      5.49                4.55      20.8
2006-07-21      1.95                2.93     20.53
2006-07-22      0.99                4.35      24.0
2006-07-23      0.03                4.03      23.2
2006-07-24      2.23                3.16     22.07
2006-07-25      0.01                3.77     24.07
2006-07-26      4.85                2.28     21.97
2006-07-27    143.52                1.95     19.83
2006-07-28     17.19                2.36     20.67
2006-07-29      2.51                3.52     24.73
2006-07-30      0.41                3.88     26.23
2006-07-31      0.01                 3.1      25.4
2006-08-01       0.0                4.61     25.77
2006-08-02      0.06                 4.9     26.43
2006-08-03       0.0                5.23      27.2
2006-08-04       0.0                5.08     27.63
2006-08-05      0.01                5.08     27.43
2006-08-06      0.04                4.77     27.13
2006-08-07       0.0                4.78     27.63
2006-08-08      0.17                4.95      28.1
2006-08-09       0.0                4.78     28.33
2006-08-10      0.01                4.24     27.37
2006-08-11       0.0                3.88     24.93
2006-08-12       0.0                4.68     26.37
2006-08-13       0.0                4.67      26.7
2006-08-14       0.0                4.57     27.63
2006-08-15      0.08                4.29     28.27
2006-08-16      1.76                 5.7     26.97
2006-08-17     15.97                3.38     23.83
2006-08-18      0.23                4.73     23.23
2006-08-19      6.37                3.57      20.3
2006-08-20       5.2                2.95     21.13
2006-08-21      0.23                3.76     24.87
2006-08-22       6.2                4.57     26.03
2006-08-23     11.41                3.14      25.3
2006-08-24      0.14                4.03     26.07
2006-08-25      4.91                4.15      24.7
2006-08-26     17.26                3.17     25.53
2006-08-27      7.95                2.23     23.73
2006-08-28      0.15                4.19     24.43
2006-08-29      0.79                 2.2      22.0
2006-08-30      0.21                3.76     23.17
2006-08-31       0.0                3.89      21.6
2006-09-01       0.0                3.89     20.53
2006-09-02       0.0                4.12     22.03
2006-09-03       0.0                3.86     22.37
2006-09-04       0.0                2.89      22.0
2006-09-05      0.08                 3.7     18.67
2006-09-06      3.71                3.33      18.6
2006-09-07      0.06                3.69      19.8
2006-09-08      0.07                2.42      18.1
2006-09-09      4.18                1.71      16.3
2006-09-10      0.02                3.39      13.8
2006-09-11       0.0                2.47     13.53
2006-09-12       0.0                3.56     17.33
2006-09-13       0.0                3.63     18.63
2006-09-14       0.0                3.53     17.13
2006-09-15      3.47                 2.4     17.17
2006-09-16      5.08                2.79     19.37
2006-09-17      4.61                2.46     17.63
2006-09-18     15.03                1.65      15.9
2006-09-19      0.33                2.96     18.53
2006-09-20       0.0                2.85     19.47
2006-09-21       0.0                3.07      19.8
2006-09-22      0.92                3.26      19.6
2006-09-23       2.2                3.26      17.5
2006-09-24      0.03                3.44     16.73
2006-09-25       0.0                2.89      15.9
2006-09-26       0.0                3.04     18.47
2006-09-27       0.0                3.31     18.53
2006-09-28       0.0                1.77     17.77
2006-09-29       0.0                2.76     18.63
2006-09-30       0.0                 3.0      17.7
2006-10-01       0.0                 2.5     17.23
2006-10-02       0.0                 2.9     17.87
2006-10-03       0.0                2.92      18.4
2006-10-04       0.0                2.68      18.2
2006-10-05      0.29                2.97     16.93
2006-10-06      0.01                3.23      16.8
2006-10-07       0.0                2.66      16.8
2006-10-08       0.0                2.51      17.0
2006-10-09       0.0                 2.5     18.63
2006-10-10      0.02                3.23     19.87
2006-10-11      8.26                1.66      16.0
2006-10-12      0.12                2.49      14.6
2006-10-13      0.12                1.91      12.5
2006-10-14       0.0                2.25      15.9
2006-10-15       0.0                2.01     16.33
2006-10-16       0.0                2.76     18.77
2006-10-17       0.0                1.77     16.37
2006-10-18       0.0                1.78     17.73
2006-10-19       0.0                 1.6     16.67
2006-10-20      0.16                1.52     15.17
2006-10-21       0.0                2.29      16.2
2006-10-22     21.46                1.01     13.57
2006-10-23     82.34                1.69      11.2
2006-10-24       2.6                1.55      9.13
2006-10-25      0.11                1.42     10.87
2006-10-26       0.0                 1.3      12.9
2006-10-27      0.52                1.59     12.13
2006-10-28      0.13                1.83      12.1
2006-10-29       0.0                1.58      12.5
2006-10-30       0.0                 1.7      12.0
2006-10-31       0.0                 1.8      11.7
2006-11-01       0.0                1.11     10.67
2006-11-02      0.08                1.39      11.4
2006-11-03       0.0                1.46     11.57
2006-11-04       0.0                1.36     12.77
2006-11-05     13.22                2.36      10.7
2006-11-06      7.09                0.94       4.0
2006-11-07      0.59                1.67      1.77
2006-11-08      0.55                1.88     10.07
2006-11-09      21.6                 2.2      11.1
2006-11-10      0.73                1.25       6.8
2006-11-11      0.06                1.28      5.17
2006-11-12       0.0                1.35      3.43
2006-11-13      0.88                0.91      5.44
2006-11-14       0.1                1.89       5.3
2006-11-15      3.83                1.22      3.57
2006-11-16      0.24                1.06      0.73
2006-11-17      0.28                0.96      1.93
2006-11-18      0.45                0.96      3.63
2006-11-19      0.33                0.91       4.9
2006-11-20      0.11                0.99      6.93
2006-11-21      0.03                0.97      4.24
2006-11-22      0.22                1.19      5.17
2006-11-23      0.93                1.11      4.77
2006-11-24      0.18                1.16      3.37
2006-11-25      0.03                0.96      4.63
2006-11-26      0.11                0.93      5.97
2006-11-27     12.93                1.07       6.2
2006-11-28       5.5                0.68       3.7
2006-11-29      0.29                1.14      1.17
2006-11-30       0.0                0.94      0.17
2006-12-01      0.02                0.84       0.3
2006-12-02       0.0                1.11     -2.97
2006-12-03      0.08                1.03     -5.77
2006-12-04       0.0                1.02     -3.87
2006-12-05       0.0                 0.8      -0.5
2006-12-06       0.0                0.61     -0.73
2006-12-07      0.04                0.72      3.97
2006-12-08      0.07                0.89      2.97
2006-12-09      5.37                0.51      1.53
2006-12-10      0.12                0.65     -1.17
2006-12-11       0.0                 0.6      -1.9
2006-12-12       0.0                0.76       1.6
2006-12-13      0.02                0.84      3.23
2006-12-14       0.0                0.72       1.0
2006-12-15      0.02                0.58      0.77
2006-12-16       0.5                 0.7      0.23
2006-12-17      5.71                0.39     -4.27
2006-12-18      0.23                0.51      -6.3
2006-12-19      0.56                0.37     -3.96
2006-12-20       0.1                0.48      0.07
2006-12-21       0.0                 0.5      -0.3
2006-12-22      0.14                0.55      -0.4
2006-12-23       0.0                0.79     -0.03
2006-12-24       0.0                0.61      -0.4
2006-12-25       0.0                0.52      1.33
2006-12-26       0.0                0.59      2.57
2006-12-27       0.0                0.81      -0.1
2006-12-28       0.0                0.98     -8.33
2006-12-29       0.0                0.69      -9.4
2006-12-30       0.0                0.58      -6.9
2006-12-31       0.0                0.58     -1.03
2007-01-01       0.0                0.64       1.2
2007-01-02      0.79                0.66       2.8
2007-01-03      0.04                0.78       1.3
2007-01-04       0.0                0.83       1.7
2007-01-05       0.0                0.61      0.57
2007-01-06       2.3                0.93     -1.13
2007-01-07       0.0                0.88     -4.53
2007-01-08       0.0                0.86     -5.06
2007-01-09      0.07                0.73     -4.23
2007-01-10       0.0                0.75      -3.5
2007-01-11       0.0                0.86      -4.4
2007-01-12       0.0                0.89     -5.03
2007-01-13       0.0                0.72      -7.5
2007-01-14       0.0                 0.7     -6.36
2007-01-15       0.0                0.63     -3.56
2007-01-16       0.0                0.65      -1.1
2007-01-17       0.0                0.93      -0.8
2007-01-18       0.0                0.83      -1.5
2007-01-19       0.0                0.75      -2.8
2007-01-20       0.0                0.82     -0.77
2007-01-21       0.0                0.76     -0.43
2007-01-22      0.42                0.57      -0.9
2007-01-23       0.0                0.78       0.1
2007-01-24       0.0                0.75     -0.53
2007-01-25      0.21                0.79     -2.27
2007-01-26       0.0                0.56     -1.17
2007-01-27       0.0                0.92     -0.77
2007-01-28      0.49                0.75     -1.97
2007-01-29      0.79                0.72      0.83
2007-01-30      0.64                1.37      -1.9
2007-01-31       0.0                1.49      -4.1
2007-02-01       0.0                0.98     -7.23
