2006-03-01      2.72                1.08     -0.07
2006-03-02      0.21                1.24     -1.73
2006-03-03       0.0                1.52      -2.5
2006-03-04      0.27                1.81       0.6
2006-03-05      1.12                2.21      6.57
2006-03-06      0.06                1.69      3.03
2006-03-07       0.0                2.37       3.8
2006-03-08      0.11                1.86      3.97
2006-03-09       0.0                1.99      7.23
2006-03-10       0.0                2.27      7.53
2006-03-11       0.0                2.24      6.97
2006-03-12       0.0                2.29     -2.27
2006-03-13      0.04                1.64      -4.6
2006-03-14       0.0                2.22      -0.6
2006-03-15      0.01                 2.4      3.87
2006-03-16       3.6                1.06      3.97
2006-03-17      0.39                1.96      7.57
2006-03-18       0.0                 2.5       8.0
2006-03-19       0.0                2.45       3.6
2006-03-20      0.08                2.14      3.27
2006-03-21       0.0                 2.5       6.7
2006-03-22      0.05                 2.6      8.43
2006-03-23      0.39                2.41       5.8
2006-03-24      0.01                 2.7       4.3
2006-03-25      0.36                3.32       8.3
2006-03-26       0.0                2.84      5.23
2006-03-27       0.0                 2.9       5.5
2006-03-28      0.16                1.56       2.2
2006-03-29      0.48                2.08      1.33
2006-03-30      3.02                 2.1      1.87
2006-03-31      0.19                2.62      3.63
2006-04-01     10.22                1.65      7.93
2006-04-02      2.73                 1.2       7.2
2006-04-03      0.05                2.93     10.27
2006-04-04      0.03                2.04      9.33
2006-04-05       0.0                 2.9      9.03
2006-04-06       0.0                1.84       6.6
2006-04-07       1.1                2.52       9.5
2006-04-08      0.13                3.79     11.07
2006-04-09      7.19                2.79      11.7
2006-04-10      5.95                2.22      10.6
2006-04-11      1.82                1.94      11.0
2006-04-12      0.13                2.54      10.6
2006-04-13       0.0                1.82      4.13
2006-04-14       0.0                3.27      8.23
2006-04-15       0.0                2.31       8.1
2006-04-16       0.0                 3.2      6.63
2006-04-17      0.35                1.92      6.67
2006-04-18      8.76                2.74     12.33
2006-04-19      41.2                1.78      6.93
2006-04-20      3.73                1.44      3.77
2006-04-21      1.39                3.54      8.77
2006-04-22      0.06                3.69     11.97
2006-04-23      5.29                2.78      9.23
2006-04-24      0.29                3.66      8.87
2006-04-25       0.0                 3.9      9.67
2006-04-26       0.0                2.94     11.87
2006-04-27      0.16                3.61     12.87
2006-04-28      0.03                3.99     11.87
2006-04-29       0.0                4.08     14.03
2006-04-30      0.76                2.79      16.0
2006-05-01      0.01                4.07     17.03
2006-05-02       0.0                4.28     11.53
2006-05-03       0.0                4.21     12.23
2006-05-04       0.0                5.45     17.77
2006-05-05       0.0                3.17     19.23
2006-05-06     59.65                 2.1     13.97
2006-05-07      1.48                3.65     15.13
2006-05-08      0.01                4.17      16.8
2006-05-09      0.05                5.01     17.57
2006-05-10      0.65                2.39     16.27
2006-05-11      0.36                4.49     16.93
2006-05-12       0.0                2.31     13.67
2006-05-13      1.77                3.46     13.57
2006-05-14      0.15                4.56     15.17
2006-05-15      0.03                4.89     15.77
2006-05-16       0.0                5.03      16.8
2006-05-17       0.0                4.43     16.93
2006-05-18       0.0                3.85     17.77
2006-05-19      0.03                2.75     17.63
2006-05-20       0.0                4.32      17.6
2006-05-21       0.0                3.94     18.53
2006-05-22     20.92                 3.0     19.23
2006-05-23      0.61                4.27     18.33
2006-05-24       0.0                4.48     16.33
2006-05-25       0.0                3.22      14.7
2006-05-26       0.0                4.79      19.0
2006-05-27     14.29                2.14     14.37
2006-05-28      9.22                2.68      15.4
2006-05-29      3.48                2.96     16.83
2006-05-30      0.36                 4.7      19.9
2006-05-31      0.04                4.48      18.7
2006-06-01       0.0                4.48     19.47
2006-06-02       0.0                5.37     20.47
2006-06-03       0.0                4.95     20.43
2006-06-04       0.0                 4.5     21.17
2006-06-05      2.83                4.51     20.37
2006-06-06      0.38                4.23     20.27
2006-06-07      0.39                3.74     19.77
2006-06-08     33.05                2.67     18.67
2006-06-09      1.43                3.99     18.73
2006-06-10     13.07                2.74     17.23
2006-06-11      7.16                2.31     16.17
2006-06-12      0.06                4.74     20.13
2006-06-13      0.14                4.18     21.17
2006-06-14     56.62                2.34     17.97
2006-06-15     11.38                4.48      19.9
2006-06-16      0.43                3.69      18.6
2006-06-17       0.0                4.84      20.9
2006-06-18      3.53                 4.9      21.0
2006-06-19       0.0                4.51     21.27
2006-06-20       0.0                3.55     21.93
2006-06-21      2.96                 2.3     19.07
2006-06-22      0.23                4.43      22.6
2006-06-23      0.17                4.25      21.8
2006-06-24      1.69                4.86     22.53
2006-06-25      0.57                4.65      21.5
2006-06-26     12.57                2.68     20.77
2006-06-27      0.17                4.67     22.73
2006-06-28       0.0                4.97      23.9
2006-06-29      0.41                4.15      23.9
2006-06-30     36.67                3.41      22.6
2006-07-01      24.8                 2.4     20.97
2006-07-02     19.06                3.17     20.57
2006-07-03      0.39                4.65     22.03
2006-07-04      1.33                2.45     20.07
2006-07-05      2.69                2.88     18.53
2006-07-06      0.27                3.35     20.17
2006-07-07      3.95                3.99     22.67
2006-07-08      0.13                 3.6     23.57
2006-07-09      1.74                4.05      23.8
2006-07-10     21.75                4.22     22.03
2006-07-11       2.3                3.32     23.57
2006-07-12    130.57                2.08     21.73
2006-07-13      34.1                2.97     25.13
2006-07-14     40.68                2.47     23.23
2006-07-15    156.62                2.43     21.87
2006-07-16     105.3                1.98      18.3
2006-07-17     19.56                1.97      18.9
2006-07-18     47.95                2.01     18.53
2006-07-19      1.43                3.32     20.97
2006-07-20      5.49                4.55      20.8
2006-07-21      1.95                2.93     20.53
2006-07-22      0.99                4.35      24.0
2006-07-23      0.03                4.03      23.2
2006-07-24      2.23                3.16     22.07
2006-07-25      0.01                3.77     24.07
2006-07-26      4.85                2.28     21.97
2006-07-27    143.52                1.95     19.83
2006-07-28     17.19                2.36     20.67
2006-07-29      2.51                3.52     24.73
2006-07-30      0.41                3.88     26.23
2006-07-31      0.01                 3.1      25.4
2006-08-01       0.0                4.61     25.77
2006-08-02      0.06                 4.9     26.43
2006-08-03       0.0                5.23      27.2
2006-08-04       0.0                5.08     27.63
2006-08-05      0.01                5.08     27.43
2006-08-06      0.04                4.77     27.13
2006-08-07       0.0                4.78     27.63
2006-08-08      0.17                4.95      28.1
2006-08-09       0.0                4.78     28.33
2006-08-10      0.01                4.24     27.37
2006-08-11       0.0                3.88     24.93
2006-08-12       0.0                4.68     26.37
2006-08-13       0.0                4.67      26.7
2006-08-14       0.0                4.57     27.63
2006-08-15      0.08                4.29     28.27
2006-08-16      1.76                 5.7     26.97
2006-08-17     15.97                3.38     23.83
2006-08-18      0.23                4.73     23.23
2006-08-19      6.37                3.57      20.3
2006-08-20       5.2                2.95     21.13
2006-08-21      0.23                3.76     24.87
2006-08-22       6.2                4.57     26.03
2006-08-23     11.41                3.14      25.3
2006-08-24      0.14                4.03     26.07
2006-08-25      4.91                4.15      24.7
2006-08-26     17.26                3.17     25.53
2006-08-27      7.95                2.23     23.73
2006-08-28      0.15                4.19     24.43
2006-08-29      0.79                 2.2      22.0
2006-08-30      0.21                3.76     23.17
2006-08-31       0.0                3.89      21.6
2006-09-01       0.0                3.89     20.53
2006-09-02       0.0                4.12     22.03
2006-09-03       0.0                3.86     22.37
2006-09-04       0.0                2.89      22.0
2006-09-05      0.08                 3.7     18.67
2006-09-06      3.71                3.33      18.6
2006-09-07      0.06                3.69      19.8
2006-09-08      0.07                2.42      18.1
2006-09-09      4.18                1.71      16.3
2006-09-10      0.02                3.39      13.8
2006-09-11       0.0                2.47     13.53
2006-09-12       0.0                3.56     17.33
2006-09-13       0.0                3.63     18.63
2006-09-14       0.0                3.53     17.13
2006-09-15      3.47                 2.4     17.17
2006-09-16      5.08                2.79     19.37
2006-09-17      4.61                2.46     17.63
2006-09-18     15.03                1.65      15.9
2006-09-19      0.33                2.96     18.53
2006-09-20       0.0                2.85     19.47
2006-09-21       0.0                3.07      19.8
2006-09-22      0.92                3.26      19.6
2006-09-23       2.2                3.26      17.5
2006-09-24      0.03                3.44     16.73
2006-09-25       0.0                2.89      15.9
2006-09-26       0.0                3.04     18.47
2006-09-27       0.0                3.31     18.53
2006-09-28       0.0                1.77     17.77
2006-09-29       0.0                2.76     18.63
2006-09-30       0.0                 3.0      17.7
2006-10-01       0.0                 2.5     17.23
