2004-05-01       0.0                3.67     12.27
2004-05-02      0.61                2.82     13.97
2004-05-03     10.09                1.92     15.37
2004-05-04      2.65                4.09     14.07
2004-05-05       0.0                4.81     13.04
2004-05-06       0.0                5.61      15.2
2004-05-07       0.0                4.31     13.33
2004-05-08      0.11                 2.7     13.83
2004-05-09     21.78                 1.7      13.4
2004-05-10      0.86                2.09     15.13
2004-05-11       0.0                3.62      18.0
2004-05-12     10.41                1.83      14.8
2004-05-13      1.28                 3.1     16.17
2004-05-14       0.0                4.09     18.03
2004-05-15      0.13                2.14     15.67
2004-05-16       0.0                3.87     17.03
2004-05-17      0.42                2.92      15.0
2004-05-18      1.58                3.42      16.2
2004-05-19      0.01                5.71     20.67
2004-05-20     10.34                4.15      20.2
2004-05-21      13.9                3.46     15.13
2004-05-22      0.69                4.24     14.47
2004-05-23       0.0                3.87     14.23
2004-05-24       0.0                3.93     15.93
2004-05-25       0.0                5.06      17.6
2004-05-26       0.0                 3.3     17.27
2004-05-27      1.35                3.84     18.53
2004-05-28      40.0                2.09      18.7
2004-05-29       0.0                4.22     20.73
2004-05-30       0.0                3.66     20.63
2004-05-31       0.1                4.95     18.23
2004-06-01       0.0                 5.0      17.7
2004-06-02       0.0                 5.1     20.03
2004-06-03       0.0                5.59     22.47
2004-06-04       0.0                5.32      22.4
2004-06-05       0.0                4.21      20.9
2004-06-06       0.0                3.11      19.3
2004-06-07       0.0                2.64     18.83
2004-06-08      4.75                2.88     17.87
2004-06-09      0.01                4.97     20.27
2004-06-10      0.24                5.26     20.53
2004-06-11       0.0                5.16      21.4
2004-06-12      0.23                 5.6      19.0
2004-06-13      0.17                5.51     19.07
2004-06-14       0.0                5.65     21.57
2004-06-15       0.0                5.65     22.13
2004-06-16      0.15                5.34     22.87
2004-06-17      6.48                2.32     18.53
2004-06-18      1.94                 2.7     20.27
2004-06-19      46.2                2.58     20.77
2004-06-20     38.71                1.97     19.63
2004-06-21      15.8                2.58      20.5
2004-06-22      2.45                3.31     21.47
2004-06-23      6.35                3.37      22.5
2004-06-24      3.76                3.91      23.9
2004-06-25      0.57                 4.4     22.47
2004-06-26      4.41                4.06     22.93
2004-06-27      11.7                3.96      23.7
2004-06-28      0.03                4.11     23.53
2004-06-29      0.11                3.52     23.13
2004-06-30      0.06                4.52     23.17
2004-07-01      2.36                2.17      19.7
2004-07-02     46.86                2.03      20.5
2004-07-03      2.57                3.33     23.83
2004-07-04     46.58                2.04     20.57
2004-07-05       8.9                2.77      22.0
2004-07-06      3.46                3.55     24.43
2004-07-07     46.83                1.99      20.6
2004-07-08     11.91                1.92      19.5
2004-07-09      0.65                4.26     23.33
2004-07-10      0.17                4.11     23.27
2004-07-11      4.74                3.59     22.97
2004-07-12     130.8                1.86     19.37
2004-07-13     59.85                 2.0      18.9
2004-07-14      8.08                3.17      21.7
2004-07-15     12.24                2.24     22.63
2004-07-16     53.97                2.75     23.37
2004-07-17      45.1                2.36     23.03
2004-07-18      0.34                 2.7     23.93
2004-07-19      0.64                3.76      26.7
2004-07-20      1.29                3.47     26.23
2004-07-21      0.05                4.43     27.97
2004-07-22      0.05                5.11      28.7
2004-07-23      0.05                5.72     28.33
2004-07-24       0.0                4.63     26.63
2004-07-25      7.35                 3.1     24.07
2004-07-26      7.15                3.06     24.63
2004-07-27      0.05                3.27      25.5
2004-07-28      0.17                4.92     27.23
2004-07-29       0.4                4.74     27.57
2004-07-30       0.0                5.12     27.87
2004-07-31      0.28                5.31     28.23
2004-08-01      5.48                3.65     24.13
2004-08-02      1.32                4.34     25.43
2004-08-03      1.36                4.25     26.57
2004-08-04      2.52                4.98     27.87
2004-08-05     21.44                3.21     26.17
2004-08-06      0.08                4.67      26.9
2004-08-07       0.0                4.96     27.53
2004-08-08     10.51                3.86     26.47
2004-08-09      0.05                4.43      26.6
2004-08-10       0.0                5.07     27.17
2004-08-11       0.0                5.41     25.77
2004-08-12      0.31                4.98     24.97
2004-08-13      0.62                3.72      25.5
2004-08-14     16.54                1.98     20.97
2004-08-15      0.08                4.33      23.6
2004-08-16     30.31                3.46     23.53
2004-08-17     53.31                1.99     21.37
2004-08-18     67.35                1.96      21.6
2004-08-19     43.08                2.01      19.0
2004-08-20      0.72                3.77      21.2
2004-08-21       0.0                2.79     20.43
2004-08-22      0.29                2.74      20.8
2004-08-23      2.21                 2.0      17.8
2004-08-24       0.0                3.79      20.8
2004-08-25       0.0                 3.2     21.73
2004-08-26      0.05                3.37     22.53
2004-08-27       0.0                3.15      22.1
2004-08-28       0.0                2.96      20.4
2004-08-29       0.0                3.55     21.97
2004-08-30      1.33                2.51     21.87
2004-08-31      0.07                4.56     22.43
2004-09-01       0.0                4.46     22.23
2004-09-02       0.0                4.13     20.93
2004-09-03       0.0                3.67     20.53
2004-09-04      0.12                3.22     22.07
2004-09-05      1.98                3.39     22.77
2004-09-06     11.16                3.63     22.07
2004-09-07      31.1                1.69     18.43
2004-09-08      5.61                3.54     21.23
2004-09-09       0.0                3.28     20.47
2004-09-10       0.0                3.07     18.13
2004-09-11     31.46                1.69     16.27
2004-09-12     28.24                1.88      18.1
2004-09-13     19.77                2.67     21.03
2004-09-14      0.05                3.44     20.73
2004-09-15      0.02                 3.2     21.67
2004-09-16     31.91                2.64     22.03
2004-09-17      0.29                3.28     23.07
2004-09-18      27.0                1.84     20.83
2004-09-19      0.04                3.09     18.77
2004-09-20     18.71                1.41      15.2
2004-09-21      2.39                2.47     16.73
2004-09-22      0.01                2.81     17.13
2004-09-23      0.18                2.74     18.17
2004-09-24       0.0                3.05      18.9
2004-09-25       0.0                2.84     17.57
2004-09-26       0.0                2.35      18.1
2004-09-27      0.03                2.85      19.7
2004-09-28      0.01                2.22     17.73
2004-09-29       0.0                2.84     18.03
2004-09-30       0.0                 2.7      18.8
2004-10-01      3.49                1.91      15.6
2004-10-02       0.0                2.29     10.53
2004-10-03       0.0                2.36     11.57
2004-10-04       0.0                2.21     12.93
2004-10-05       0.0                2.64      14.1
2004-10-06       0.0                2.65      14.8
2004-10-07       0.0                2.18     16.07
2004-10-08       0.0                2.68      17.9
2004-10-09       0.0                2.55      16.3
2004-10-10       0.0                2.75     16.23
2004-10-11      0.01                 2.3     15.43
2004-10-12      0.14                2.65      12.1
2004-10-13       0.0                2.28       9.2
2004-10-14       0.0                2.01      8.77
2004-10-15       0.0                2.19     10.73
2004-10-16       0.0                1.92     11.57
2004-10-17       0.0                2.11     11.47
2004-10-18       0.0                1.77      14.1
2004-10-19       0.0                2.04     15.27
2004-10-20      0.01                1.68     11.87
2004-10-21       0.0                2.38      12.6
2004-10-22       0.0                2.29     10.33
2004-10-23       0.0                1.92      8.87
2004-10-24       0.0                1.67     10.07
2004-10-25       0.0                1.83     12.83
2004-10-26       0.0                1.78     11.23
2004-10-27       0.0                1.54      8.53
2004-10-28       0.0                1.62       8.9
2004-10-29       0.0                1.49     10.37
2004-10-30       0.0                1.73      13.3
2004-10-31       0.0                1.78      11.9
2004-11-01      0.16                1.67     11.97
2004-11-02      4.28                1.41     10.97
2004-11-03      2.67                 1.1      9.23
2004-11-04       0.0                1.34      10.3
2004-11-05      1.62                1.46      9.73
2004-11-06       0.1                1.81       7.7
2004-11-07       0.0                1.36      8.27
2004-11-08       0.0                1.46     10.37
2004-11-09      0.11                 1.3      12.5
2004-11-10      9.27                0.85     12.37
2004-11-11      4.87                0.84     13.77
2004-11-12      0.21                1.78      4.97
2004-11-13       0.0                0.94      2.53
2004-11-14       0.0                1.12       5.9
2004-11-15       0.0                1.97      3.87
2004-11-16       0.0                1.56      3.93
2004-11-17       0.0                1.23      7.13
2004-11-18       0.0                1.01       7.9
2004-11-19       0.0                 1.0      6.97
2004-11-20       0.0                1.15      5.33
2004-11-21       0.0                1.08      5.34
2004-11-22       0.0                 1.1      4.77
2004-11-23      0.05                 1.0      5.57
2004-11-24       0.0                0.76       6.5
2004-11-25      0.23                0.89      6.33
2004-11-26     17.45                1.24      4.63
2004-11-27      0.28                1.25      4.87
2004-11-28       0.0                0.82      4.63
2004-11-29       0.0                0.85      3.07
2004-11-30       0.0                 0.8       1.8
2004-12-01       0.0                0.83      3.13
