2007-06-01       0.0                3.02      16.8
2007-06-02       0.0                 5.3      17.7
2007-06-03       0.0                 5.1     18.43
2007-06-04       0.0                3.69     19.33
2007-06-05       0.0                 3.1      18.9
2007-06-06       0.0                5.04     21.07
2007-06-07      0.73                3.24     18.64
2007-06-08      8.53                2.48      16.1
2007-06-09       0.0                2.83     15.77
2007-06-10       0.0                5.07      19.3
2007-06-11       0.0                5.65     21.43
2007-06-12      0.25                 5.0      22.1
2007-06-13      0.53                4.67      21.6
2007-06-14      1.53                3.71      18.8
2007-06-15       0.0                5.01     19.17
2007-06-16       0.0                 6.0     18.53
2007-06-17       0.0                6.12      19.0
2007-06-18       0.0                6.22     22.37
2007-06-19       0.0                6.53     21.23
2007-06-20      0.17                4.22     22.37
2007-06-21      6.49                2.43     20.63
2007-06-22      0.26                 5.5     24.17
2007-06-23      0.02                4.86     23.23
2007-06-24      3.97                3.69     21.83
2007-06-25     12.23                 2.6      21.3
2007-06-26      0.03                5.18     24.27
2007-06-27      0.92                4.62      24.7
2007-06-28     20.26                2.44      23.4
2007-06-29      4.43                2.52     21.83
2007-06-30      0.61                3.06      21.4
2007-07-01     13.53                2.28     19.13
2007-07-02     34.68                2.09     19.23
2007-07-03      0.56                3.34     22.83
2007-07-04      2.68                2.47      21.4
2007-07-05      0.18                3.51     22.83
2007-07-06       0.0                4.32      24.1
2007-07-07       0.0                4.87     23.47
2007-07-08      2.26                4.24     24.77
2007-07-09      0.82                4.21      23.2
2007-07-10     32.08                2.59      19.1
2007-07-11     30.77                2.01     17.17
2007-07-12     10.18                4.66     21.77
2007-07-13      0.08                3.95      22.1
2007-07-14      0.71                3.38     19.77
2007-07-15      0.36                4.68      20.7
2007-07-16     17.96                2.11     18.17
2007-07-17      0.91                2.72     21.53
2007-07-18      0.24                4.54     24.43
2007-07-19     18.23                 3.2      22.3
2007-07-20      2.29                4.19      24.2
2007-07-21      0.28                2.23     22.03
2007-07-22      0.09                4.08     25.37
2007-07-23      0.13                3.82     25.47
2007-07-24      3.92                 2.4     23.27
2007-07-25      1.99                2.47     24.03
2007-07-26      0.06                4.22     26.53
2007-07-27       0.0                4.44     26.93
2007-07-28      0.58                4.63      27.2
2007-07-29     16.38                2.58     23.33
2007-07-30       0.0                3.84     24.33
2007-07-31       0.0                 4.0     24.93
2007-08-01     17.77                3.04     25.43
2007-08-02      6.61                4.09     27.07
2007-08-03     16.43                4.53     25.67
2007-08-04     43.78                2.95      23.3
2007-08-05      5.68                 2.6     24.07
2007-08-06      0.06                 3.0     24.07
2007-08-07     12.63                2.09     22.17
2007-08-08     67.89                2.59      23.5
2007-08-09     125.9                2.39      23.3
2007-08-10     33.44                2.73      24.6
2007-08-11      2.04                3.74     26.53
2007-08-12      0.67                2.28     23.63
2007-08-13      0.82                3.29      27.1
2007-08-14      3.28                2.68     26.27
2007-08-15      5.27                2.62     25.53
2007-08-16      8.08                3.15     26.83
2007-08-17      0.02                4.35     26.93
2007-08-18      0.03                3.96     26.67
2007-08-19     14.24                 3.2     26.83
2007-08-20       0.1                2.79     25.27
2007-08-21      0.42                3.24     25.73
2007-08-22      0.54                 4.2     25.87
2007-08-23      0.03                4.79     24.83
2007-08-24       0.0                4.41     25.47
2007-08-25      0.67                4.32     26.77
2007-08-26      3.88                3.76      26.7
2007-08-27     59.85                2.54      24.2
2007-08-28      2.97                3.64     22.87
2007-08-29      8.48                1.91      18.9
2007-08-30      0.71                2.83      20.4
2007-08-31       0.0                3.27     20.57
2007-09-01     14.58                1.75     18.23
2007-09-02      9.14                2.06     18.87
2007-09-03      3.65                2.23     21.27
2007-09-04      0.37                2.09      19.9
2007-09-05     14.17                1.92     17.87
2007-09-06     25.02                1.75     16.67
2007-09-07      1.09                3.26      19.7
2007-09-08      0.14                2.84     20.13
2007-09-09      0.76                3.58     19.43
2007-09-10       0.0                3.26     19.97
2007-09-11      1.53                2.92     22.33
2007-09-12       0.0                3.33      22.3
2007-09-13       0.0                2.67      22.4
2007-09-14     42.93                2.37     21.17
2007-09-15     62.81                 2.0      20.6
2007-09-16      7.12                2.26     20.27
2007-09-17     13.43                2.75     20.47
2007-09-18     23.09                1.69     18.77
2007-09-19     38.08                2.63     23.97
2007-09-20     11.38                3.08     25.97
2007-09-21      2.33                2.71      24.0
2007-09-22      4.45                 2.0      18.7
2007-09-23      0.08                2.83      19.9
2007-09-24      0.34                2.82      21.3
2007-09-25       0.0                 2.9      21.8
2007-09-26       0.0                2.66     21.17
2007-09-27     15.29                1.67      20.4
2007-09-28      2.75                 1.7     17.03
2007-09-29      0.11                1.74     16.77
2007-09-30       0.1                2.14     18.57
2007-10-01       0.9                1.34     16.83
2007-10-02      0.46                1.49     17.67
2007-10-03      0.57                1.69     17.03
2007-10-04      2.45                1.51     17.77
2007-10-05      0.03                2.76     18.77
2007-10-06       0.0                2.84     19.27
2007-10-07       0.1                 2.4     19.33
2007-10-08       0.0                2.05     15.77
2007-10-09       0.0                2.44     14.57
2007-10-10      0.06                1.54     13.47
2007-10-11       0.0                 1.9      16.7
2007-10-12       0.0                2.29     16.37
2007-10-13       0.0                2.02     14.27
2007-10-14      0.09                2.28     15.07
2007-10-15      0.38                2.45     13.87
2007-10-16      1.78                2.01      14.3
2007-10-17      2.23                1.23      10.6
2007-10-18       0.0                1.86      13.3
2007-10-19      1.87                1.58       7.9
2007-10-20       0.0                2.28      5.77
2007-10-21       0.0                1.39      7.04
2007-10-22       0.0                1.75     11.87
2007-10-23       0.0                1.69     14.13
2007-10-24       0.0                1.95      14.2
2007-10-25      3.12                1.49     13.77
2007-10-26      3.26                1.44     13.27
2007-10-27       0.0                 1.8     13.33
2007-10-28      7.16                1.24     11.34
2007-10-29      0.09                1.81      10.1
2007-10-30       0.0                1.44      9.27
2007-10-31      0.01                1.67       9.0
2007-11-01       0.0                2.05       6.0
2007-11-02       0.0                1.55       5.1
2007-11-03       0.0                1.47      8.53
2007-11-04       0.0                1.32       7.3
2007-11-05       0.0                0.92      6.64
2007-11-06       0.0                1.36      8.87
2007-11-07       0.0                1.42      8.67
2007-11-08       0.0                1.16      8.67
2007-11-09      0.74                 1.4     10.47
2007-11-10      0.04                1.39      8.37
2007-11-11       0.0                0.83      4.67
2007-11-12      0.01                1.12       6.0
2007-11-13       0.0                0.72       3.4
2007-11-14       0.0                 0.9      8.67
2007-11-15      0.01                1.37      8.33
2007-11-16       0.0                1.04       4.6
2007-11-17       0.0                1.22      1.97
2007-11-18       0.0                1.38     -2.33
2007-11-19      0.24                0.98     -3.46
2007-11-20      0.61                1.24      -1.4
2007-11-21       2.9                0.91     -1.17
2007-11-22      0.14                0.85      -0.6
2007-11-23      9.13                0.54      2.47
2007-11-24      0.32                0.87       4.4
2007-11-25      0.01                1.07      4.37
2007-11-26      0.21                0.76      2.97
2007-11-27      0.01                0.92      1.47
2007-11-28      0.05                0.97      1.97
2007-11-29      0.19                0.77       5.6
2007-11-30      0.01                 0.7      0.83
2007-12-01       0.0                 0.8      0.47
2007-12-02       0.0                1.03      2.03
2007-12-03      0.05                 0.8      -0.5
2007-12-04       0.0                0.99      -3.5
2007-12-05      0.01                0.96      -4.0
2007-12-06      0.03                0.54     -3.33
2007-12-07      2.03                0.61     -0.83
2007-12-08      0.04                0.33      -2.1
2007-12-09       0.0                0.66      -2.7
2007-12-10      0.26                 0.5     -2.03
2007-12-11      0.95                0.52       2.6
2007-12-12       0.0                0.58      2.57
2007-12-13       0.0                0.99     -0.07
2007-12-14       0.0                0.91      -2.3
2007-12-15      1.02                0.66      -1.8
2007-12-16       0.0                0.62     -3.96
2007-12-17      0.01                0.57       0.4
2007-12-18       0.0                0.82      -1.5
2007-12-19       0.0                0.67      -1.7
2007-12-20       0.0                0.66     -0.36
2007-12-21       0.0                0.62     -0.56
2007-12-22       0.0                0.75      1.07
2007-12-23       0.0                0.66      -0.1
2007-12-24       0.0                0.53       0.9
2007-12-25       0.0                0.57      1.37
2007-12-26       0.0                0.62      3.97
2007-12-27       0.0                0.42       0.1
2007-12-28      0.76                0.54      2.93
2007-12-29      0.15                1.31     -0.77
2007-12-30      0.04                1.01     -6.73
2007-12-31       0.0                0.98     -6.17
2008-01-01       0.0                0.69     -7.93
