2008-11-01      0.01                 1.5       8.2
2008-11-02       0.0                2.97     12.77
2008-11-03       0.0                2.17      9.44
2008-11-04       0.0                1.48       6.0
2008-11-05       0.0                1.85      7.77
2008-11-06       0.0                1.87     14.13
2008-11-07       0.0                1.31     10.97
2008-11-08      0.19                1.32       8.8
2008-11-09      1.94                0.84       6.9
2008-11-10      0.23                1.12       7.0
2008-11-11       0.0                1.18       6.9
2008-11-12       0.0                1.22      7.17
2008-11-13       0.0                1.12       7.3
2008-11-14       0.0                0.71      3.43
2008-11-15      2.23                0.62       6.2
2008-11-16      0.07                0.98       5.6
2008-11-17      0.05                1.06      0.57
2008-11-18       0.0                1.48     -3.07
2008-11-19       0.0                 1.1     -5.33
2008-11-20      0.16                0.87     -2.63
2008-11-21      0.18                1.28       0.7
2008-11-22       0.0                0.98       0.8
2008-11-23       0.0                0.94      4.64
2008-11-24       0.0                0.93      5.27
2008-11-25      0.03                0.67       3.5
2008-11-26       0.0                0.82      3.33
2008-11-27      3.38                0.47      2.17
2008-11-28      6.34                0.68      4.37
2008-11-29      2.45                1.18      1.67
2008-11-30      0.01                 0.8     -0.33
2008-12-01      0.21                 0.9      4.44
2008-12-02      0.06                1.19       5.0
2008-12-03       0.0                 0.8      3.93
2008-12-04       3.2                0.89      3.64
2008-12-05      0.06                1.56     -6.17
2008-12-06       0.0                 0.9     -10.2
2008-12-07      0.06                0.52      -6.3
2008-12-08      3.01                0.61       2.4
2008-12-09      0.91                 0.8      4.27
2008-12-10       0.0                0.59      5.67
2008-12-11      5.57                 1.2      2.44
2008-12-12       0.0                0.97       3.0
2008-12-13       0.0                0.66      1.73
2008-12-14       0.0                0.77     -2.37
2008-12-15       0.0                0.69      -1.2
2008-12-16       0.0                0.68     -0.16
2008-12-17      2.04                0.74       3.5
2008-12-18       0.0                 0.7      -0.1
2008-12-19       0.0                0.77      -2.1
2008-12-20      5.04                0.62      1.73
2008-12-21      3.49                0.44     -0.17
2008-12-22      3.03                 0.7     -4.13
2008-12-23      0.13                0.67     -3.97
2008-12-24       0.1                0.62     -1.17
2008-12-25       0.0                1.24      -2.1
2008-12-26       0.0                 0.6     -7.37
2008-12-27       0.0                0.64     -6.46
2008-12-28      0.02                0.56      -2.1
2008-12-29       0.0                0.81     -1.23
2008-12-30       0.0                1.05     -4.87
2008-12-31       0.0                0.64     -7.23
2009-01-01       0.0                0.56     -7.46
2009-01-02       0.0                0.61     -6.06
2009-01-03       0.0                 0.6      -4.8
2009-01-04       0.0                0.57     -2.47
2009-01-05       0.0                0.65      -4.2
2009-01-06       0.0                0.56     -4.66
2009-01-07       0.0                0.58      -3.2
2009-01-08       0.0                0.63     -2.83
2009-01-09       0.0                0.67     -5.26
2009-01-10       0.0                0.68     -8.73
2009-01-11       0.0                 0.9     -9.83
2009-01-12       0.0                0.71      -9.4
2009-01-13       0.0                0.61     -9.06
2009-01-14       0.0                0.75     -8.83
2009-01-15       0.0                 0.7     -9.96
2009-01-16      0.02                0.59      -5.2
2009-01-17       0.0                0.59     -4.03
2009-01-18      0.03                0.55      -2.2
2009-01-19      0.07                 1.2     -1.33
2009-01-20       0.0                0.81     -0.47
2009-01-21       0.0                0.87       1.3
2009-01-22       0.0                1.12      0.84
2009-01-23       0.0                1.95     -4.16
2009-01-24      0.02                 0.8    -10.03
2009-01-25      0.02                0.88      -7.6
2009-01-26      0.22                0.93     -5.57
2009-01-27       0.0                0.72      -5.9
2009-01-28       0.0                0.83     -3.23
2009-01-29       0.0                0.69      -0.9
2009-01-30      0.52                0.75       0.4
2009-01-31      1.06                 0.8      1.17
2009-02-01       0.0                 0.9      1.67
2009-02-02       0.0                0.93      2.07
2009-02-03       0.0                1.08       3.2
2009-02-04       0.0                1.11       3.7
2009-02-05       0.0                0.88      2.03
2009-02-06       0.0                0.78       1.0
2009-02-07       0.0                1.08       1.6
2009-02-08       0.0                1.19      2.73
2009-02-09       0.0                1.54      4.34
2009-02-10       0.0                 1.0      1.47
2009-02-11       0.0                1.19       3.3
2009-02-12      0.76                0.96       2.7
2009-02-13     21.45                 1.1       9.2
2009-02-14       0.0                1.14      4.27
2009-02-15      0.17                1.37     -2.27
2009-02-16       0.0                1.44     -5.73
2009-02-17       0.0                1.21      -6.3
2009-02-18       0.0                1.34     -3.27
2009-02-19       0.0                1.14      0.03
2009-02-20      0.08                1.42     -2.63
2009-02-21       0.0                1.42     -4.16
2009-02-22       0.0                1.08       1.4
2009-02-23       0.1                1.25      2.93
2009-02-24      0.23                1.14      4.67
2009-02-25      0.13                1.56      4.37
2009-02-26       0.0                1.58       2.5
2009-02-27       0.0                 1.8      3.23
2009-02-28      0.06                1.88      3.17
2009-03-01       0.0                1.91       2.0
2009-03-02      0.88                1.56      2.73
2009-03-03      0.24                1.06      2.93
2009-03-04       0.0                1.69      3.87
2009-03-05       2.3                0.92      1.87
2009-03-06      0.24                2.05      2.23
2009-03-07       0.0                2.05      0.47
2009-03-08       0.0                1.85      4.03
2009-03-09       0.0                2.34       4.9
2009-03-10       0.0                2.19      3.73
2009-03-11       0.0                2.08      3.23
2009-03-12       0.2                2.03      4.87
2009-03-13      19.7                1.14       1.5
2009-03-14      0.01                2.33     -0.77
2009-03-15      0.07                1.91      2.24
2009-03-16      0.01                2.39      9.37
2009-03-17       0.0                3.53      9.94
2009-03-18       0.0                3.08      17.3
2009-03-19      5.12                2.23     12.47
2009-03-20      0.06                2.73     10.17
2009-03-21      0.34                3.15     10.97
2009-03-22     13.33                1.54     10.43
2009-03-23      0.22                2.09      5.47
2009-03-24      0.17                2.06      1.57
2009-03-25      0.03                2.04      0.03
2009-03-26      9.05                 1.2      2.57
2009-03-27      0.36                2.01      1.03
2009-03-28      0.17                2.21       2.3
2009-03-29      0.05                1.78      2.97
2009-03-30      0.98                 1.4      4.87
2009-03-31      8.64                1.33      3.73
2009-04-01      1.98                1.88      4.13
2009-04-02      0.14                2.85      5.73
2009-04-03       0.0                2.91      8.53
2009-04-04       0.0                2.74      8.07
2009-04-05       0.0                2.71      8.53
2009-04-06       0.0                3.56       9.7
2009-04-07       0.0                3.72      11.3
2009-04-08       0.0                 3.8     12.97
2009-04-09       0.0                4.05     14.67
2009-04-10       0.0                4.14      15.6
2009-04-11       0.0                4.34     15.07
2009-04-12       0.0                3.46     13.67
2009-04-13       0.0                2.78     12.77
2009-04-14      0.39                3.57     10.53
2009-04-15      7.97                1.93      8.37
2009-04-16      0.13                2.57      8.63
2009-04-17       0.0                3.62     10.17
2009-04-18       0.0                4.42      14.7
2009-04-19       0.0                4.67      16.1
2009-04-20     33.68                1.77     11.87
2009-04-21      4.96                2.43     11.03
2009-04-22       0.0                 2.4      7.57
2009-04-23       0.0                3.08      9.13
2009-04-24      9.14                2.09     11.23
2009-04-25       8.3                1.57      8.47
2009-04-26       0.4                2.34      8.07
2009-04-27      0.52                2.64       9.0
2009-04-28      0.86                3.12     11.14
2009-04-29      0.03                4.02     12.77
2009-04-30       0.0                3.74      12.5
2009-05-01       0.0                4.51     15.17
2009-05-02      1.85                 2.6      14.7
2009-05-03      0.04                4.44     17.23
2009-05-04       0.0                4.51     17.07
2009-05-05       0.0                4.98      18.6
2009-05-06       0.0                5.11     18.57
2009-05-07       0.0                5.05     18.47
2009-05-08       0.0                4.37     18.83
2009-05-09       0.0                4.76      19.5
2009-05-10      0.01                3.92      18.9
2009-05-11     20.42                1.74      14.0
2009-05-12      7.31                2.59     17.67
2009-05-13       0.0                5.14     17.17
2009-05-14       0.0                 4.6      16.9
2009-05-15      2.26                2.37     16.53
2009-05-16     19.85                1.72     13.33
2009-05-17     10.97                2.07     12.33
2009-05-18       0.0                 5.4     15.04
2009-05-19       0.0                5.12     18.27
2009-05-20       0.0                4.05     20.03
2009-05-21     25.92                2.19     16.53
2009-05-22      0.44                3.53     17.93
2009-05-23       0.7                2.07     15.77
2009-05-24      0.01                3.83     17.83
2009-05-25       0.0                4.92      19.8
2009-05-26       0.0                4.77     20.03
2009-05-27       0.0                5.05     17.97
2009-05-28      0.27                5.29     18.53
2009-05-29       0.0                4.01      15.5
2009-05-30      2.42                3.88     16.87
2009-05-31      0.15                 4.1     17.23
2009-06-01       0.0                5.19      17.6
