2009-09-01       0.0                4.06     19.17
2009-09-02       0.0                 3.9      18.9
2009-09-03       0.0                3.58      19.5
2009-09-04       0.0                3.88     21.67
2009-09-05       0.0                3.98     21.73
2009-09-06       0.0                2.69     22.43
2009-09-07      1.71                1.75     20.27
2009-09-08      0.14                3.65      20.3
2009-09-09       0.0                 3.6      20.0
2009-09-10       0.0                3.14     19.33
2009-09-11       0.0                2.23     18.33
2009-09-12      5.84                2.55      17.6
2009-09-13       0.0                2.94     19.13
2009-09-14      0.01                 1.9     17.77
2009-09-15       0.0                2.92      19.7
2009-09-16       0.0                3.18     19.17
2009-09-17       0.0                3.03      17.6
2009-09-18       0.0                3.34      19.0
2009-09-19       0.0                2.56     17.43
2009-09-20       0.0                2.69     17.37
2009-09-21      2.42                1.53      16.9
2009-09-22       0.1                2.91     18.27
2009-09-23       0.0                3.13      18.5
2009-09-24       0.0                2.47     18.37
2009-09-25       0.0                1.71      17.6
2009-09-26      0.07                2.33     17.53
2009-09-27      0.56                1.67     18.63
2009-09-28      7.51                1.98     19.73
2009-09-29      0.03                2.91      21.1
2009-09-30       0.0                2.79      20.6
2009-10-01       0.0                2.49     19.63
2009-10-02       0.0                2.54     17.37
2009-10-03       0.0                2.84     14.17
2009-10-04       0.0                2.82     15.17
2009-10-05       0.0                2.55     13.77
2009-10-06       0.0                2.66     16.17
2009-10-07      2.87                2.23      14.2
2009-10-08      1.24                 2.1      11.9
2009-10-09       0.0                2.25      12.6
2009-10-10       0.0                2.14      13.1
2009-10-11       0.0                2.08     13.53
2009-10-12       0.0                2.04     13.67
2009-10-13      2.04                2.04     13.24
2009-10-14      0.64                 1.7     13.77
2009-10-15       0.0                1.97     13.67
2009-10-16      0.05                 1.7     13.94
2009-10-17     12.72                2.25      12.3
2009-10-18       0.0                2.55     12.14
2009-10-19      11.2                2.19     10.03
2009-10-20       0.0                2.54      9.74
2009-10-21      0.21                2.26      11.2
2009-10-22       0.0                1.55       9.8
2009-10-23      0.78                1.27     12.07
2009-10-24       0.0                1.56      12.8
2009-10-25       0.0                1.44      13.6
2009-10-26       0.0                1.65     13.63
2009-10-27       0.0                1.55     12.97
2009-10-28       0.0                 1.7     12.13
2009-10-29       0.0                1.92     13.27
2009-10-30       0.0                1.83     15.03
2009-10-31     15.15                 1.2     13.53
2009-11-01     19.65                0.98       8.3
2009-11-02      6.83                0.79      0.37
2009-11-03      3.61                0.83     -0.96
2009-11-04      2.27                1.25      7.64
2009-11-05      0.04                1.72      11.6
2009-11-06       0.0                1.25     11.37
2009-11-07       0.0                1.38     13.27
2009-11-08     12.61                0.92      14.9
2009-11-09      0.26                1.16     12.83
2009-11-10      1.96                1.35      8.37
2009-11-11      4.14                1.25      4.83
2009-11-12       2.3                1.12      5.57
2009-11-13      2.69                0.85      7.03
2009-11-14      0.01                1.44      5.27
2009-11-15       0.0                1.57      -0.6
2009-11-16       0.0                1.07     -1.53
2009-11-17       0.0                1.17      -0.3
2009-11-18       0.0                1.07     -2.43
2009-11-19       0.0                1.18       1.9
2009-11-20      0.01                1.25       0.7
2009-11-21       0.0                1.15      1.17
2009-11-22       0.0                1.24       1.3
2009-11-23      0.17                1.16      6.24
2009-11-24       0.0                0.87       5.8
2009-11-25      0.15                0.57      2.64
2009-11-26       0.0                 0.9       7.3
2009-11-27       0.0                0.78      6.64
2009-11-28       0.2                 0.9      5.23
2009-11-29      4.63                 0.6       5.5
2009-11-30      0.41                0.67      4.87
2009-12-01       0.0                0.74      3.97
2009-12-02      0.04                0.57      3.14
2009-12-03      0.05                0.57      3.93
2009-12-04       0.0                0.75      3.87
2009-12-05      7.56                1.15      -0.2
2009-12-06      0.07                1.14     -3.93
2009-12-07       0.0                0.63     -2.26
2009-12-08       0.0                0.48     -2.33
2009-12-09       0.0                0.55      2.54
2009-12-10      3.34                0.63      5.23
2009-12-11      1.95                0.86      8.33
2009-12-12       0.0                0.84      6.07
2009-12-13       0.0                0.66      3.33
2009-12-14       0.0                0.84      0.53
2009-12-15       0.0                0.99     -2.83
2009-12-16       0.0                0.92     -6.53
2009-12-17       0.0                1.08     -6.23
2009-12-18       0.0                0.84     -8.63
2009-12-19       0.0                0.93     -8.26
2009-12-20       0.0                1.03     -5.33
2009-12-21       0.0                0.81      -6.6
2009-12-22       0.0                0.91      1.67
2009-12-23      0.75                0.57       3.5
2009-12-24       0.0                0.59      2.17
2009-12-25      0.13                0.95       1.7
2009-12-26       0.0                1.04     -4.96
2009-12-27       0.2                0.73     -5.73
2009-12-28       0.0                0.79      -7.5
2009-12-29      0.08                0.56     -6.23
2009-12-30      1.06                1.14     -2.36
2009-12-31       0.0                 0.8     -10.2
2010-01-01       0.0                0.66     -9.23
2010-01-02      3.25                0.44      -4.2
2010-01-03      0.08                0.49      -9.1
2010-01-04      5.97                0.33     -7.53
2010-01-05      0.06                0.53     -10.0
2010-01-06       0.0                0.44    -13.56
2010-01-07       0.0                 0.4    -12.73
2010-01-08      0.04                0.52     -10.1
2010-01-09      0.03                0.46      -8.9
2010-01-10       0.0                0.56     -4.36
2010-01-11       0.0                 0.6     -5.93
2010-01-12       0.0                0.88     -8.03
2010-01-13       0.0                0.64     -13.4
2010-01-14       0.0                0.58     -12.0
2010-01-15      0.08                0.69     -6.46
2010-01-16       0.0                0.61      -8.4
2010-01-17       0.0                0.67      -6.7
2010-01-18      0.03                0.61     -3.66
2010-01-19       1.0                0.87      0.47
2010-01-20      7.76                0.59       5.7
2010-01-21      4.59                0.86      0.23
2010-01-22      0.08                1.17     -4.63
2010-01-23       0.0                1.11     -5.26
2010-01-24       0.0                0.93     -2.66
2010-01-25       0.0                1.62      -0.6
2010-01-26       0.0                1.07      -4.4
2010-01-27      1.89                1.06     -0.76
2010-01-28      0.36                1.52      1.67
2010-01-29       0.0                1.37      -3.1
2010-01-30       0.0                1.33      1.87
2010-01-31       0.0                0.78       0.9
2010-02-01       0.0                 0.8      0.83
2010-02-02       0.0                1.29     -3.97
2010-02-03       0.0                1.15      -7.3
2010-02-04       0.0                1.33      -5.6
2010-02-05       0.0                1.25     -4.77
2010-02-06       0.0                1.05     -4.03
2010-02-07       0.0                1.11     -2.16
2010-02-08       0.0                1.01       3.7
2010-02-09       4.9                0.71      1.93
2010-02-10      3.41                0.78      2.23
2010-02-11      4.07                0.91     -0.53
2010-02-12      0.59                0.79      -1.4
2010-02-13       1.5                 0.8      -2.5
2010-02-14       0.0                0.77      -3.8
2010-02-15       0.0                0.88     -3.67
2010-02-16       0.0                0.89      -3.3
2010-02-17       0.0                 0.8     -6.76
2010-02-18      0.24                1.05     -4.07
2010-02-19      0.07                1.23      -3.6
2010-02-20      0.03                1.27      0.07
2010-02-21       0.0                1.26       0.6
2010-02-22       0.1                1.61      4.27
2010-02-23      0.29                1.61      4.67
2010-02-24       0.0                1.83      7.63
2010-02-25     10.32                0.88       6.7
2010-02-26      0.16                 1.4       6.1
2010-02-27       0.0                1.12      4.23
2010-02-28      0.48                 1.2       5.6
2010-03-01      9.95                1.07      1.53
2010-03-02      0.61                0.83       0.9
2010-03-03      0.14                1.47      1.13
2010-03-04      1.37                0.83      2.13
2010-03-05      0.67                1.05      5.03
2010-03-06       0.0                1.17       2.5
2010-03-07      0.19                1.39      1.47
2010-03-08      0.28                1.31      1.47
2010-03-09      0.58                1.21      1.63
2010-03-10      2.07                1.37      0.67
2010-03-11      0.03                1.87      1.43
2010-03-12      1.75                2.27      6.07
2010-03-13       0.0                2.42       3.2
2010-03-14      2.49                1.73       3.6
2010-03-15     12.69                1.59       7.7
2010-03-16       0.0                2.63       2.5
2010-03-17      0.01                1.63     -0.07
2010-03-18      0.12                2.12       2.2
2010-03-19       0.0                2.16      3.63
2010-03-20      3.26                1.76      7.97
2010-03-21      0.19                2.83      4.17
2010-03-22      1.89                1.31      3.27
2010-03-23      0.07                1.91       6.9
2010-03-24       0.0                2.45       7.0
2010-03-25      3.87                1.19       2.2
2010-03-26      0.75                 2.0      0.17
2010-03-27      5.88                0.95      1.83
2010-03-28      0.92                2.04      5.43
2010-03-29      0.19                2.31      4.33
2010-03-30      0.12                2.31       6.6
2010-03-31      5.16                1.21       7.4
2010-04-01      2.02                1.31      7.17
