2000-08-01       0.0                4.23     23.83
2000-08-02       0.0                5.59      25.1
2000-08-03      1.33                5.83     22.97
2000-08-04     16.97                 2.5     21.93
2000-08-05     13.18                2.13     23.63
2000-08-06     16.63                2.14      22.8
2000-08-07      3.77                2.46      25.6
2000-08-08     11.02                3.72     25.87
2000-08-09       0.7                4.81     25.83
2000-08-10      1.28                3.93     26.13
2000-08-11       0.0                4.55     27.03
2000-08-12      0.07                4.75     26.73
2000-08-13       0.0                5.69      26.0
2000-08-14      0.25                4.14      25.9
2000-08-15      0.52                3.64     25.97
2000-08-16      2.72                4.11      26.8
2000-08-17      6.02                3.71      24.9
2000-08-18      4.29                3.45     25.27
2000-08-19     17.33                 2.0     23.17
2000-08-20     54.25                1.99     20.97
2000-08-21     16.15                2.53     21.73
2000-08-22      2.03                3.84     23.37
2000-08-23      0.96                3.72     23.27
2000-08-24     12.61                2.01     22.63
2000-08-25     86.23                1.77     21.27
2000-08-26     36.32                1.79     21.23
2000-08-27     33.99                2.07     23.27
2000-08-28     43.39                2.54     24.63
2000-08-29      0.07                4.71     25.33
2000-08-30      1.41                5.13      25.7
2000-08-31     28.74                2.61      23.9
2000-09-01     11.08                2.83     23.83
2000-09-02      1.63                3.71     26.43
2000-09-03       4.6                4.79     23.13
2000-09-04       0.0                4.63      21.2
2000-09-05       0.0                3.82     21.03
2000-09-06      0.36                1.72     20.27
2000-09-07       1.2                2.31      17.6
2000-09-08      5.19                2.01      17.6
2000-09-09      3.53                1.87     17.27
2000-09-10      0.12                3.71     19.13
2000-09-11      0.04                 3.2     17.27
2000-09-12      4.58                 2.7     16.77
2000-09-13     26.74                1.62     15.57
2000-09-14     50.64                1.43      15.6
2000-09-15     45.64                1.51     16.83
2000-09-16     20.26                1.73     16.83
2000-09-17      1.17                3.69     17.03
2000-09-18       0.0                 3.0     16.13
2000-09-19      0.03                2.73      16.5
2000-09-20       0.0                2.22      18.8
2000-09-21      0.54                2.62     18.07
2000-09-22      2.45                2.63     17.83
2000-09-23       0.0                2.96     18.73
2000-09-24       0.0                2.08     18.13
2000-09-25       0.0                2.43      17.7
2000-09-26       0.0                2.83     17.63
2000-09-27       0.0                2.79      17.1
2000-09-28       0.0                1.43     15.33
2000-09-29       0.0                2.98     17.83
2000-09-30       0.0                2.18     16.77
2000-10-01       0.0                1.79     17.53
2000-10-02      0.01                1.65     17.77
2000-10-03       0.0                2.47      15.7
2000-10-04       0.0                 1.6     14.37
2000-10-05       0.0                2.22      16.8
2000-10-06       0.0                2.11     17.57
2000-10-07       0.0                2.17     18.13
2000-10-08       0.0                1.78     18.27
2000-10-09      0.01                2.13     18.03
2000-10-10      0.25                1.21      17.1
2000-10-11      1.03                1.06      15.0
2000-10-12      0.03                2.04     12.07
2000-10-13       0.0                1.75      8.27
2000-10-14       0.0                1.52      8.53
2000-10-15       0.0                1.51     11.43
2000-10-16       0.0                1.81       9.9
2000-10-17      0.01                1.06      8.37
2000-10-18       0.0                1.97     10.53
2000-10-19       0.0                1.54     11.47
2000-10-20       0.0                1.43     13.37
2000-10-21       0.0                1.63     13.03
2000-10-22      0.13                1.18       9.9
2000-10-23      0.13                1.89     15.97
2000-10-24      7.76                0.95     12.77
2000-10-25      1.63                1.77     15.53
2000-10-26      0.06                1.47       9.8
2000-10-27       0.0                1.37      9.83
2000-10-28       0.0                0.81      9.23
2000-10-29       0.0                0.76      7.93
2000-10-30       0.0                1.25      8.37
2000-10-31       0.0                1.07       7.7
2000-11-01      0.05                0.86      9.73
2000-11-02      0.06                1.48     11.03
2000-11-03       0.0                1.15     11.93
2000-11-04       0.0                1.34     11.14
2000-11-05      0.58                1.54     10.27
2000-11-06       0.0                1.16     10.13
2000-11-07       0.0                2.09      9.67
2000-11-08       0.0                0.92      2.73
2000-11-09      0.01                0.77       3.7
2000-11-10      1.18                0.74      4.63
2000-11-11       0.0                0.82      3.03
2000-11-12       0.0                0.86      1.97
2000-11-13       0.0                0.85       4.0
2000-11-14       0.0                0.78      6.03
2000-11-15      0.94                0.92      8.13
2000-11-16      7.13                1.08      4.07
2000-11-17      1.26                1.11       4.5
2000-11-18     22.75                0.79      2.13
2000-11-19      2.48                0.71      3.83
2000-11-20      7.97                 0.8       3.9
2000-11-21      0.08                 1.1      -0.6
2000-11-22       0.0                0.52      -0.4
2000-11-23      0.09                0.54       2.3
2000-11-24       0.0                 0.6      6.27
2000-11-25      0.01                0.74      6.93
2000-11-26      0.43                0.47       4.2
2000-11-27       0.0                0.74      2.13
2000-11-28       0.0                0.57      0.37
2000-11-29       0.0                0.74       0.1
2000-11-30       0.0                0.67      4.27
2000-12-01       0.0                0.71      4.87
2000-12-02       0.0                0.58       4.0
2000-12-03       0.0                0.76       2.3
2000-12-04      0.01                0.76     -0.33
2000-12-05      0.01                 1.1      1.97
2000-12-06       0.0                 0.5     -0.76
2000-12-07       0.0                 0.5     -0.13
2000-12-08       0.0                0.53       4.2
2000-12-09      0.06                0.55      5.73
2000-12-10      0.09                1.18       3.0
2000-12-11      0.01                0.85      -6.5
2000-12-12       0.0                0.58     -6.86
2000-12-13       0.0                0.45     -2.16
2000-12-14      0.29                0.46      0.57
2000-12-15      4.62                0.77       5.3
2000-12-16      0.17                 1.1      0.83
2000-12-17      0.03                 0.4     -2.13
2000-12-18      2.22                0.33      -2.1
2000-12-19      2.63                0.51      2.37
2000-12-20       0.0                0.42     -0.03
2000-12-21      0.09                0.49     -0.76
2000-12-22      1.29                0.51       2.1
2000-12-23      5.89                0.81      1.03
2000-12-24      0.28                0.64     -2.43
2000-12-25      0.37                0.83     -6.73
2000-12-26       0.0                 0.4     -8.63
2000-12-27      0.07                0.35     -6.66
2000-12-28      0.05                0.38      -3.1
2000-12-29       0.0                0.38     -4.46
2000-12-30      0.04                0.42     -0.93
2000-12-31      0.14                0.93     -3.43
2001-01-01      0.12                0.36     -7.33
2001-01-02      0.13                0.85     -4.97
2001-01-03       0.0                0.88     -7.63
2001-01-04      0.11                0.58     -9.46
2001-01-05       0.0                0.38     -8.46
2001-01-06      0.21                 0.4      -6.6
2001-01-07       6.8                0.55     -0.53
2001-01-08      7.16                0.57       0.0
2001-01-09      2.88                0.44      -0.3
2001-01-10      0.38                0.44     -6.26
2001-01-11       0.3                0.72     -7.96
2001-01-12       0.0                 0.4    -13.93
2001-01-13       0.0                0.59     -11.7
2001-01-14       0.0                0.48    -15.43
2001-01-15       0.0                0.38     -16.9
2001-01-16       0.0                0.38    -16.06
2001-01-17      0.01                0.32    -13.06
2001-01-18      0.17                0.42      -3.1
2001-01-19      0.17                0.39     -4.33
2001-01-20      0.73                0.49      -0.4
2001-01-21      0.12                0.55      -3.6
2001-01-22      0.12                0.47     -4.36
2001-01-23      0.08                0.58     -5.43
2001-01-24      0.12                0.41     -4.56
2001-01-25      0.26                1.04     -0.77
2001-01-26      0.76                0.94     -1.13
2001-01-27      1.72                0.73     -0.07
2001-01-28      0.05                1.16     -3.63
2001-01-29      0.12                 0.6     -6.86
2001-01-30       0.5                 0.7     -3.07
2001-01-31      1.66                0.41      -3.6
2001-02-01      0.93                0.92      -6.3
2001-02-02       0.0                0.52    -10.23
2001-02-03      0.07                0.59     -3.67
2001-02-04      0.43                0.79       0.6
2001-02-05      0.12                0.77      -0.1
2001-02-06      0.12                0.73      0.63
2001-02-07      0.12                1.13     -1.33
2001-02-08      0.01                0.98     -6.26
2001-02-09      0.08                 0.9     -2.63
2001-02-10      0.04                0.98     -4.77
2001-02-11       0.0                1.11     -4.17
2001-02-12       0.0                1.18      -2.5
2001-02-13       0.0                1.08     -3.17
2001-02-14       0.4                1.09      -5.8
2001-02-15     11.82                0.44     -5.93
2001-02-16      1.42                0.88      -7.1
2001-02-17      0.41                0.51      -8.2
2001-02-18      0.98                0.66       1.5
2001-02-19      1.63                1.04      3.67
2001-02-20       0.0                0.97      3.43
2001-02-21       0.0                1.27       4.7
2001-02-22       0.0                1.28      4.94
2001-02-23      6.61                0.82      1.47
2001-02-24      5.21                0.79      -1.1
2001-02-25      0.42                1.22     -4.97
2001-02-26      1.69                1.32     -1.83
2001-02-27       2.0                 1.1      1.73
2001-02-28      3.37                 0.8      3.37
2001-03-01      1.42                0.76      2.47
