2008-02-01       0.0                0.82      -7.2
2008-02-02       0.0                0.81     -4.93
2008-02-03       0.0                0.87     -4.16
2008-02-04       0.0                0.96     -5.23
2008-02-05       0.0                0.82      -6.3
2008-02-06       0.0                 0.9     -6.06
2008-02-07       0.0                0.88      -7.5
2008-02-08       0.0                0.86     -6.36
2008-02-09       0.0                0.84     -4.03
2008-02-10       0.0                 1.0     -4.83
2008-02-11       0.0                1.29     -3.06
2008-02-12       0.0                 1.2      -7.0
2008-02-13       0.0                1.04      -9.5
2008-02-14       0.0                1.26      -6.5
2008-02-15       0.0                1.26      -5.3
2008-02-16       0.0                1.14     -7.47
2008-02-17       0.0                0.99     -7.13
2008-02-18       0.0                1.14     -5.06
2008-02-19       0.0                1.39     -3.83
2008-02-20       0.0                1.88      0.63
2008-02-21       0.0                1.23      -3.0
2008-02-22      2.78                1.79      3.94
2008-02-23      0.01                1.46     -2.43
2008-02-24       0.0                1.15     -3.93
2008-02-25      1.15                 0.9     -3.46
2008-02-26      1.22                1.23      -0.6
2008-02-27       0.0                1.63      -1.0
2008-02-28       0.0                1.51     -1.23
2008-02-29      0.07                 1.4      1.37
2008-03-01       0.0                1.73      1.07
2008-03-02      0.01                0.89       0.2
2008-03-03      3.28                0.87      0.83
2008-03-04      1.59                0.88       0.2
2008-03-05       0.0                1.48       1.6
2008-03-06      1.06                0.85     -0.33
2008-03-07       0.0                1.33      1.93
2008-03-08       0.0                1.89      2.04
2008-03-09       0.0                2.19       4.8
2008-03-10       0.0                1.48       1.1
2008-03-11       0.0                1.81       7.2
2008-03-12      0.04                1.28       3.8
2008-03-13      3.49                0.75       3.1
2008-03-14      1.36                1.57      3.67
2008-03-15       0.0                 2.5      5.33
2008-03-16       0.0                2.86      6.73
2008-03-17       0.0                2.14      5.37
2008-03-18       0.0                2.44       7.8
2008-03-19      0.16                1.92      4.67
2008-03-20       0.0                 2.6       5.4
2008-03-21       0.0                3.07       7.2
2008-03-22      2.06                2.32      7.87
2008-03-23     24.24                0.95       5.5
2008-03-24      2.35                1.38       3.0
2008-03-25      0.27                 1.4       2.4
2008-03-26       0.2                2.09      4.53
2008-03-27      2.89                1.57      4.37
2008-03-28      0.19                 1.3      1.43
2008-03-29       3.1                0.88       2.4
2008-03-30      1.66                1.03      3.27
2008-03-31      3.41                1.55       5.7
2008-04-01      0.22                 2.7       7.7
2008-04-02      3.05                1.68      6.37
2008-04-03      0.14                 3.8      8.37
2008-04-04      0.04                3.26      6.47
2008-04-05      0.05                3.25     10.67
2008-04-06      0.01                3.13     11.83
2008-04-07      0.14                2.94      12.0
2008-04-08      0.19                3.83      12.3
2008-04-09      4.72                1.95       9.1
2008-04-10       1.9                2.84       9.6
2008-04-11       0.0                2.29      10.0
2008-04-12       0.1                1.81       8.1
2008-04-13      5.83                 1.0       4.9
2008-04-14       0.0                3.18     13.07
2008-04-15       0.2                3.74     13.47
2008-04-16       0.0                4.33     14.97
2008-04-17      0.09                1.43      6.93
2008-04-18       0.0                4.27     15.27
2008-04-19       0.0                4.57     14.73
2008-04-20       0.0                4.46     15.03
2008-04-21       0.0                2.95     15.57
2008-04-22      0.26                2.43     15.57
2008-04-23      3.07                1.16      5.54
2008-04-24       0.0                2.84      5.07
2008-04-25      0.48                2.65     10.97
2008-04-26      9.64                2.06       9.3
2008-04-27       0.8                 2.0      7.37
2008-04-28       0.0                3.42      9.24
2008-04-29      0.03                2.77      8.13
2008-04-30       0.0                4.57      17.3
2008-05-01       0.0                4.52      19.3
2008-05-02       0.0                4.61      18.6
2008-05-03       0.0                4.62      21.1
2008-05-04      0.08                2.41     17.77
2008-05-05      1.82                4.55     15.03
2008-05-06       0.0                3.85       7.7
2008-05-07      2.92                3.04     14.53
2008-05-08      0.03                3.83     17.63
2008-05-09       0.0                3.84      13.8
2008-05-10       0.0                 3.4      11.0
2008-05-11       0.0                4.03     11.04
2008-05-12      0.22                3.11     11.27
2008-05-13      6.53                2.32      9.97
2008-05-14       0.0                 3.1     11.23
2008-05-15       0.0                3.85     12.97
2008-05-16       0.0                 3.7      12.6
2008-05-17      1.39                4.28     15.53
2008-05-18     43.38                1.54     10.67
2008-05-19      6.96                3.86     12.97
2008-05-20      0.08                3.54      13.6
2008-05-21      1.93                3.55     15.57
2008-05-22       0.0                 4.1      17.7
2008-05-23       0.0                 1.5      12.1
2008-05-24       0.0                4.03     20.87
2008-05-25       0.0                4.37     19.67
2008-05-26       0.0                3.39      18.4
2008-05-27      0.27                4.02     20.03
2008-05-28     23.81                2.05      18.1
2008-05-29      0.11                3.49     18.77
2008-05-30      6.23                2.01     14.93
2008-05-31      0.21                2.92      9.17
2008-06-01       0.0                4.58      17.4
2008-06-02      3.05                 1.2      9.13
2008-06-03      1.59                2.63     15.47
2008-06-04      3.86                2.54     14.97
2008-06-05     12.72                1.78     12.73
2008-06-06      0.09                 2.2     14.94
2008-06-07       0.0                3.73      19.2
2008-06-08      0.26                3.16     18.97
2008-06-09       0.0                4.42      20.8
2008-06-10       0.0                4.94     22.07
2008-06-11      0.01                5.26     20.13
2008-06-12      2.96                4.79     19.73
2008-06-13      0.03                5.22      21.8
2008-06-14      0.04                3.78     20.07
2008-06-15       0.0                1.67      9.83
2008-06-16      0.01                5.02     17.04
2008-06-17      0.01                3.15      17.2
2008-06-18     41.18                 2.3     19.37
2008-06-19      0.81                3.24     20.27
2008-06-20      0.01                4.63     22.73
2008-06-21      0.26                3.38     20.07
2008-06-22      6.22                3.02     17.73
2008-06-23      0.01                 4.4      18.6
2008-06-24      0.06                3.24     18.73
2008-06-25      0.03                3.66     19.03
2008-06-26       0.0                5.18      19.5
2008-06-27      1.75                4.45     20.83
2008-06-28      2.64                2.26      19.4
2008-06-29      20.2                2.28     17.26
2008-06-30       0.0                4.12     20.03
2008-07-01       0.0                3.83      23.2
2008-07-02      6.51                2.23     20.63
2008-07-03      13.3                3.33     23.23
2008-07-04       0.0                3.56     25.03
2008-07-05      0.01                3.52     24.67
2008-07-06       0.0                 4.1      27.3
2008-07-07      0.79                5.07     27.03
2008-07-08       0.0                4.72     26.63
2008-07-09       0.0                5.26      27.5
2008-07-10       0.0                4.41     26.07
2008-07-11       0.0                5.23     26.03
2008-07-12       6.2                2.43     23.73
2008-07-13     30.62                3.99     26.03
2008-07-14      0.88                4.11     25.33
2008-07-15      1.57                3.44     26.87
2008-07-16      8.89                3.22     25.27
2008-07-17      0.26                4.54     25.43
2008-07-18      0.03                1.41     14.47
2008-07-19      26.4                2.09      21.6
2008-07-20     58.04                2.91     24.57
2008-07-21      2.59                 2.9     23.77
2008-07-22      0.23                1.41     15.63
2008-07-23      0.15                 2.4     22.06
2008-07-24    175.31                0.75      13.5
2008-07-25     27.14                2.49      22.5
2008-07-26     37.52                2.04     20.63
2008-07-27      5.56                2.76     24.07
2008-07-28       0.0                3.38     25.03
2008-07-29      0.14                3.67     25.46
2008-07-30     14.42                2.64     24.17
2008-07-31      0.02                2.51     25.27
2008-08-01       0.0                 3.3     24.66
2008-08-02     31.74                2.31      24.1
2008-08-03     49.94                 2.2     15.06
2008-08-04      0.04                4.22     24.86
2008-08-05       0.0                4.54      25.9
2008-08-06       0.0                4.89     25.87
2008-08-07       0.0                5.25      23.8
2008-08-08       0.0                5.51     26.73
2008-08-09      3.67                4.37     26.63
2008-08-10      0.66                 4.7     27.77
2008-08-11      1.43                4.37     26.83
2008-08-12     39.99                2.03     23.63
2008-08-13      6.22                3.42      26.8
2008-08-14     19.89                3.17     25.44
2008-08-15       1.1                0.68     15.33
2008-08-16     11.02                2.55      21.5
2008-08-17      0.13                3.63      21.3
2008-08-18     44.23                2.23      21.9
2008-08-19      0.61                3.48     21.64
2008-08-20      0.11                3.14     20.07
2008-08-21      0.04                2.55      11.1
2008-08-22     64.87                1.61      16.3
2008-08-23       4.7                2.02      18.9
2008-08-24      0.04                3.72     20.97
2008-08-25      0.02                4.07     22.27
2008-08-26      0.03                3.86      20.4
2008-08-27      1.03                3.06     20.43
2008-08-28       0.0                3.84     21.63
2008-08-29       0.0                3.93     22.46
2008-08-30       0.0                4.19      22.1
2008-08-31       0.0                4.07      21.4
2008-09-01     39.07                1.74     18.13
