2010-07-01       0.0                3.83     24.23
2010-07-02     13.98                2.13     21.33
2010-07-03      2.83                 2.5      22.8
2010-07-04      0.09                4.28     25.23
2010-07-05      9.16                4.26      25.1
2010-07-06      1.96                4.35     23.87
2010-07-07       4.3                3.91     22.37
2010-07-08      2.17                3.35     22.33
2010-07-09      4.83                3.19      22.6
2010-07-10      0.03                3.68     23.37
2010-07-11      3.79                2.43     20.43
2010-07-12      0.53                3.92     22.63
2010-07-13      1.08                4.26     24.33
2010-07-14      0.34                3.94     23.03
2010-07-15       0.0                3.96     23.07
2010-07-16      32.1                2.62     23.53
2010-07-17     40.98                2.35     23.07
2010-07-18      8.41                3.46      25.4
2010-07-19      0.08                3.83     26.53
2010-07-20      0.03                4.29     26.27
2010-07-21      8.12                3.52      25.5
2010-07-22      0.41                3.51      26.4
2010-07-23     28.47                2.63     23.23
2010-07-24      0.04                3.52     25.13
2010-07-25      0.83                4.26     25.93
2010-07-26      1.16                3.51     24.93
2010-07-27      0.04                4.78      26.1
2010-07-28       0.0                4.48      25.5
2010-07-29      0.14                3.69     27.17
2010-07-30      0.36                2.68     25.07
2010-07-31       0.0                3.64     26.43
2010-08-01      0.17                3.94     27.93
2010-08-02      13.2                2.42     23.73
2010-08-03      0.33                2.46      23.4
2010-08-04       2.4                3.67      27.0
2010-08-05     14.84                4.18     28.37
2010-08-06       4.1                3.33     27.33
2010-08-07      13.5                 2.3      25.2
2010-08-08      3.89                4.15     26.77
2010-08-09      0.84                4.45     27.27
2010-08-10     15.89                2.38     24.33
2010-08-11      2.22                2.54     25.13
2010-08-12      1.08                 2.4      23.5
2010-08-13     47.72                2.18     23.43
2010-08-14     15.07                2.63      25.8
2010-08-15     82.87                3.69      26.0
2010-08-16      0.04                2.35     23.43
2010-08-17       0.0                4.62     24.83
2010-08-18      8.07                3.77     24.63
2010-08-19      1.82                3.92     26.87
2010-08-20      0.15                4.05      27.5
2010-08-21       0.0                4.69     27.47
2010-08-22      0.12                4.34     26.97
2010-08-23     30.29                2.42      24.9
2010-08-24     15.07                 2.1      23.2
2010-08-25     40.39                1.76     19.37
2010-08-26     29.26                2.07     21.73
2010-08-27      0.45                3.22     24.87
2010-08-28      3.39                2.32      24.7
2010-08-29      27.6                2.28     24.57
2010-08-30      1.73                3.47     24.73
2010-08-31      0.82                2.33     23.77
2010-09-01      9.57                3.38      25.7
2010-09-02     26.38                2.38      23.4
2010-09-03      1.89                2.48      24.8
2010-09-04       0.0                3.68     25.87
2010-09-05      8.56                3.15     25.87
2010-09-06     12.01                1.96     23.17
2010-09-07      0.08                3.61     22.17
2010-09-08      0.16                2.65     19.13
2010-09-09     30.09                 1.8      18.8
2010-09-10     97.22                1.65      21.4
2010-09-11     61.36                1.65     20.13
2010-09-12      40.9                 1.8      20.0
2010-09-13       1.8                2.29     21.73
2010-09-14       0.0                3.71      21.3
2010-09-15       0.0                3.74      20.3
2010-09-16       0.0                3.59     20.43
2010-09-17       0.0                2.62     20.77
2010-09-18       0.0                3.03     23.13
2010-09-19      9.78                1.48     18.43
2010-09-20      5.79                2.09      20.3
2010-09-21     41.84                1.48      17.7
2010-09-22       0.4                1.64      14.0
2010-09-23       0.0                2.57     15.33
2010-09-24       0.0                 2.7     15.63
2010-09-25      0.07                2.43     15.47
2010-09-26       0.0                2.43     16.37
2010-09-27       0.0                2.17     16.33
2010-09-28       0.0                2.92      13.1
2010-09-29       0.0                1.66     10.97
2010-09-30       0.0                2.43     13.57
2010-10-01       0.0                 2.1     13.87
2010-10-02      17.5                1.51     13.93
2010-10-03     14.87                2.38      17.3
2010-10-04      1.31                1.73      13.3
2010-10-05       0.0                1.99      14.4
2010-10-06       0.0                2.19      15.4
2010-10-07       0.0                2.37     16.03
2010-10-08      2.25                1.73     15.57
2010-10-09      0.29                2.24      16.7
2010-10-10       0.0                2.18     16.63
2010-10-11       0.0                1.34     15.37
2010-10-12       0.0                1.58     16.07
2010-10-13      0.01                1.54     14.57
2010-10-14       0.0                2.03      14.7
2010-10-15       0.0                2.34     11.53
2010-10-16       0.0                 2.3     12.17
2010-10-17       0.0                1.68     13.23
2010-10-18       0.0                1.96     11.97
2010-10-19       0.0                1.82     13.23
2010-10-20       0.0                1.63      14.2
2010-10-21      0.63                1.27     12.43
2010-10-22      0.05                 1.9     14.17
2010-10-23       0.0                1.54      13.2
2010-10-24       0.0                1.62     15.27
2010-10-25       0.0                 1.7      10.5
2010-10-26       0.0                1.69      2.93
2010-10-27       0.0                1.18      3.37
2010-10-28       0.0                1.56      5.03
2010-10-29      0.04                1.56      6.84
2010-10-30       0.0                1.42      8.33
2010-10-31      0.21                1.11      7.83
2010-11-01      0.05                1.45      10.1
2010-11-02       0.0                1.68      4.37
2010-11-03       0.0                1.48       3.4
2010-11-04       0.0                1.25       7.3
2010-11-05       0.0                1.37      8.27
2010-11-06       0.0                1.14      9.77
2010-11-07       0.0                1.21     10.14
2010-11-08       4.7                1.39      5.43
2010-11-09      0.01                1.88       2.2
2010-11-10       0.0                1.36       2.0
2010-11-11     11.92                1.25      5.13
2010-11-12      1.73                1.82       6.1
2010-11-13       0.0                1.65       7.2
2010-11-14       0.0                 1.9      8.17
2010-11-15       0.0                 1.3      1.63
2010-11-16       0.0                0.98      1.03
2010-11-17       0.0                0.95      4.67
2010-11-18       0.0                0.94       3.7
2010-11-19       0.0                0.74      2.27
2010-11-20       0.0                0.88      4.94
2010-11-21       0.0                1.11      6.57
2010-11-22      1.19                1.62       5.4
2010-11-23       0.0                1.13      3.67
2010-11-24       0.0                1.01      4.63
2010-11-25      0.03                1.57       3.0
2010-11-26       0.0                1.03      -1.1
2010-11-27      1.56                1.07     -0.76
2010-11-28       0.0                1.43     -2.83
2010-11-29      0.31                1.07       1.8
2010-11-30       0.1                 0.7      3.67
2010-12-01       0.0                0.71      4.24
2010-12-02      3.17                0.74      6.07
2010-12-03      2.91                2.24      3.87
2010-12-04       0.0                0.98     -1.03
2010-12-05       0.0                0.95      6.07
2010-12-06       0.0                1.13       5.2
2010-12-07       0.0                 0.9       0.5
2010-12-08      1.84                0.57     -0.96
2010-12-09      0.27                0.64     -2.83
2010-12-10      3.67                0.91     -0.36
2010-12-11      0.04                1.92     -0.67
2010-12-12       0.0                0.63     -3.86
2010-12-13      0.11                0.67      -0.4
2010-12-14      0.02                1.14      -3.3
2010-12-15       0.0                0.96      -9.4
2010-12-16       0.0                0.79     -9.53
2010-12-17       0.2                0.64     -4.43
2010-12-18       0.0                0.65     -3.36
2010-12-19      0.31                0.71       0.2
2010-12-20       0.0                0.98       2.5
2010-12-21       0.0                0.97       2.1
2010-12-22       0.0                0.66       2.2
2010-12-23       0.0                1.13      -1.3
2010-12-24       0.0                0.88    -10.23
2010-12-25       0.0                0.95    -11.63
2010-12-26       0.0                0.98     -10.0
2010-12-27       0.0                 0.9      -5.6
2010-12-28       3.7                0.71     -2.33
2010-12-29       0.0                0.64     -7.56
2010-12-30      2.48                0.48      -7.0
2010-12-31       0.0                0.49    -11.13
2011-01-01      0.18                0.39      -8.2
2011-01-02       0.0                0.48      -7.2
2011-01-03       0.0                0.39      -5.7
2011-01-04       0.0                0.55     -7.66
2011-01-05       0.0                0.81      -4.9
2011-01-06       0.0                0.52     -9.26
2011-01-07       0.0                0.58     -10.4
2011-01-08       0.0                0.57      -9.0
2011-01-09       0.0                0.69     -8.26
2011-01-10       0.0                0.55     -11.1
2011-01-11       0.0                0.58     -9.23
2011-01-12       0.0                0.67     -10.0
2011-01-13       0.0                0.57     -10.3
2011-01-14      0.01                0.63      -6.9
2011-01-15       0.0                0.72    -13.26
2011-01-16       0.0                0.52    -15.86
2011-01-17       0.0                0.71    -12.56
2011-01-18       0.0                0.78    -10.73
2011-01-19       0.0                0.87     -9.36
2011-01-20       0.0                 0.7     -9.87
2011-01-21       0.0                0.71     -8.93
2011-01-22       0.0                0.81      -7.7
2011-01-23      0.65                0.47     -8.33
2011-01-24      0.06                0.46      -9.8
2011-01-25       0.0                0.59    -11.33
2011-01-26       0.0                0.76    -10.53
2011-01-27       0.0                0.72    -11.13
2011-01-28       0.0                0.77      -8.8
2011-01-29       0.0                 0.8    -11.53
2011-01-30       0.0                 0.8     -11.8
2011-01-31       0.0                0.87     -10.1
2011-02-01       0.0                1.02     -1.83
