2005-03-01      0.01                1.34     -3.17
2005-03-02      0.05                1.43       0.0
2005-03-03      0.01                1.42     -3.07
2005-03-04      3.82                0.95      -2.8
2005-03-05       0.4                1.02      -4.2
2005-03-06       0.0                1.73      -2.0
2005-03-07       0.0                1.54       2.0
2005-03-08      0.01                2.35       4.3
2005-03-09       0.0                 1.8       3.6
2005-03-10      6.63                1.21      6.33
2005-03-11      5.85                0.91     -0.23
2005-03-12      0.41                1.51     -4.73
2005-03-13      0.05                1.77      -3.6
2005-03-14      0.06                 2.0     -0.43
2005-03-15       0.0                1.82      2.77
2005-03-16      0.14                1.91       5.5
2005-03-17      6.79                1.44      5.03
2005-03-18      0.89                 2.3       4.0
2005-03-19       0.0                2.41      3.23
2005-03-20       0.0                2.79      5.97
2005-03-21      0.02                2.62      6.17
2005-03-22       0.8                2.44      8.83
2005-03-23      1.45                1.44       5.3
2005-03-24      3.26                1.38      0.87
2005-03-25       0.4                2.25       0.9
2005-03-26      0.24                2.84      6.63
2005-03-27       0.0                2.95       8.9
2005-03-28       0.0                2.93      7.23
2005-03-29       0.0                2.58      4.07
2005-03-30       0.0                3.16      5.37
2005-03-31       0.0                2.98       7.2
2005-04-01       0.0                2.69      7.83
2005-04-02       0.0                2.51      7.63
2005-04-03      1.84                2.43      5.37
2005-04-04       0.0                 3.3       6.0
2005-04-05       0.0                4.79     12.57
2005-04-06      4.34                2.65      11.6
2005-04-07      0.25                2.46      12.6
2005-04-08       0.0                3.55     11.27
2005-04-09     23.59                1.94       9.6
2005-04-10     24.33                2.57     11.53
2005-04-11      0.33                2.89      8.83
2005-04-12      2.27                2.33      9.37
2005-04-13      0.04                3.04     10.07
2005-04-14       0.0                4.08     10.04
2005-04-15       0.0                3.53      8.37
2005-04-16       0.0                4.49      9.37
2005-04-17       0.0                3.61     10.93
2005-04-18       0.2                 3.1      12.9
2005-04-19      9.49                3.02     14.63
2005-04-20      9.43                4.65     10.87
2005-04-21      0.03                4.14     10.43
2005-04-22       0.0                4.38     11.33
2005-04-23       0.0                3.56     10.43
2005-04-24      0.09                4.11     11.77
2005-04-25       0.0                 4.3     13.13
2005-04-26       0.0                4.72      13.0
2005-04-27      0.56                5.13     15.93
2005-04-28       0.0                5.14      21.9
2005-04-29      0.04                4.38     18.97
2005-04-30       0.0                4.15     21.43
2005-05-01      0.01                3.91      19.6
2005-05-02      0.69                4.55     15.93
2005-05-03       0.0                6.12      16.3
2005-05-04       0.0                 4.8     17.37
2005-05-05       3.8                4.96     17.37
2005-05-06     25.85                1.61      9.13
2005-05-07      0.09                3.32     11.17
2005-05-08       0.0                2.31     11.67
2005-05-09      0.29                3.42      10.7
2005-05-10      0.03                3.39     10.83
2005-05-11       3.1                1.79     10.73
2005-05-12      2.51                 2.3     12.23
2005-05-13       0.0                3.89     13.33
2005-05-14       0.0                3.89      14.7
2005-05-15      0.52                 4.2     15.83
2005-05-16       0.0                3.89      16.2
2005-05-17      9.48                2.57     18.13
2005-05-18     25.26                2.12     14.67
2005-05-19       0.0                4.35     16.17
2005-05-20       0.0                 4.7     16.73
2005-05-21       0.0                 4.4      16.5
2005-05-22      0.22                 2.5     14.87
2005-05-23      1.05                3.82      15.9
2005-05-24      0.01                4.11      14.8
2005-05-25       0.0                4.43      15.9
2005-05-26       0.0                4.99      20.7
2005-05-27       0.0                4.97      18.7
2005-05-28       0.0                 4.7     18.43
2005-05-29       0.0                5.12     19.23
2005-05-30      0.26                4.81     19.07
2005-05-31       0.0                5.06      18.5
2005-06-01      0.01                4.52     18.27
2005-06-02      2.32                3.58     19.97
2005-06-03      2.38                3.37     18.67
2005-06-04      0.56                 4.1     18.07
2005-06-05       0.0                5.21     19.53
2005-06-06       0.0                4.34      19.8
2005-06-07      0.02                2.95     20.07
2005-06-08       0.0                4.37      21.1
2005-06-09      0.03                4.24     20.93
2005-06-10     10.43                2.06      18.2
2005-06-11      0.09                4.66     21.03
2005-06-12       0.0                5.08     21.93
2005-06-13       0.0                4.82     22.73
2005-06-14      9.58                4.93      23.5
2005-06-15      5.14                 3.7     18.77
2005-06-16      1.53                3.91      19.4
2005-06-17      0.41                3.86     20.97
2005-06-18       0.0                3.83     21.67
2005-06-19      0.12                4.76      22.9
2005-06-20       0.0                5.46      22.8
2005-06-21       0.0                5.01     24.97
2005-06-22      0.28                 5.0     24.43
2005-06-23       0.0                5.06     25.47
2005-06-24       0.0                5.75     26.47
2005-06-25       0.0                 4.7     25.83
2005-06-26     32.88                3.31     24.53
2005-06-27    114.26                 2.2     21.37
2005-06-28      1.05                3.88     23.97
2005-06-29      12.9                2.54     22.77
2005-06-30      2.74                4.37     25.53
2005-07-01     37.81                2.75      22.1
2005-07-02      3.22                4.41     25.37
2005-07-03     23.49                2.13      21.0
2005-07-04       0.1                4.19      23.7
2005-07-05      0.53                 3.4     23.37
2005-07-06     18.44                3.82      23.5
2005-07-07      0.94                2.85     19.77
2005-07-08       0.3                3.99     23.13
2005-07-09     30.58                2.15      20.6
2005-07-10      0.24                3.81     21.57
2005-07-11     16.63                2.07     18.37
2005-07-12      0.58                3.84     21.23
2005-07-13     13.02                2.53     21.73
2005-07-14      2.07                4.32     24.37
2005-07-15       0.0                4.21     25.23
2005-07-16       0.0                4.28     25.83
2005-07-17      0.91                3.85      24.9
2005-07-18      0.01                5.03     26.87
2005-07-19       0.0                4.82     27.33
2005-07-20       0.0                5.45     28.03
2005-07-21       0.0                5.31     28.33
2005-07-22       0.0                4.59     28.37
2005-07-23      0.04                4.89     27.97
2005-07-24      3.79                4.31     27.37
2005-07-25      14.6                3.79      25.5
2005-07-26      1.13                4.38      25.2
2005-07-27      2.85                 3.9     25.67
2005-07-28     80.82                2.16     22.63
2005-07-29      0.09                4.54      24.9
2005-07-30      0.75                4.65     25.83
2005-07-31      0.29                3.98     25.57
2005-08-01     27.33                2.65     24.67
2005-08-02      2.45                3.75     25.43
2005-08-03     34.53                2.63     24.27
2005-08-04      0.25                4.67     27.37
2005-08-05      0.67                4.84     29.17
2005-08-06      7.78                4.35     28.13
2005-08-07      2.75                 3.3     26.43
2005-08-08       0.3                 2.9      26.0
2005-08-09      2.97                3.74     26.53
2005-08-10      6.76                3.35     25.67
2005-08-11     24.44                2.24     23.83
2005-08-12     16.22                2.26     24.37
2005-08-13      0.12                 4.5     27.43
2005-08-14       0.0                4.77      27.2
2005-08-15       0.1                 4.3      27.6
2005-08-16       0.0                4.34     28.47
2005-08-17      4.14                4.18     28.13
2005-08-18      4.54                3.83     26.23
2005-08-19     39.31                2.01     19.47
2005-08-20      3.36                3.08     19.83
2005-08-21      1.18                3.25      21.0
2005-08-22     10.33                2.83     19.17
2005-08-23      0.78                4.42     19.27
2005-08-24      8.64                2.99      18.9
2005-08-25     46.51                 1.8     17.03
2005-08-26      0.79                3.83      21.0
2005-08-27      0.09                3.79     22.43
2005-08-28       0.0                 3.4     21.97
2005-08-29       0.0                3.73     23.23
2005-08-30       0.0                2.81      23.1
2005-08-31       0.0                3.83     25.23
2005-09-01      2.21                3.77     25.47
2005-09-02      16.0                2.03      23.4
2005-09-03      0.08                2.54      20.5
2005-09-04      0.04                2.87     19.33
2005-09-05       0.0                 4.1      19.1
2005-09-06     11.22                3.05     18.83
2005-09-07      5.79                2.82     19.97
2005-09-08      0.11                3.55      21.9
2005-09-09      0.96                1.72      20.0
2005-09-10      0.22                3.51     23.43
2005-09-11      0.05                3.62     24.57
2005-09-12       0.0                 3.5     24.53
2005-09-13     55.17                1.97     18.93
2005-09-14      0.66                1.88      17.0
2005-09-15      0.61                3.39      18.4
2005-09-16       0.1                3.05      20.0
2005-09-17     25.75                1.71     20.87
2005-09-18      4.29                3.37      22.9
2005-09-19      0.02                1.68     19.93
2005-09-20      1.41                2.97     19.03
2005-09-21      41.6                1.59     15.53
2005-09-22      4.67                1.38      16.0
2005-09-23      0.11                2.41      18.3
2005-09-24      0.69                 2.6     19.17
2005-09-25      0.03                2.93      18.0
2005-09-26       0.0                2.94      18.2
2005-09-27       0.0                2.84     18.47
2005-09-28       0.0                2.88     18.77
2005-09-29      0.08                2.44      18.3
2005-09-30     29.21                1.28     16.77
2005-10-01     16.06                1.42     20.37
