2002-08-01       0.0                 3.6     26.37
2002-08-02       0.0                3.62     27.43
2002-08-03     10.67                3.79     25.93
2002-08-04      6.91                 2.3      24.9
2002-08-05     91.47                2.49      24.6
2002-08-06    155.11                1.97     20.63
2002-08-07     94.63                1.93      19.6
2002-08-08      4.76                3.89     22.83
2002-08-09      1.14                3.53     22.03
2002-08-10      6.15                2.09     19.87
2002-08-11      4.96                2.42     19.13
2002-08-12      2.23                2.17     18.97
2002-08-13      0.47                2.57      20.8
2002-08-14      1.04                2.57     23.03
2002-08-15      0.01                3.22     22.77
2002-08-16      0.27                2.15     20.93
2002-08-17      0.29                2.22      21.8
2002-08-18      0.05                2.56     23.57
2002-08-19      0.01                 3.0      20.6
2002-08-20       0.0                4.56     20.47
2002-08-21       0.0                2.51     21.53
2002-08-22      3.05                2.09     23.57
2002-08-23     18.12                2.66     24.17
2002-08-24      1.06                3.83      25.1
2002-08-25      0.14                3.85     25.07
2002-08-26      2.52                2.97     24.83
2002-08-27     30.58                1.87     23.47
2002-08-28      1.28                3.88      25.4
2002-08-29      0.74                3.48      24.2
2002-08-30      9.98                2.29      23.5
2002-08-31    108.46                 2.3      20.6
2002-09-01     33.35                2.21     20.77
2002-09-02      0.05                3.46     24.33
2002-09-03       0.0                3.81     23.83
2002-09-04      0.03                3.06     21.37
2002-09-05      0.75                2.13     19.47
2002-09-06       1.3                3.21     17.67
2002-09-07       0.0                4.43      18.3
2002-09-08       0.0                3.92     19.23
2002-09-09       0.0                3.47     21.43
2002-09-10       0.0                4.19     20.67
2002-09-11      0.36                3.33     21.67
2002-09-12      8.34                1.66     16.77
2002-09-13      0.07                2.63      17.4
2002-09-14      4.06                2.37     18.87
2002-09-15      0.08                1.58      17.3
2002-09-16       0.7                1.82      16.0
2002-09-17      0.04                3.35      16.8
2002-09-18       0.0                2.58     17.83
2002-09-19       0.0                2.36      18.2
2002-09-20       0.0                2.01     18.43
2002-09-21       0.9                1.76     17.53
2002-09-22      0.46                2.84      17.3
2002-09-23      0.01                2.74      17.0
2002-09-24      0.09                2.57     17.13
2002-09-25       0.0                2.77      18.0
2002-09-26       0.0                2.41     19.03
2002-09-27       0.0                2.67     17.03
2002-09-28      1.38                3.06      17.6
2002-09-29      5.32                2.27     18.43
2002-09-30      0.83                1.83      18.0
2002-10-01      1.18                1.93      17.8
2002-10-02      2.04                2.28      13.9
2002-10-03      2.94                1.53     13.43
2002-10-04      0.02                 2.1     13.93
2002-10-05       5.0                1.46     14.43
2002-10-06     13.22                 1.3     13.27
2002-10-07       0.0                2.26      12.4
2002-10-08      0.12                1.84     10.33
2002-10-09       0.0                1.93      11.8
2002-10-10       0.0                1.82     13.13
2002-10-11       0.0                1.87      14.9
2002-10-12       0.0                1.64     15.73
2002-10-13       0.0                1.99     16.83
2002-10-14      0.03                1.75     14.53
2002-10-15       1.7                1.96     11.83
2002-10-16      0.04                1.63     12.97
2002-10-17       0.0                1.64      15.8
2002-10-18      0.06                1.37     14.63
2002-10-19      1.42                2.08     12.57
2002-10-20       1.4                1.75     11.17
2002-10-21      1.27                1.32      8.27
2002-10-22      0.04                1.29       4.4
2002-10-23       0.0                1.06      3.97
2002-10-24       0.0                1.45       6.9
2002-10-25      4.37                1.26      9.83
2002-10-26     21.46                1.55      6.67
2002-10-27       0.0                2.07      3.73
2002-10-28      0.05                1.82      2.53
2002-10-29       0.0                1.25       3.0
2002-10-30       0.0                0.96      4.67
2002-10-31       0.0                1.75      8.43
2002-11-01       0.0                 1.8      3.77
2002-11-02       0.0                1.38      2.63
2002-11-03       0.0                1.81      3.43
2002-11-04      0.01                1.54      0.53
2002-11-05      0.01                1.01      0.83
2002-11-06      0.03                0.92      3.83
2002-11-07      2.61                1.41      9.17
2002-11-08       0.0                1.41      1.63
2002-11-09      0.03                1.07     -0.27
2002-11-10       0.0                0.72       6.0
2002-11-11      0.09                2.04     12.47
2002-11-12       0.0                2.32      4.63
2002-11-13       0.0                1.41      0.63
2002-11-14      0.11                0.78      0.27
2002-11-15      0.01                0.85     -1.07
2002-11-16      0.02                0.68     -0.33
2002-11-17      1.02                0.59       0.2
2002-11-18      0.14                0.95     -2.37
2002-11-19      0.11                0.54     -3.06
2002-11-20      0.76                 0.5      0.93
2002-11-21      0.07                0.63      0.93
2002-11-22      0.23                 0.7       2.7
2002-11-23      0.12                0.67      4.43
2002-11-24      0.04                0.57      3.77
2002-11-25       0.0                0.54      1.47
2002-11-26      0.03                0.58      0.23
2002-11-27       0.0                0.91      -1.2
2002-11-28       0.0                0.53     -0.57
2002-11-29      1.15                0.46      5.23
2002-11-30      0.01                0.61       2.4
2002-12-01       0.0                0.51      1.43
2002-12-02       0.0                0.56      3.37
2002-12-03      0.01                 0.5      2.13
2002-12-04      0.03                 0.9       8.3
2002-12-05      0.08                0.93       6.6
2002-12-06      1.12                0.79      4.83
2002-12-07      4.37                0.97       2.7
2002-12-08      6.61                0.61       0.0
2002-12-09      3.03                0.76     -6.33
2002-12-10      0.04                0.52    -10.97
2002-12-11      0.04                0.51     -8.37
2002-12-12      0.04                0.49     -7.23
2002-12-13      0.09                0.41     -7.07
2002-12-14      0.15                0.39     -4.63
2002-12-15      1.11                0.42      1.43
2002-12-16      8.74                0.54      3.63
2002-12-17      0.85                0.45      1.87
2002-12-18      0.04                0.56      2.37
2002-12-19      0.46                0.53      2.23
2002-12-20       0.0                0.49      1.73
2002-12-21      0.15                0.79       1.3
2002-12-22      0.25                0.99       2.4
2002-12-23      4.57                0.56       1.9
2002-12-24      6.04                 0.6      1.27
2002-12-25      7.13                0.76     -2.23
2002-12-26      0.48                0.63      -8.6
2002-12-27      0.04                0.43      -9.1
2002-12-28      0.05                0.37     -6.33
2002-12-29      0.09                 0.4     -5.43
2002-12-30       0.0                0.38     -7.07
2002-12-31      0.31                0.49      -5.7
2003-01-01      0.18                0.59     -7.43
2003-01-02      0.51                0.44     -6.87
2003-01-03      1.54                0.53     -4.83
2003-01-04       0.1                0.62    -10.77
2003-01-05       0.0                0.53    -14.93
2003-01-06       0.0                0.36    -13.23
2003-01-07      0.68                 0.4     -9.77
2003-01-08      0.09                0.41      -8.1
2003-01-09      0.47                0.38      -5.0
2003-01-10      0.74                 0.4      -3.7
2003-01-11       0.0                0.42      -4.3
2003-01-12      0.02                0.47     -2.13
2003-01-13      0.15                0.57       4.2
2003-01-14      3.35                0.86      -1.7
2003-01-15       0.0                0.67     -6.37
2003-01-16       0.0                0.56      -4.2
2003-01-17       5.5                0.44      1.13
2003-01-18      1.37                0.49      0.83
2003-01-19      0.03                0.49     -1.27
2003-01-20       0.0                0.57     -3.53
2003-01-21      0.06                0.67     -5.73
2003-01-22       1.3                0.43     -5.67
2003-01-23       2.0                0.64     -4.07
2003-01-24       0.7                 0.6      -5.6
2003-01-25      0.31                0.63     -4.03
2003-01-26      0.19                0.54     -2.53
2003-01-27      4.63                0.56     -2.43
2003-01-28      0.25                0.88     -8.67
2003-01-29      0.13                0.96    -12.67
2003-01-30       0.0                0.64    -11.66
2003-01-31      0.77                0.81     -3.93
2003-02-01      0.03                0.77     -3.97
2003-02-02      0.27                0.74     -3.83
2003-02-03       0.0                0.72     -4.57
2003-02-04      0.02                 0.7     -2.77
2003-02-05      0.27                0.81     -2.93
2003-02-06      0.04                1.02      -3.7
2003-02-07      0.15                0.64      1.74
2003-02-08      5.33                0.58       0.9
2003-02-09      0.45                0.55      2.34
2003-02-10      1.33                1.05      1.47
2003-02-11      2.24                1.03     -1.77
2003-02-12      0.01                1.15     -6.17
2003-02-13      0.02                1.28     -1.47
2003-02-14      0.04                1.17      0.07
2003-02-15      0.01                1.13      1.67
2003-02-16       0.0                1.15      1.57
2003-02-17       0.0                1.13      2.03
2003-02-18      0.28                1.08       1.7
2003-02-19      2.24                0.73       1.3
2003-02-20      0.49                1.13      0.33
2003-02-21      5.36                 0.7       0.4
2003-02-22     14.03                0.77      1.47
2003-02-23      0.89                0.99       0.4
2003-02-24       0.9                1.06      1.87
2003-02-25      0.08                 1.1      2.77
2003-02-26      0.04                1.06      3.33
2003-02-27      0.04                1.81      2.17
2003-02-28      0.03                1.36      2.37
2003-03-01      0.71                 1.0      4.33
