2002-04-01       0.0                3.31     13.13
2002-04-02       0.0                3.44     14.07
2002-04-03       0.0                3.76      9.73
2002-04-04      0.28                 3.4     11.07
2002-04-05       0.0                3.75     13.73
2002-04-06     21.26                1.75      11.9
2002-04-07       0.1                1.71      12.3
2002-04-08       0.0                3.36      9.83
2002-04-09       0.0                2.59       6.7
2002-04-10       0.0                2.86      6.73
2002-04-11       0.0                2.29       7.7
2002-04-12      6.86                2.61      8.07
2002-04-13      0.11                3.47      11.7
2002-04-14       0.0                4.46      18.0
2002-04-15       0.0                3.16     20.47
2002-04-16     20.34                1.86     15.57
2002-04-17       0.0                4.33     10.77
2002-04-18       0.0                4.08      11.7
2002-04-19       0.0                3.63      11.1
2002-04-20       0.0                3.52     12.47
2002-04-21       0.0                3.95     14.73
2002-04-22      0.04                 4.3     18.53
2002-04-23       0.0                3.84      18.1
2002-04-24       0.0                4.07      10.9
2002-04-25       0.0                3.59      8.97
2002-04-26       0.0                3.88     10.83
2002-04-27      0.01                4.19     11.67
2002-04-28      0.38                4.59     12.73
2002-04-29     34.98                1.69     11.43
2002-04-30     38.69                 1.7     11.97
2002-05-01      0.44                4.85     13.37
2002-05-02      0.06                4.59     13.37
2002-05-03      6.48                1.88      15.4
2002-05-04       0.0                4.48      19.6
2002-05-05       0.0                4.25     16.13
2002-05-06      1.14                2.53     13.47
2002-05-07     20.88                1.72     10.13
2002-05-08      0.34                4.47     14.53
2002-05-09       0.0                3.52     16.03
2002-05-10       0.0                3.13     14.37
2002-05-11      0.17                 4.8      15.7
2002-05-12       0.0                2.81      16.0
2002-05-13       0.0                4.08     18.17
2002-05-14       0.1                3.22     18.37
2002-05-15      2.16                2.76     15.97
2002-05-16     17.14                1.96     12.17
2002-05-17      0.21                1.99     12.77
2002-05-18      4.65                3.62     14.73
2002-05-19      2.41                3.95     16.03
2002-05-20       0.0                4.35     18.23
2002-05-21       0.0                4.32     19.33
2002-05-22       0.0                4.87     19.63
2002-05-23       0.0                5.41     19.27
2002-05-24       0.0                5.29     17.37
2002-05-25       0.0                4.98     17.47
2002-05-26       7.1                3.93      15.2
2002-05-27       0.0                3.72      16.2
2002-05-28       0.0                4.85     17.13
2002-05-29       0.0                4.58     17.93
2002-05-30      0.58                3.44      18.6
2002-05-31      0.11                4.73     21.17
2002-06-01      0.26                4.99      20.0
2002-06-02       0.0                5.28      19.6
2002-06-03       0.0                4.84     20.57
2002-06-04       0.0                3.59     22.17
2002-06-05      0.05                 4.1     21.47
2002-06-06       0.0                4.94      23.6
2002-06-07       0.0                5.77      24.2
2002-06-08       0.0                3.99     21.03
2002-06-09      0.44                4.74     21.03
2002-06-10     19.77                2.52      22.1
2002-06-11      0.99                4.93     19.63
2002-06-12     14.07                2.91     17.73
2002-06-13      0.75                3.16     19.53
2002-06-14      0.16                3.69     19.43
2002-06-15       3.3                3.25     18.27
2002-06-16      0.09                4.76     20.07
2002-06-17       0.0                4.89     21.17
2002-06-18       0.6                5.15      21.6
2002-06-19      6.62                3.36      22.7
2002-06-20     15.15                4.05     21.67
2002-06-21      0.05                5.22     21.97
2002-06-22      0.14                4.75     17.87
2002-06-23      0.64                2.33      16.7
2002-06-24       6.4                2.28      14.8
2002-06-25      0.16                3.94      15.4
2002-06-26       0.0                5.26      16.8
2002-06-27       0.0                5.28     19.33
2002-06-28       0.0                5.06     20.17
2002-06-29       0.0                6.07     20.33
2002-06-30       0.1                4.71     19.63
2002-07-01      0.02                4.27      22.6
2002-07-02      0.48                4.13      24.2
2002-07-03       0.0                5.34      25.4
2002-07-04      0.03                5.39     25.87
2002-07-05     43.74                2.37      22.2
2002-07-06     20.46                2.39      20.0
2002-07-07      3.94                2.96     20.97
2002-07-08      0.13                4.37     21.13
2002-07-09       0.0                5.45     22.53
2002-07-10      0.25                5.85      20.8
2002-07-11       0.0                4.73     21.97
2002-07-12      0.28                4.23     24.37
2002-07-13      16.5                 2.3      23.8
2002-07-14     43.75                2.24     22.63
2002-07-15      3.01                 3.8      25.0
2002-07-16     11.35                3.61     23.53
2002-07-17      4.98                2.73     22.33
2002-07-18       3.8                4.34     21.37
2002-07-19     26.66                2.19     19.43
2002-07-20       0.3                3.44      21.9
2002-07-21      0.52                3.13     24.37
2002-07-22     26.63                2.35     23.43
2002-07-23      26.5                2.12      21.0
2002-07-24      1.08                2.19     22.77
2002-07-25      0.02                4.99      25.9
2002-07-26      0.01                3.51     22.93
2002-07-27      0.01                5.68     23.47
2002-07-28      0.01                5.86     26.87
2002-07-29       0.0                4.96     28.17
2002-07-30       0.0                3.82     27.67
2002-07-31       0.0                2.98      27.8
2002-08-01       0.0                 3.6     26.37
2002-08-02       0.0                3.62     27.43
2002-08-03     10.67                3.79     25.93
2002-08-04      6.91                 2.3      24.9
2002-08-05     91.47                2.49      24.6
2002-08-06    155.11                1.97     20.63
2002-08-07     94.63                1.93      19.6
2002-08-08      4.76                3.89     22.83
2002-08-09      1.14                3.53     22.03
2002-08-10      6.15                2.09     19.87
2002-08-11      4.96                2.42     19.13
2002-08-12      2.23                2.17     18.97
2002-08-13      0.47                2.57      20.8
2002-08-14      1.04                2.57     23.03
2002-08-15      0.01                3.22     22.77
2002-08-16      0.27                2.15     20.93
2002-08-17      0.29                2.22      21.8
2002-08-18      0.05                2.56     23.57
2002-08-19      0.01                 3.0      20.6
2002-08-20       0.0                4.56     20.47
2002-08-21       0.0                2.51     21.53
2002-08-22      3.05                2.09     23.57
2002-08-23     18.12                2.66     24.17
2002-08-24      1.06                3.83      25.1
2002-08-25      0.14                3.85     25.07
2002-08-26      2.52                2.97     24.83
2002-08-27     30.58                1.87     23.47
2002-08-28      1.28                3.88      25.4
2002-08-29      0.74                3.48      24.2
2002-08-30      9.98                2.29      23.5
2002-08-31    108.46                 2.3      20.6
2002-09-01     33.35                2.21     20.77
2002-09-02      0.05                3.46     24.33
2002-09-03       0.0                3.81     23.83
2002-09-04      0.03                3.06     21.37
2002-09-05      0.75                2.13     19.47
2002-09-06       1.3                3.21     17.67
2002-09-07       0.0                4.43      18.3
2002-09-08       0.0                3.92     19.23
2002-09-09       0.0                3.47     21.43
2002-09-10       0.0                4.19     20.67
2002-09-11      0.36                3.33     21.67
2002-09-12      8.34                1.66     16.77
2002-09-13      0.07                2.63      17.4
2002-09-14      4.06                2.37     18.87
2002-09-15      0.08                1.58      17.3
2002-09-16       0.7                1.82      16.0
2002-09-17      0.04                3.35      16.8
2002-09-18       0.0                2.58     17.83
2002-09-19       0.0                2.36      18.2
2002-09-20       0.0                2.01     18.43
2002-09-21       0.9                1.76     17.53
2002-09-22      0.46                2.84      17.3
2002-09-23      0.01                2.74      17.0
2002-09-24      0.09                2.57     17.13
2002-09-25       0.0                2.77      18.0
2002-09-26       0.0                2.41     19.03
2002-09-27       0.0                2.67     17.03
2002-09-28      1.38                3.06      17.6
2002-09-29      5.32                2.27     18.43
2002-09-30      0.83                1.83      18.0
2002-10-01      1.18                1.93      17.8
2002-10-02      2.04                2.28      13.9
2002-10-03      2.94                1.53     13.43
2002-10-04      0.02                 2.1     13.93
2002-10-05       5.0                1.46     14.43
2002-10-06     13.22                 1.3     13.27
2002-10-07       0.0                2.26      12.4
2002-10-08      0.12                1.84     10.33
2002-10-09       0.0                1.93      11.8
2002-10-10       0.0                1.82     13.13
2002-10-11       0.0                1.87      14.9
2002-10-12       0.0                1.64     15.73
2002-10-13       0.0                1.99     16.83
2002-10-14      0.03                1.75     14.53
2002-10-15       1.7                1.96     11.83
2002-10-16      0.04                1.63     12.97
2002-10-17       0.0                1.64      15.8
2002-10-18      0.06                1.37     14.63
2002-10-19      1.42                2.08     12.57
2002-10-20       1.4                1.75     11.17
2002-10-21      1.27                1.32      8.27
2002-10-22      0.04                1.29       4.4
2002-10-23       0.0                1.06      3.97
2002-10-24       0.0                1.45       6.9
2002-10-25      4.37                1.26      9.83
2002-10-26     21.46                1.55      6.67
2002-10-27       0.0                2.07      3.73
2002-10-28      0.05                1.82      2.53
2002-10-29       0.0                1.25       3.0
2002-10-30       0.0                0.96      4.67
2002-10-31       0.0                1.75      8.43
2002-11-01       0.0                 1.8      3.77
