2000-12-01       0.0                0.71      4.87
2000-12-02       0.0                0.58       4.0
2000-12-03       0.0                0.76       2.3
2000-12-04      0.01                0.76     -0.33
2000-12-05      0.01                 1.1      1.97
2000-12-06       0.0                 0.5     -0.76
2000-12-07       0.0                 0.5     -0.13
2000-12-08       0.0                0.53       4.2
2000-12-09      0.06                0.55      5.73
2000-12-10      0.09                1.18       3.0
2000-12-11      0.01                0.85      -6.5
2000-12-12       0.0                0.58     -6.86
2000-12-13       0.0                0.45     -2.16
2000-12-14      0.29                0.46      0.57
2000-12-15      4.62                0.77       5.3
2000-12-16      0.17                 1.1      0.83
2000-12-17      0.03                 0.4     -2.13
2000-12-18      2.22                0.33      -2.1
2000-12-19      2.63                0.51      2.37
2000-12-20       0.0                0.42     -0.03
2000-12-21      0.09                0.49     -0.76
2000-12-22      1.29                0.51       2.1
2000-12-23      5.89                0.81      1.03
2000-12-24      0.28                0.64     -2.43
2000-12-25      0.37                0.83     -6.73
2000-12-26       0.0                 0.4     -8.63
2000-12-27      0.07                0.35     -6.66
2000-12-28      0.05                0.38      -3.1
2000-12-29       0.0                0.38     -4.46
2000-12-30      0.04                0.42     -0.93
2000-12-31      0.14                0.93     -3.43
2001-01-01      0.12                0.36     -7.33
2001-01-02      0.13                0.85     -4.97
2001-01-03       0.0                0.88     -7.63
2001-01-04      0.11                0.58     -9.46
2001-01-05       0.0                0.38     -8.46
2001-01-06      0.21                 0.4      -6.6
2001-01-07       6.8                0.55     -0.53
2001-01-08      7.16                0.57       0.0
2001-01-09      2.88                0.44      -0.3
2001-01-10      0.38                0.44     -6.26
2001-01-11       0.3                0.72     -7.96
2001-01-12       0.0                 0.4    -13.93
2001-01-13       0.0                0.59     -11.7
2001-01-14       0.0                0.48    -15.43
2001-01-15       0.0                0.38     -16.9
2001-01-16       0.0                0.38    -16.06
2001-01-17      0.01                0.32    -13.06
2001-01-18      0.17                0.42      -3.1
2001-01-19      0.17                0.39     -4.33
2001-01-20      0.73                0.49      -0.4
2001-01-21      0.12                0.55      -3.6
2001-01-22      0.12                0.47     -4.36
2001-01-23      0.08                0.58     -5.43
2001-01-24      0.12                0.41     -4.56
2001-01-25      0.26                1.04     -0.77
2001-01-26      0.76                0.94     -1.13
2001-01-27      1.72                0.73     -0.07
2001-01-28      0.05                1.16     -3.63
2001-01-29      0.12                 0.6     -6.86
2001-01-30       0.5                 0.7     -3.07
2001-01-31      1.66                0.41      -3.6
2001-02-01      0.93                0.92      -6.3
2001-02-02       0.0                0.52    -10.23
2001-02-03      0.07                0.59     -3.67
2001-02-04      0.43                0.79       0.6
2001-02-05      0.12                0.77      -0.1
2001-02-06      0.12                0.73      0.63
2001-02-07      0.12                1.13     -1.33
2001-02-08      0.01                0.98     -6.26
2001-02-09      0.08                 0.9     -2.63
2001-02-10      0.04                0.98     -4.77
2001-02-11       0.0                1.11     -4.17
2001-02-12       0.0                1.18      -2.5
2001-02-13       0.0                1.08     -3.17
2001-02-14       0.4                1.09      -5.8
2001-02-15     11.82                0.44     -5.93
2001-02-16      1.42                0.88      -7.1
2001-02-17      0.41                0.51      -8.2
2001-02-18      0.98                0.66       1.5
2001-02-19      1.63                1.04      3.67
2001-02-20       0.0                0.97      3.43
2001-02-21       0.0                1.27       4.7
2001-02-22       0.0                1.28      4.94
2001-02-23      6.61                0.82      1.47
2001-02-24      5.21                0.79      -1.1
2001-02-25      0.42                1.22     -4.97
2001-02-26      1.69                1.32     -1.83
2001-02-27       2.0                 1.1      1.73
2001-02-28      3.37                 0.8      3.37
2001-03-01      1.42                0.76      2.47
2001-03-02      0.01                 0.9      3.83
2001-03-03      2.67                1.28       4.0
2001-03-04      1.08                1.44     -2.03
2001-03-05      0.19                2.23      0.73
2001-03-06       0.2                1.32      2.94
2001-03-07      0.58                1.88     -1.47
2001-03-08      0.07                1.48     -4.63
2001-03-09      2.19                 1.8     -2.53
2001-03-10      4.69                1.26     -1.97
2001-03-11      0.47                1.61     -2.33
2001-03-12      0.08                1.72     -0.17
2001-03-13       0.0                1.87      2.03
2001-03-14      0.64                1.37      5.63
2001-03-15      0.28                2.13      4.03
2001-03-16      0.01                1.95      3.87
2001-03-17       0.0                1.45       6.0
2001-03-18       0.0                2.37      6.77
2001-03-19       0.0                1.26       6.8
2001-03-20       0.0                2.66     10.44
2001-03-21       0.0                3.03      9.33
2001-03-22       0.0                3.19      10.3
2001-03-23       0.0                2.08       7.3
2001-03-24       0.0                 2.8       9.8
2001-03-25       0.0                3.07      9.73
2001-03-26      0.01                3.03       3.1
2001-03-27      0.85                1.62      1.67
2001-03-28      2.33                2.05       4.3
2001-03-29      0.05                1.87      2.63
2001-03-30      1.42                1.73      2.73
2001-03-31      0.04                 2.1      3.47
2001-04-01       0.0                 2.8      4.77
2001-04-02      0.13                1.31      5.84
2001-04-03       0.1                2.79      7.57
2001-04-04       0.0                3.48       8.2
2001-04-05       0.0                3.08      10.2
2001-04-06      0.01                2.32      7.97
2001-04-07       0.0                1.87     10.57
2001-04-08       0.0                2.53     13.37
2001-04-09       0.0                 4.0     15.53
2001-04-10       0.0                3.56      14.4
2001-04-11     10.85                1.88      10.1
2001-04-12      0.47                2.74      8.27
2001-04-13      0.69                3.27      8.17
2001-04-14      5.53                3.44      10.2
2001-04-15       0.0                3.83     13.03
2001-04-16       0.0                3.83     14.33
2001-04-17       0.0                3.97     14.23
2001-04-18       0.0                4.41     14.13
2001-04-19      0.09                3.71     14.67
2001-04-20       0.0                4.18      10.6
2001-04-21      0.09                4.47     11.67
2001-04-22      0.14                4.34      13.1
2001-04-23       0.0                4.55      14.7
2001-04-24       0.0                3.82      12.1
2001-04-25       0.0                 3.5      10.5
2001-04-26       0.0                 4.1     11.77
2001-04-27       0.0                3.93     13.33
2001-04-28       0.0                2.49     15.13
2001-04-29       0.0                4.29      16.4
2001-04-30       0.0                5.35      16.1
2001-05-01      0.15                2.87     11.23
2001-05-02       0.6                3.99     11.77
2001-05-03       0.0                3.86     12.97
2001-05-04      0.19                2.49     14.63
2001-05-05       0.0                3.94      16.1
2001-05-06      0.35                4.43      17.8
2001-05-07      2.74                2.29     17.87
2001-05-08      0.71                4.54      18.4
2001-05-09      1.78                3.48     15.43
2001-05-10       0.0                3.98      14.0
2001-05-11      0.01                4.33     13.97
2001-05-12       0.0                 5.0     16.37
2001-05-13       0.0                 5.1      17.9
2001-05-14       0.0                 4.1      17.7
2001-05-15       0.0                2.17      14.7
2001-05-16       0.0                5.78     16.73
2001-05-17      0.03                5.24     18.67
2001-05-18       0.0                3.75     19.57
2001-05-19       0.0                4.93     22.57
2001-05-20       0.0                4.55      22.2
2001-05-21      0.04                5.77     19.77
2001-05-22      0.68                2.67      16.3
2001-05-23      0.03                5.68     18.57
2001-05-24       0.0                4.93      20.0
2001-05-25       0.0                5.04      21.7
2001-05-26       0.0                3.41     19.53
2001-05-27       0.0                5.07     19.77
2001-05-28       0.0                5.43      19.2
2001-05-29      0.03                5.58     20.67
2001-05-30      3.55                3.13     20.57
2001-05-31      1.59                4.73     17.67
2001-06-01      1.47                4.39     16.37
2001-06-02       0.0                5.18     19.87
2001-06-03       0.0                5.81     21.97
2001-06-04       0.0                4.65     23.03
2001-06-05       0.0                3.15     24.43
2001-06-06      0.01                4.42     24.47
2001-06-07       0.0                5.71     23.37
2001-06-08      2.86                6.22     25.47
2001-06-09     11.56                5.91     24.03
2001-06-10      0.05                 5.5     22.67
2001-06-11     12.75                4.85      21.7
2001-06-12       3.5                 3.6     20.93
2001-06-13      1.22                2.15      18.6
2001-06-14      0.12                4.88     18.27
2001-06-15      1.14                5.38     19.13
2001-06-16       0.0                2.68      19.2
2001-06-17      4.95                 4.1     22.43
2001-06-18     34.94                2.13      19.9
2001-06-19      5.44                2.33      19.3
2001-06-20      0.79                5.33      20.7
2001-06-21      1.65                2.95      20.2
2001-06-22       1.7                 3.0     21.63
2001-06-23      0.11                2.33     20.73
2001-06-24      5.47                 2.2      20.5
2001-06-25      0.16                4.33     22.93
2001-06-26       0.0                3.66      23.2
2001-06-27      0.03                2.82     22.27
2001-06-28      1.19                2.51     23.27
2001-06-29     37.13                2.29     23.27
2001-06-30     41.76                2.25     21.03
2001-07-01      0.33                2.68      24.2
