2003-09-01      0.07                1.76     19.87
2003-09-02      31.2                1.65     18.43
2003-09-03      0.94                1.76     20.33
2003-09-04      0.42                2.85      22.0
2003-09-05     23.17                2.15     21.97
2003-09-06      0.33                2.78     22.37
2003-09-07     29.21                1.63      20.1
2003-09-08     18.92                3.75     23.23
2003-09-09     32.73                1.59      18.2
2003-09-10       0.0                2.35     20.83
2003-09-11      0.07                1.75      20.2
2003-09-12     36.28                1.64     19.77
2003-09-13      49.5                1.68     20.33
2003-09-14      1.31                2.29     20.37
2003-09-15      0.01                 3.1      21.3
2003-09-16       0.0                2.59     21.73
2003-09-17      0.05                2.37     22.23
2003-09-18    113.99                1.43      18.1
2003-09-19      1.55                2.88     17.93
2003-09-20      0.05                3.33     17.07
2003-09-21      0.22                2.89     15.77
2003-09-22       0.0                2.94     15.47
2003-09-23       0.0                3.02     14.53
2003-09-24       0.0                2.35     14.23
2003-09-25       0.0                3.03     18.97
2003-09-26       0.0                2.86      18.6
2003-09-27       0.0                2.48      17.4
2003-09-28       0.0                1.83      17.4
2003-09-29      0.03                2.96     15.17
2003-09-30       0.0                2.17     15.13
2003-10-01      3.73                1.15     15.23
2003-10-02      0.09                1.73     13.83
2003-10-03      0.07                2.12     13.53
2003-10-04      0.03                2.06     12.73
2003-10-05       0.0                1.43     12.07
2003-10-06       0.0                1.67      12.8
2003-10-07       0.0                1.98     14.43
2003-10-08       0.0                2.11      15.5
2003-10-09       0.0                1.99     16.17
2003-10-10       0.0                 2.0     17.33
2003-10-11       0.0                2.21     16.33
2003-10-12      2.34                1.49     16.03
2003-10-13      7.71                1.09     11.33
2003-10-14      1.42                1.51     11.33
2003-10-15      0.04                1.79      9.17
2003-10-16       0.0                1.66     10.23
2003-10-17      0.35                1.59      9.93
2003-10-18       0.0                1.66     11.57
2003-10-19       0.0                1.57      9.93
2003-10-20       0.0                1.12      9.23
2003-10-21      0.05                0.92      9.07
2003-10-22      0.17                1.81     10.93
2003-10-23       0.0                1.83       6.4
2003-10-24       0.0                1.45       6.7
2003-10-25      0.11                 2.0       9.5
2003-10-26      0.18                1.42       7.5
2003-10-27      0.72                1.36      9.87
2003-10-28     13.37                2.84       8.8
2003-10-29       0.0                1.38      5.77
2003-10-30       0.0                 1.2       9.4
2003-10-31       0.0                1.41     13.13
2003-11-01       0.0                1.33      12.6
2003-11-02       0.0                 0.9      12.5
2003-11-03      0.11                1.95      10.4
2003-11-04       0.0                1.21      8.13
2003-11-05       0.0                1.14      9.27
2003-11-06       0.0                1.16     10.77
2003-11-07      8.08                0.64      8.43
2003-11-08     22.49                0.68      7.57
2003-11-09       1.6                1.17       8.4
2003-11-10      0.42                0.97       8.6
2003-11-11     13.33                 0.7      7.97
2003-11-12      8.55                0.64       7.0
2003-11-13      1.08                0.89       6.5
2003-11-14      0.06                0.64      7.27
2003-11-15      1.67                0.95      9.37
2003-11-16      0.02                1.31      3.27
2003-11-17       0.0                0.87       3.8
2003-11-18       0.0                0.72       5.8
2003-11-19      0.38                1.31      8.43
2003-11-20      6.06                0.75     10.83
2003-11-21      0.04                1.86      3.93
2003-11-22       0.0                1.24     -1.03
2003-11-23      0.15                0.65     -0.13
2003-11-24      0.06                 0.6      1.87
2003-11-25       1.6                0.81      5.83
2003-11-26      0.34                0.74       7.1
2003-11-27      4.17                1.35      7.47
2003-11-28      2.84                1.01      8.83
2003-11-29      3.13                0.77      9.43
2003-11-30      0.12                0.71      8.23
2003-12-01      0.04                0.66       6.8
2003-12-02       0.0                0.61      5.07
2003-12-03       0.0                 0.9       1.6
2003-12-04       0.0                0.61       0.4
2003-12-05      0.78                0.61      3.63
2003-12-06      3.46                1.15      1.93
2003-12-07       0.1                1.02      -5.3
2003-12-08       0.1                0.78     -2.03
2003-12-09      0.08                0.43     -4.37
2003-12-10       0.0                0.42     -3.07
2003-12-11       0.0                0.49      1.53
2003-12-12       0.0                0.44     -1.77
2003-12-13       0.0                0.55     -1.73
2003-12-14       0.0                0.31     -1.67
2003-12-15       0.0                0.87      -1.3
2003-12-16      0.12                0.57     -2.66
2003-12-17      0.56                1.05     -3.17
2003-12-18       0.0                0.56     -6.13
2003-12-19       0.0                0.93     -7.57
2003-12-20       0.0                0.45     -8.16
2003-12-21       0.0                0.45     -5.36
2003-12-22       0.0                0.55      1.37
2003-12-23       0.0                0.45      1.04
2003-12-24       0.0                0.37       1.6
2003-12-25      0.11                 1.2      0.64
2003-12-26       0.0                0.77     -5.67
2003-12-27      0.15                0.62     -4.73
2003-12-28      0.05                0.68      -2.0
2003-12-29       0.2                0.92       1.9
2003-12-30       0.0                0.33     -0.83
2003-12-31       0.0                0.82      0.64
2004-01-01      0.14                0.87     -0.23
2004-01-02      0.99                 1.0      0.73
2004-01-03       0.0                1.28      0.33
2004-01-04       0.0                0.75     -1.73
2004-01-05       0.0                0.68     -1.53
2004-01-06       0.0                0.66     -0.63
2004-01-07       0.0                0.88     -0.97
2004-01-08       0.0                 0.7     -3.07
2004-01-09       0.0                0.95     -1.27
2004-01-10       0.0                1.29     -1.17
2004-01-11      0.06                0.71      -3.1
2004-01-12      1.28                0.79      -3.6
2004-01-13      0.47                0.76     -8.76
2004-01-14      0.05                0.69      -8.7
2004-01-15      0.01                 0.6      -5.3
2004-01-16      0.13                 0.7      -3.1
2004-01-17       1.8                0.53      0.87
2004-01-18      1.53                0.55     -0.83
2004-01-19       0.0                0.78     -3.57
2004-01-20      0.03                0.83     -6.63
2004-01-21      0.17                0.97    -13.03
2004-01-22       0.0                0.88    -14.13
2004-01-23       0.0                0.83     -10.8
2004-01-24       0.0                0.82     -8.86
2004-01-25       0.0                0.69     -9.76
2004-01-26       0.0                0.75     -8.93
2004-01-27       0.0                0.85      -6.7
2004-01-28       0.0                0.88      -5.0
2004-01-29       0.0                 0.9      -1.6
2004-01-30       0.0                0.89      -0.8
2004-01-31       0.0                0.92     -1.03
2004-02-01      0.09                 1.0      0.93
2004-02-02       0.0                1.62     -1.73
2004-02-03       0.0                 1.3      -6.3
2004-02-04      0.27                1.29      -4.5
2004-02-05      0.97                1.24     -6.27
2004-02-06      0.55                1.04      -8.2
2004-02-07      0.17                1.27     -5.37
2004-02-08      0.26                1.22      -1.6
2004-02-09       0.0                0.93     -4.53
2004-02-10      0.01                1.17     -3.73
2004-02-11      0.09                0.97     -1.46
2004-02-12       0.0                1.18     -0.77
2004-02-13       0.5                1.33      -1.0
2004-02-14      4.07                 1.5       1.7
2004-02-15      0.31                1.88      1.13
2004-02-16       0.0                1.66       0.8
2004-02-17      0.02                2.11       2.3
2004-02-18       0.0                1.95       2.0
2004-02-19       0.0                2.07       5.7
2004-02-20      0.16                2.13      7.77
2004-02-21      16.3                0.87       5.2
2004-02-22     26.57                1.19      6.03
2004-02-23      1.51                1.32      0.93
2004-02-24       0.1                1.18      0.37
2004-02-25      0.29                2.19       5.7
2004-02-26      0.04                1.97      0.33
2004-02-27       0.0                1.97      0.87
2004-02-28      4.79                1.61       2.3
2004-02-29      0.06                 1.8      4.07
2004-03-01       0.0                 2.0       1.7
2004-03-02       0.0                1.71     -2.77
2004-03-03       0.0                1.33     -3.13
2004-03-04      1.83                1.39     -3.77
2004-03-05      1.87                 0.8     -2.97
2004-03-06      0.26                1.23     -5.06
2004-03-07       0.0                 1.5     -4.96
2004-03-08       0.0                1.64      -0.4
2004-03-09       0.0                2.07      5.47
2004-03-10       0.0                2.52       8.4
2004-03-11       0.0                2.89      4.97
2004-03-12       0.0                2.84       4.9
2004-03-13       0.0                2.25       4.4
2004-03-14       0.0                1.97      4.67
2004-03-15       0.0                2.13      5.53
2004-03-16      0.58                4.03     11.87
2004-03-17      6.69                2.63      7.63
2004-03-18       0.0                2.13      1.07
2004-03-19       0.0                2.04      1.63
2004-03-20      0.01                 2.3      4.53
2004-03-21       0.0                2.49       6.3
2004-03-22       0.0                 2.6       8.3
2004-03-23       0.0                2.65       6.9
2004-03-24       0.0                2.76      7.83
2004-03-25       0.0                2.28      6.53
2004-03-26       0.0                2.78      6.83
2004-03-27       0.0                3.32      7.83
2004-03-28       0.0                3.66       8.8
2004-03-29      0.38                2.47     11.03
2004-03-30      3.36                3.73      8.33
2004-03-31       0.0                 3.6      6.73
2004-04-01      1.06                2.53      7.33
