2001-03-01      1.42                0.76      2.47
2001-03-02      0.01                 0.9      3.83
2001-03-03      2.67                1.28       4.0
2001-03-04      1.08                1.44     -2.03
2001-03-05      0.19                2.23      0.73
2001-03-06       0.2                1.32      2.94
2001-03-07      0.58                1.88     -1.47
2001-03-08      0.07                1.48     -4.63
2001-03-09      2.19                 1.8     -2.53
2001-03-10      4.69                1.26     -1.97
2001-03-11      0.47                1.61     -2.33
2001-03-12      0.08                1.72     -0.17
2001-03-13       0.0                1.87      2.03
2001-03-14      0.64                1.37      5.63
2001-03-15      0.28                2.13      4.03
2001-03-16      0.01                1.95      3.87
2001-03-17       0.0                1.45       6.0
2001-03-18       0.0                2.37      6.77
2001-03-19       0.0                1.26       6.8
2001-03-20       0.0                2.66     10.44
2001-03-21       0.0                3.03      9.33
2001-03-22       0.0                3.19      10.3
2001-03-23       0.0                2.08       7.3
2001-03-24       0.0                 2.8       9.8
2001-03-25       0.0                3.07      9.73
2001-03-26      0.01                3.03       3.1
2001-03-27      0.85                1.62      1.67
2001-03-28      2.33                2.05       4.3
2001-03-29      0.05                1.87      2.63
2001-03-30      1.42                1.73      2.73
2001-03-31      0.04                 2.1      3.47
2001-04-01       0.0                 2.8      4.77
2001-04-02      0.13                1.31      5.84
2001-04-03       0.1                2.79      7.57
2001-04-04       0.0                3.48       8.2
2001-04-05       0.0                3.08      10.2
2001-04-06      0.01                2.32      7.97
2001-04-07       0.0                1.87     10.57
2001-04-08       0.0                2.53     13.37
2001-04-09       0.0                 4.0     15.53
2001-04-10       0.0                3.56      14.4
2001-04-11     10.85                1.88      10.1
2001-04-12      0.47                2.74      8.27
2001-04-13      0.69                3.27      8.17
2001-04-14      5.53                3.44      10.2
2001-04-15       0.0                3.83     13.03
2001-04-16       0.0                3.83     14.33
2001-04-17       0.0                3.97     14.23
2001-04-18       0.0                4.41     14.13
2001-04-19      0.09                3.71     14.67
2001-04-20       0.0                4.18      10.6
2001-04-21      0.09                4.47     11.67
2001-04-22      0.14                4.34      13.1
2001-04-23       0.0                4.55      14.7
2001-04-24       0.0                3.82      12.1
2001-04-25       0.0                 3.5      10.5
2001-04-26       0.0                 4.1     11.77
2001-04-27       0.0                3.93     13.33
2001-04-28       0.0                2.49     15.13
2001-04-29       0.0                4.29      16.4
2001-04-30       0.0                5.35      16.1
2001-05-01      0.15                2.87     11.23
2001-05-02       0.6                3.99     11.77
2001-05-03       0.0                3.86     12.97
2001-05-04      0.19                2.49     14.63
2001-05-05       0.0                3.94      16.1
2001-05-06      0.35                4.43      17.8
2001-05-07      2.74                2.29     17.87
2001-05-08      0.71                4.54      18.4
2001-05-09      1.78                3.48     15.43
2001-05-10       0.0                3.98      14.0
2001-05-11      0.01                4.33     13.97
2001-05-12       0.0                 5.0     16.37
2001-05-13       0.0                 5.1      17.9
2001-05-14       0.0                 4.1      17.7
2001-05-15       0.0                2.17      14.7
2001-05-16       0.0                5.78     16.73
2001-05-17      0.03                5.24     18.67
2001-05-18       0.0                3.75     19.57
2001-05-19       0.0                4.93     22.57
2001-05-20       0.0                4.55      22.2
2001-05-21      0.04                5.77     19.77
2001-05-22      0.68                2.67      16.3
2001-05-23      0.03                5.68     18.57
2001-05-24       0.0                4.93      20.0
2001-05-25       0.0                5.04      21.7
2001-05-26       0.0                3.41     19.53
2001-05-27       0.0                5.07     19.77
2001-05-28       0.0                5.43      19.2
2001-05-29      0.03                5.58     20.67
2001-05-30      3.55                3.13     20.57
2001-05-31      1.59                4.73     17.67
2001-06-01      1.47                4.39     16.37
2001-06-02       0.0                5.18     19.87
2001-06-03       0.0                5.81     21.97
2001-06-04       0.0                4.65     23.03
2001-06-05       0.0                3.15     24.43
2001-06-06      0.01                4.42     24.47
2001-06-07       0.0                5.71     23.37
2001-06-08      2.86                6.22     25.47
2001-06-09     11.56                5.91     24.03
2001-06-10      0.05                 5.5     22.67
2001-06-11     12.75                4.85      21.7
2001-06-12       3.5                 3.6     20.93
2001-06-13      1.22                2.15      18.6
2001-06-14      0.12                4.88     18.27
2001-06-15      1.14                5.38     19.13
2001-06-16       0.0                2.68      19.2
2001-06-17      4.95                 4.1     22.43
2001-06-18     34.94                2.13      19.9
2001-06-19      5.44                2.33      19.3
2001-06-20      0.79                5.33      20.7
2001-06-21      1.65                2.95      20.2
2001-06-22       1.7                 3.0     21.63
2001-06-23      0.11                2.33     20.73
2001-06-24      5.47                 2.2      20.5
2001-06-25      0.16                4.33     22.93
2001-06-26       0.0                3.66      23.2
2001-06-27      0.03                2.82     22.27
2001-06-28      1.19                2.51     23.27
2001-06-29     37.13                2.29     23.27
2001-06-30     41.76                2.25     21.03
2001-07-01      0.33                2.68      24.2
2001-07-02      0.57                3.08      25.7
2001-07-03      5.21                2.83     25.97
2001-07-04      0.05                5.41     27.43
2001-07-05      3.73                2.61     24.13
2001-07-06       0.0                5.66     23.47
2001-07-07       0.0                5.57     23.07
2001-07-08       0.0                 4.6     24.63
2001-07-09      0.09                4.72     24.43
2001-07-10      13.1                2.51     22.07
2001-07-11      7.02                3.18     24.87
2001-07-12      0.01                4.41     26.17
2001-07-13       0.0                 4.1      25.2
2001-07-14     33.31                2.37     23.53
2001-07-15    105.15                2.32      20.5
2001-07-16      0.07                5.07     21.87
2001-07-17       0.0                6.01      22.3
2001-07-18       0.0                4.92     22.83
2001-07-19      0.09                4.95     24.47
2001-07-20      0.86                3.65     25.53
2001-07-21     12.15                2.52      26.5
2001-07-22     38.45                2.84      26.2
2001-07-23     39.82                2.78     25.33
2001-07-24      0.67                2.55      25.1
2001-07-25       0.0                3.82     27.27
2001-07-26      0.34                3.14     26.73
2001-07-27       0.0                3.19      26.9
2001-07-28      5.94                2.89      26.6
2001-07-29     32.27                 2.3     25.07
2001-07-30      47.1                2.29     24.53
2001-07-31      82.8                2.44     24.93
2001-08-01      22.4                3.43      26.8
2001-08-02      1.48                4.37     27.53
2001-08-03      3.19                5.03     28.57
2001-08-04      0.01                4.91     28.13
2001-08-05      0.05                4.14     26.53
2001-08-06      0.12                4.04     26.63
2001-08-07     16.46                2.97      27.8
2001-08-08      9.95                3.92     27.37
2001-08-09      0.17                 4.7     23.57
2001-08-10      0.43                4.84      24.2
2001-08-11       0.0                3.26     22.93
2001-08-12       0.6                3.06     21.27
2001-08-13      13.6                 2.2     19.77
2001-08-14      7.27                2.28     23.93
2001-08-15      4.81                2.41     25.13
2001-08-16       0.0                4.66     27.47
2001-08-17       0.0                5.34      26.2
2001-08-18      0.73                4.79      24.3
2001-08-19      0.09                4.94     24.43
2001-08-20       0.0                5.22      24.5
2001-08-21       0.2                4.26     26.13
2001-08-22       0.0                4.42     25.43
2001-08-23       0.0                4.13      24.4
2001-08-24       0.0                4.37     24.03
2001-08-25       0.0                2.35     22.63
2001-08-26      0.03                4.83     22.37
2001-08-27       0.0                4.95     21.43
2001-08-28       0.0                4.53      21.4
2001-08-29      3.52                3.83      22.2
2001-08-30      0.09                4.18     21.53
2001-08-31      0.05                4.24     21.97
2001-09-01       0.0                4.64      21.7
2001-09-02      0.95                4.93     21.23
2001-09-03      0.87                4.04      22.9
2001-09-04       0.0                3.15      23.1
2001-09-05      0.06                3.82     23.77
2001-09-06      8.18                2.81     22.63
2001-09-07      1.13                3.27     20.83
2001-09-08      2.36                2.77      21.5
2001-09-09      6.04                2.72     21.87
2001-09-10      6.51                3.32     20.43
2001-09-11      2.22                4.01      19.2
2001-09-12       0.0                 3.9     18.83
2001-09-13       0.0                4.25      18.0
2001-09-14       0.0                2.99     16.83
2001-09-15       0.0                 4.2     19.13
2001-09-16       0.0                3.94     19.03
2001-09-17       0.0                1.92      18.7
2001-09-18       0.0                3.28     20.87
2001-09-19       0.0                2.65      18.4
2001-09-20      1.05                1.86     19.13
2001-09-21      1.02                2.81     12.37
2001-09-22       0.0                3.05     13.53
2001-09-23      0.07                2.94     15.67
2001-09-24      0.06                2.13     17.23
2001-09-25      0.53                2.75     16.63
2001-09-26       0.0                2.83     17.17
2001-09-27      0.48                2.99      18.5
2001-09-28      0.25                3.41     15.17
2001-09-29      0.84                2.16     16.63
2001-09-30     16.85                1.28      14.1
2001-10-01      22.0                1.14     13.57
