2008-08-01       0.0                 3.3     24.66
2008-08-02     31.74                2.31      24.1
2008-08-03     49.94                 2.2     15.06
2008-08-04      0.04                4.22     24.86
2008-08-05       0.0                4.54      25.9
2008-08-06       0.0                4.89     25.87
2008-08-07       0.0                5.25      23.8
2008-08-08       0.0                5.51     26.73
2008-08-09      3.67                4.37     26.63
2008-08-10      0.66                 4.7     27.77
2008-08-11      1.43                4.37     26.83
2008-08-12     39.99                2.03     23.63
2008-08-13      6.22                3.42      26.8
2008-08-14     19.89                3.17     25.44
2008-08-15       1.1                0.68     15.33
2008-08-16     11.02                2.55      21.5
2008-08-17      0.13                3.63      21.3
2008-08-18     44.23                2.23      21.9
2008-08-19      0.61                3.48     21.64
2008-08-20      0.11                3.14     20.07
2008-08-21      0.04                2.55      11.1
2008-08-22     64.87                1.61      16.3
2008-08-23       4.7                2.02      18.9
2008-08-24      0.04                3.72     20.97
2008-08-25      0.02                4.07     22.27
2008-08-26      0.03                3.86      20.4
2008-08-27      1.03                3.06     20.43
2008-08-28       0.0                3.84     21.63
2008-08-29       0.0                3.93     22.46
2008-08-30       0.0                4.19      22.1
2008-08-31       0.0                4.07      21.4
2008-09-01     39.07                1.74     18.13
2008-09-02     20.01                2.08      19.4
2008-09-03       0.0                3.22     20.56
2008-09-04       0.0                2.92     21.07
2008-09-05      0.03                2.03     19.57
2008-09-06      0.07                3.32     21.43
2008-09-07       0.0                3.55     21.17
2008-09-08       0.0                3.45      21.5
2008-09-09       0.0                3.59      21.4
2008-09-10       0.0                3.52     22.07
2008-09-11       0.0                2.32      20.2
2008-09-12       0.0                3.32      21.5
2008-09-13       0.0                3.65      21.1
2008-09-14       0.0                3.53      21.9
2008-09-15       0.0                1.71      12.2
2008-09-16       0.0                 3.4     22.57
2008-09-17       0.0                3.62     22.17
2008-09-18       0.0                3.61      22.7
2008-09-19       0.0                3.33      21.0
2008-09-20      3.78                2.39     21.23
2008-09-21      0.04                3.49     22.03
2008-09-22      0.91                1.73     20.23
2008-09-23      0.65                 1.8      19.6
2008-09-24      0.12                1.55     18.33
2008-09-25      6.49                1.95      16.4
2008-09-26       0.0                2.46      11.6
2008-09-27       0.0                2.43     11.67
2008-09-28       0.0                1.84      13.2
2008-09-29       0.0                2.53     14.97
2008-09-30       0.0                2.13     14.86
2008-10-01      0.02                2.26     15.77
2008-10-02      0.02                2.35      15.8
2008-10-03       0.0                2.51      18.4
2008-10-04       0.0                2.31     17.34
2008-10-05      0.18                2.29     19.03
2008-10-06      0.33                2.27      17.4
2008-10-07      2.86                1.24     13.97
2008-10-08      0.07                1.94      15.4
2008-10-09       0.0                2.39     17.47
2008-10-10       0.0                2.01     15.47
2008-10-11       0.0                2.08     11.04
2008-10-12       0.0                2.16      12.1
2008-10-13       0.0                2.19      13.1
2008-10-14       0.0                2.18     13.94
2008-10-15       0.0                2.04     14.14
2008-10-16       0.0                1.98     16.23
2008-10-17       0.0                2.02      16.5
2008-10-18       0.0                2.18     17.17
2008-10-19       0.0                 1.6      15.4
2008-10-20       0.0                2.32      16.9
2008-10-21      0.31                 2.1     17.03
2008-10-22      6.31                1.21     16.17
2008-10-23      4.76                1.18     16.57
2008-10-24      0.16                3.22     11.87
2008-10-25      6.78                0.77      3.87
2008-10-26      0.25                2.34      9.57
2008-10-27      0.03                 1.1      3.07
2008-10-28       0.0                 1.7      7.67
2008-10-29       0.0                1.61      9.17
2008-10-30       0.0                1.41       6.2
2008-10-31      5.34                0.83       6.9
2008-11-01      0.01                 1.5       8.2
2008-11-02       0.0                2.97     12.77
2008-11-03       0.0                2.17      9.44
2008-11-04       0.0                1.48       6.0
2008-11-05       0.0                1.85      7.77
2008-11-06       0.0                1.87     14.13
2008-11-07       0.0                1.31     10.97
2008-11-08      0.19                1.32       8.8
2008-11-09      1.94                0.84       6.9
2008-11-10      0.23                1.12       7.0
2008-11-11       0.0                1.18       6.9
2008-11-12       0.0                1.22      7.17
2008-11-13       0.0                1.12       7.3
2008-11-14       0.0                0.71      3.43
2008-11-15      2.23                0.62       6.2
2008-11-16      0.07                0.98       5.6
2008-11-17      0.05                1.06      0.57
2008-11-18       0.0                1.48     -3.07
2008-11-19       0.0                 1.1     -5.33
2008-11-20      0.16                0.87     -2.63
2008-11-21      0.18                1.28       0.7
2008-11-22       0.0                0.98       0.8
2008-11-23       0.0                0.94      4.64
2008-11-24       0.0                0.93      5.27
2008-11-25      0.03                0.67       3.5
2008-11-26       0.0                0.82      3.33
2008-11-27      3.38                0.47      2.17
2008-11-28      6.34                0.68      4.37
2008-11-29      2.45                1.18      1.67
2008-11-30      0.01                 0.8     -0.33
2008-12-01      0.21                 0.9      4.44
2008-12-02      0.06                1.19       5.0
2008-12-03       0.0                 0.8      3.93
2008-12-04       3.2                0.89      3.64
2008-12-05      0.06                1.56     -6.17
2008-12-06       0.0                 0.9     -10.2
2008-12-07      0.06                0.52      -6.3
2008-12-08      3.01                0.61       2.4
2008-12-09      0.91                 0.8      4.27
2008-12-10       0.0                0.59      5.67
2008-12-11      5.57                 1.2      2.44
2008-12-12       0.0                0.97       3.0
2008-12-13       0.0                0.66      1.73
2008-12-14       0.0                0.77     -2.37
2008-12-15       0.0                0.69      -1.2
2008-12-16       0.0                0.68     -0.16
2008-12-17      2.04                0.74       3.5
2008-12-18       0.0                 0.7      -0.1
2008-12-19       0.0                0.77      -2.1
2008-12-20      5.04                0.62      1.73
2008-12-21      3.49                0.44     -0.17
2008-12-22      3.03                 0.7     -4.13
2008-12-23      0.13                0.67     -3.97
2008-12-24       0.1                0.62     -1.17
2008-12-25       0.0                1.24      -2.1
2008-12-26       0.0                 0.6     -7.37
2008-12-27       0.0                0.64     -6.46
2008-12-28      0.02                0.56      -2.1
2008-12-29       0.0                0.81     -1.23
2008-12-30       0.0                1.05     -4.87
2008-12-31       0.0                0.64     -7.23
2009-01-01       0.0                0.56     -7.46
2009-01-02       0.0                0.61     -6.06
2009-01-03       0.0                 0.6      -4.8
2009-01-04       0.0                0.57     -2.47
2009-01-05       0.0                0.65      -4.2
2009-01-06       0.0                0.56     -4.66
2009-01-07       0.0                0.58      -3.2
2009-01-08       0.0                0.63     -2.83
2009-01-09       0.0                0.67     -5.26
2009-01-10       0.0                0.68     -8.73
2009-01-11       0.0                 0.9     -9.83
2009-01-12       0.0                0.71      -9.4
2009-01-13       0.0                0.61     -9.06
2009-01-14       0.0                0.75     -8.83
2009-01-15       0.0                 0.7     -9.96
2009-01-16      0.02                0.59      -5.2
2009-01-17       0.0                0.59     -4.03
2009-01-18      0.03                0.55      -2.2
2009-01-19      0.07                 1.2     -1.33
2009-01-20       0.0                0.81     -0.47
2009-01-21       0.0                0.87       1.3
2009-01-22       0.0                1.12      0.84
2009-01-23       0.0                1.95     -4.16
2009-01-24      0.02                 0.8    -10.03
2009-01-25      0.02                0.88      -7.6
2009-01-26      0.22                0.93     -5.57
2009-01-27       0.0                0.72      -5.9
2009-01-28       0.0                0.83     -3.23
2009-01-29       0.0                0.69      -0.9
2009-01-30      0.52                0.75       0.4
2009-01-31      1.06                 0.8      1.17
2009-02-01       0.0                 0.9      1.67
2009-02-02       0.0                0.93      2.07
2009-02-03       0.0                1.08       3.2
2009-02-04       0.0                1.11       3.7
2009-02-05       0.0                0.88      2.03
2009-02-06       0.0                0.78       1.0
2009-02-07       0.0                1.08       1.6
2009-02-08       0.0                1.19      2.73
2009-02-09       0.0                1.54      4.34
2009-02-10       0.0                 1.0      1.47
2009-02-11       0.0                1.19       3.3
2009-02-12      0.76                0.96       2.7
2009-02-13     21.45                 1.1       9.2
2009-02-14       0.0                1.14      4.27
2009-02-15      0.17                1.37     -2.27
2009-02-16       0.0                1.44     -5.73
2009-02-17       0.0                1.21      -6.3
2009-02-18       0.0                1.34     -3.27
2009-02-19       0.0                1.14      0.03
2009-02-20      0.08                1.42     -2.63
2009-02-21       0.0                1.42     -4.16
2009-02-22       0.0                1.08       1.4
2009-02-23       0.1                1.25      2.93
2009-02-24      0.23                1.14      4.67
2009-02-25      0.13                1.56      4.37
2009-02-26       0.0                1.58       2.5
2009-02-27       0.0                 1.8      3.23
2009-02-28      0.06                1.88      3.17
2009-03-01       0.0                1.91       2.0
