2004-02-01      0.09                 1.0      0.93
2004-02-02       0.0                1.62     -1.73
2004-02-03       0.0                 1.3      -6.3
2004-02-04      0.27                1.29      -4.5
2004-02-05      0.97                1.24     -6.27
2004-02-06      0.55                1.04      -8.2
2004-02-07      0.17                1.27     -5.37
2004-02-08      0.26                1.22      -1.6
2004-02-09       0.0                0.93     -4.53
2004-02-10      0.01                1.17     -3.73
2004-02-11      0.09                0.97     -1.46
2004-02-12       0.0                1.18     -0.77
2004-02-13       0.5                1.33      -1.0
2004-02-14      4.07                 1.5       1.7
2004-02-15      0.31                1.88      1.13
2004-02-16       0.0                1.66       0.8
2004-02-17      0.02                2.11       2.3
2004-02-18       0.0                1.95       2.0
2004-02-19       0.0                2.07       5.7
2004-02-20      0.16                2.13      7.77
2004-02-21      16.3                0.87       5.2
2004-02-22     26.57                1.19      6.03
2004-02-23      1.51                1.32      0.93
2004-02-24       0.1                1.18      0.37
2004-02-25      0.29                2.19       5.7
2004-02-26      0.04                1.97      0.33
2004-02-27       0.0                1.97      0.87
2004-02-28      4.79                1.61       2.3
2004-02-29      0.06                 1.8      4.07
2004-03-01       0.0                 2.0       1.7
2004-03-02       0.0                1.71     -2.77
2004-03-03       0.0                1.33     -3.13
2004-03-04      1.83                1.39     -3.77
2004-03-05      1.87                 0.8     -2.97
2004-03-06      0.26                1.23     -5.06
2004-03-07       0.0                 1.5     -4.96
2004-03-08       0.0                1.64      -0.4
2004-03-09       0.0                2.07      5.47
2004-03-10       0.0                2.52       8.4
2004-03-11       0.0                2.89      4.97
2004-03-12       0.0                2.84       4.9
2004-03-13       0.0                2.25       4.4
2004-03-14       0.0                1.97      4.67
2004-03-15       0.0                2.13      5.53
2004-03-16      0.58                4.03     11.87
2004-03-17      6.69                2.63      7.63
2004-03-18       0.0                2.13      1.07
2004-03-19       0.0                2.04      1.63
2004-03-20      0.01                 2.3      4.53
2004-03-21       0.0                2.49       6.3
2004-03-22       0.0                 2.6       8.3
2004-03-23       0.0                2.65       6.9
2004-03-24       0.0                2.76      7.83
2004-03-25       0.0                2.28      6.53
2004-03-26       0.0                2.78      6.83
2004-03-27       0.0                3.32      7.83
2004-03-28       0.0                3.66       8.8
2004-03-29      0.38                2.47     11.03
2004-03-30      3.36                3.73      8.33
2004-03-31       0.0                 3.6      6.73
2004-04-01      1.06                2.53      7.33
2004-04-02      3.04                1.81      5.33
2004-04-03      0.14                2.03      4.73
2004-04-04      0.04                2.68      4.87
2004-04-05       0.0                3.93       7.9
2004-04-06      0.11                1.95      7.94
2004-04-07      0.39                2.56       8.5
2004-04-08       0.0                4.05       7.9
2004-04-09       0.0                4.31      12.0
2004-04-10       0.0                4.14     13.63
2004-04-11       0.0                4.09     14.47
2004-04-12       0.0                 3.9     13.63
2004-04-13       0.0                3.98      13.1
2004-04-14       0.0                3.99      14.2
2004-04-15       0.0                4.35     12.63
2004-04-16       0.0                5.68     16.17
2004-04-17       0.0                4.63     16.43
2004-04-18      0.09                4.45     17.07
2004-04-19     11.64                 1.7      14.9
2004-04-20      0.05                4.42     16.33
2004-04-21      0.17                3.75     15.67
2004-04-22      5.55                2.34      13.9
2004-04-23       0.0                3.63     10.13
2004-04-24       0.0                3.96       9.6
2004-04-25      0.35                4.91      11.2
2004-04-26     31.33                2.28      8.93
2004-04-27     26.97                1.45      4.57
2004-04-28      0.01                3.77     10.23
2004-04-29       0.0                5.01     13.07
2004-04-30       0.0                 3.9     13.87
2004-05-01       0.0                3.67     12.27
2004-05-02      0.61                2.82     13.97
2004-05-03     10.09                1.92     15.37
2004-05-04      2.65                4.09     14.07
2004-05-05       0.0                4.81     13.04
2004-05-06       0.0                5.61      15.2
2004-05-07       0.0                4.31     13.33
2004-05-08      0.11                 2.7     13.83
2004-05-09     21.78                 1.7      13.4
2004-05-10      0.86                2.09     15.13
2004-05-11       0.0                3.62      18.0
2004-05-12     10.41                1.83      14.8
2004-05-13      1.28                 3.1     16.17
2004-05-14       0.0                4.09     18.03
2004-05-15      0.13                2.14     15.67
2004-05-16       0.0                3.87     17.03
2004-05-17      0.42                2.92      15.0
2004-05-18      1.58                3.42      16.2
2004-05-19      0.01                5.71     20.67
2004-05-20     10.34                4.15      20.2
2004-05-21      13.9                3.46     15.13
2004-05-22      0.69                4.24     14.47
2004-05-23       0.0                3.87     14.23
2004-05-24       0.0                3.93     15.93
2004-05-25       0.0                5.06      17.6
2004-05-26       0.0                 3.3     17.27
2004-05-27      1.35                3.84     18.53
2004-05-28      40.0                2.09      18.7
2004-05-29       0.0                4.22     20.73
2004-05-30       0.0                3.66     20.63
2004-05-31       0.1                4.95     18.23
2004-06-01       0.0                 5.0      17.7
2004-06-02       0.0                 5.1     20.03
2004-06-03       0.0                5.59     22.47
2004-06-04       0.0                5.32      22.4
2004-06-05       0.0                4.21      20.9
2004-06-06       0.0                3.11      19.3
2004-06-07       0.0                2.64     18.83
2004-06-08      4.75                2.88     17.87
2004-06-09      0.01                4.97     20.27
2004-06-10      0.24                5.26     20.53
2004-06-11       0.0                5.16      21.4
2004-06-12      0.23                 5.6      19.0
2004-06-13      0.17                5.51     19.07
2004-06-14       0.0                5.65     21.57
2004-06-15       0.0                5.65     22.13
2004-06-16      0.15                5.34     22.87
2004-06-17      6.48                2.32     18.53
2004-06-18      1.94                 2.7     20.27
2004-06-19      46.2                2.58     20.77
2004-06-20     38.71                1.97     19.63
2004-06-21      15.8                2.58      20.5
2004-06-22      2.45                3.31     21.47
2004-06-23      6.35                3.37      22.5
2004-06-24      3.76                3.91      23.9
2004-06-25      0.57                 4.4     22.47
2004-06-26      4.41                4.06     22.93
2004-06-27      11.7                3.96      23.7
2004-06-28      0.03                4.11     23.53
2004-06-29      0.11                3.52     23.13
2004-06-30      0.06                4.52     23.17
2004-07-01      2.36                2.17      19.7
2004-07-02     46.86                2.03      20.5
2004-07-03      2.57                3.33     23.83
2004-07-04     46.58                2.04     20.57
2004-07-05       8.9                2.77      22.0
2004-07-06      3.46                3.55     24.43
2004-07-07     46.83                1.99      20.6
2004-07-08     11.91                1.92      19.5
2004-07-09      0.65                4.26     23.33
2004-07-10      0.17                4.11     23.27
2004-07-11      4.74                3.59     22.97
2004-07-12     130.8                1.86     19.37
2004-07-13     59.85                 2.0      18.9
2004-07-14      8.08                3.17      21.7
2004-07-15     12.24                2.24     22.63
2004-07-16     53.97                2.75     23.37
2004-07-17      45.1                2.36     23.03
2004-07-18      0.34                 2.7     23.93
2004-07-19      0.64                3.76      26.7
2004-07-20      1.29                3.47     26.23
2004-07-21      0.05                4.43     27.97
2004-07-22      0.05                5.11      28.7
2004-07-23      0.05                5.72     28.33
2004-07-24       0.0                4.63     26.63
2004-07-25      7.35                 3.1     24.07
2004-07-26      7.15                3.06     24.63
2004-07-27      0.05                3.27      25.5
2004-07-28      0.17                4.92     27.23
2004-07-29       0.4                4.74     27.57
2004-07-30       0.0                5.12     27.87
2004-07-31      0.28                5.31     28.23
2004-08-01      5.48                3.65     24.13
2004-08-02      1.32                4.34     25.43
2004-08-03      1.36                4.25     26.57
2004-08-04      2.52                4.98     27.87
2004-08-05     21.44                3.21     26.17
2004-08-06      0.08                4.67      26.9
2004-08-07       0.0                4.96     27.53
2004-08-08     10.51                3.86     26.47
2004-08-09      0.05                4.43      26.6
2004-08-10       0.0                5.07     27.17
2004-08-11       0.0                5.41     25.77
2004-08-12      0.31                4.98     24.97
2004-08-13      0.62                3.72      25.5
2004-08-14     16.54                1.98     20.97
2004-08-15      0.08                4.33      23.6
2004-08-16     30.31                3.46     23.53
2004-08-17     53.31                1.99     21.37
2004-08-18     67.35                1.96      21.6
2004-08-19     43.08                2.01      19.0
2004-08-20      0.72                3.77      21.2
2004-08-21       0.0                2.79     20.43
2004-08-22      0.29                2.74      20.8
2004-08-23      2.21                 2.0      17.8
2004-08-24       0.0                3.79      20.8
2004-08-25       0.0                 3.2     21.73
2004-08-26      0.05                3.37     22.53
2004-08-27       0.0                3.15      22.1
2004-08-28       0.0                2.96      20.4
2004-08-29       0.0                3.55     21.97
2004-08-30      1.33                2.51     21.87
2004-08-31      0.07                4.56     22.43
2004-09-01       0.0                4.46     22.23
