2005-08-01     27.33                2.65     24.67
2005-08-02      2.45                3.75     25.43
2005-08-03     34.53                2.63     24.27
2005-08-04      0.25                4.67     27.37
2005-08-05      0.67                4.84     29.17
2005-08-06      7.78                4.35     28.13
2005-08-07      2.75                 3.3     26.43
2005-08-08       0.3                 2.9      26.0
2005-08-09      2.97                3.74     26.53
2005-08-10      6.76                3.35     25.67
2005-08-11     24.44                2.24     23.83
2005-08-12     16.22                2.26     24.37
2005-08-13      0.12                 4.5     27.43
2005-08-14       0.0                4.77      27.2
2005-08-15       0.1                 4.3      27.6
2005-08-16       0.0                4.34     28.47
2005-08-17      4.14                4.18     28.13
2005-08-18      4.54                3.83     26.23
2005-08-19     39.31                2.01     19.47
2005-08-20      3.36                3.08     19.83
2005-08-21      1.18                3.25      21.0
2005-08-22     10.33                2.83     19.17
2005-08-23      0.78                4.42     19.27
2005-08-24      8.64                2.99      18.9
2005-08-25     46.51                 1.8     17.03
2005-08-26      0.79                3.83      21.0
2005-08-27      0.09                3.79     22.43
2005-08-28       0.0                 3.4     21.97
2005-08-29       0.0                3.73     23.23
2005-08-30       0.0                2.81      23.1
2005-08-31       0.0                3.83     25.23
2005-09-01      2.21                3.77     25.47
2005-09-02      16.0                2.03      23.4
2005-09-03      0.08                2.54      20.5
2005-09-04      0.04                2.87     19.33
2005-09-05       0.0                 4.1      19.1
2005-09-06     11.22                3.05     18.83
2005-09-07      5.79                2.82     19.97
2005-09-08      0.11                3.55      21.9
2005-09-09      0.96                1.72      20.0
2005-09-10      0.22                3.51     23.43
2005-09-11      0.05                3.62     24.57
2005-09-12       0.0                 3.5     24.53
2005-09-13     55.17                1.97     18.93
2005-09-14      0.66                1.88      17.0
2005-09-15      0.61                3.39      18.4
2005-09-16       0.1                3.05      20.0
2005-09-17     25.75                1.71     20.87
2005-09-18      4.29                3.37      22.9
2005-09-19      0.02                1.68     19.93
2005-09-20      1.41                2.97     19.03
2005-09-21      41.6                1.59     15.53
2005-09-22      4.67                1.38      16.0
2005-09-23      0.11                2.41      18.3
2005-09-24      0.69                 2.6     19.17
2005-09-25      0.03                2.93      18.0
2005-09-26       0.0                2.94      18.2
2005-09-27       0.0                2.84     18.47
2005-09-28       0.0                2.88     18.77
2005-09-29      0.08                2.44      18.3
2005-09-30     29.21                1.28     16.77
2005-10-01     16.06                1.42     20.37
2005-10-02       0.0                2.63     18.63
2005-10-03       0.0                2.06     16.73
2005-10-04       0.0                2.61      15.2
2005-10-05       0.0                2.32     15.13
2005-10-06       0.0                2.35     15.57
2005-10-07     13.32                1.08      13.0
2005-10-08      0.26                1.85      15.2
2005-10-09      0.02                2.33     15.73
2005-10-10       0.0                2.24      15.7
2005-10-11       0.0                2.36      15.2
2005-10-12       0.0                 2.5     15.67
2005-10-13       0.0                1.95     15.27
2005-10-14       0.0                2.59     14.17
2005-10-15      2.05                2.34     12.17
2005-10-16       0.0                2.17     12.43
2005-10-17       0.0                1.99     12.67
2005-10-18      0.42                1.97      14.0
2005-10-19      0.53                1.87      14.3
2005-10-20       0.0                1.89      14.6
2005-10-21      7.81                0.98      8.77
2005-10-22      0.82                1.53      6.23
2005-10-23       0.0                1.75      7.03
2005-10-24       0.0                1.68       9.1
2005-10-25       0.0                1.58     11.47
2005-10-26       0.0                1.69      13.0
2005-10-27       0.0                1.58      13.2
2005-10-28      0.07                1.97      11.8
2005-10-29       0.0                1.89       8.2
2005-10-30      0.02                1.28       7.9
2005-10-31       0.0                1.56      7.87
2005-11-01      0.02                1.63      8.73
2005-11-02       0.0                1.29     10.43
2005-11-03       0.0                1.56      13.6
2005-11-04       0.0                1.12     13.23
2005-11-05      0.31                1.48     14.03
2005-11-06     25.05                1.56      14.5
2005-11-07      2.14                2.11       8.3
2005-11-08      0.76                 2.3       6.8
2005-11-09      0.01                1.61      6.83
2005-11-10      0.61                 1.2       9.3
2005-11-11      0.01                1.06      8.53
2005-11-12       0.0                1.37      6.23
2005-11-13       0.0                1.02       6.8
2005-11-14       0.0                1.11      4.73
2005-11-15       0.0                1.02      1.87
2005-11-16       0.0                1.01      1.47
2005-11-17       0.0                1.12      0.77
2005-11-18       0.0                1.03      1.13
2005-11-19       0.0                0.92      0.43
2005-11-20       0.0                1.08       0.8
2005-11-21       0.0                1.27      3.84
2005-11-22       0.0                1.04       2.2
2005-11-23       0.0                1.57       5.4
2005-11-24       0.0                1.22       5.4
2005-11-25       0.0                1.19      4.57
2005-11-26      0.15                0.91      4.64
2005-11-27      0.17                0.85      6.37
2005-11-28      4.95                1.21      6.04
2005-11-29      0.52                1.39       2.9
2005-11-30      0.22                0.84       1.5
2005-12-01      0.55                0.56       0.0
2005-12-02       0.0                0.79      0.43
2005-12-03      0.02                 1.2      -2.0
2005-12-04      0.17                0.91     -5.23
2005-12-05      0.15                0.68     -6.66
2005-12-06      0.04                0.75     -4.26
2005-12-07       0.0                0.75     -3.87
2005-12-08       0.0                0.92     -4.03
2005-12-09       0.0                0.94      -4.6
2005-12-10       0.0                1.32     -2.47
2005-12-11       0.0                0.77     -7.57
2005-12-12       0.0                0.98     -8.63
2005-12-13       0.0                0.78     -10.3
2005-12-14       0.0                0.72     -8.67
2005-12-15       0.0                0.87     -7.43
2005-12-16      0.03                0.97      -5.5
2005-12-17       0.0                0.88    -10.37
2005-12-18      0.01                0.71     -10.2
2005-12-19       0.0                0.54      -7.0
2005-12-20       0.0                0.75      -6.5
2005-12-21      0.24                 0.8     -7.03
2005-12-22       0.0                0.83     -9.03
2005-12-23      0.39                 0.8      -4.8
2005-12-24      0.01                0.75     -7.93
2005-12-25      1.19                1.16     -3.63
2005-12-26       0.0                0.66     -9.43
2005-12-27      0.04                0.66     -9.63
2005-12-28       0.0                0.61     -8.73
2005-12-29      0.04                0.54     -6.73
2005-12-30      0.36                0.77      -1.9
2005-12-31      0.02                0.57      -1.8
2006-01-01       0.0                0.52     -1.83
2006-01-02       0.1                1.01     -1.57
2006-01-03       0.0                0.61      -3.3
2006-01-04       0.0                0.84     -6.23
2006-01-05       0.0                0.74     -7.53
2006-01-06       0.0                0.67    -10.23
2006-01-07       0.0                0.65    -10.33
2006-01-08       0.0                0.68     -8.13
2006-01-09       0.0                0.64      -6.2
2006-01-10      0.05                0.69      -3.2
2006-01-11       0.0                0.53     -4.97
2006-01-12      2.23                0.77     -3.43
2006-01-13     18.83                0.39       0.7
2006-01-14      0.52                0.58      1.13
2006-01-15      0.09                0.68       1.8
2006-01-16      0.01                0.56     -0.47
2006-01-17       0.0                0.66     -1.33
2006-01-18       0.0                 0.7     -1.13
2006-01-19       0.0                0.83     -1.33
2006-01-20       0.0                0.72      -0.4
2006-01-21       0.0                0.69     -0.87
2006-01-22       0.0                0.87     -4.43
2006-01-23       0.0                0.85     -6.23
2006-01-24       0.0                0.73      -5.4
2006-01-25       0.0                0.84     -4.73
2006-01-26       0.0                0.91     -2.37
2006-01-27       0.0                1.23     -0.07
2006-01-28       0.0                0.77     -1.47
2006-01-29      0.04                0.98       0.3
2006-01-30      0.22                 1.1       4.5
2006-01-31      5.35                0.65      1.53
2006-02-01      4.11                0.51      -0.8
2006-02-02       0.0                0.36     -4.13
2006-02-03       0.0                0.93     -10.0
2006-02-04       0.0                0.87    -10.46
2006-02-05      0.08                0.81      -8.9
2006-02-06      0.14                0.97     -3.03
2006-02-07      3.54                0.69     -0.77
2006-02-08      0.54                0.82     -7.83
2006-02-09       0.1                 1.0      -8.7
2006-02-10      0.15                1.37     -0.37
2006-02-11       0.0                1.26     -0.53
2006-02-12      0.01                1.38      -3.4
2006-02-13      0.09                2.34       3.4
2006-02-14       2.7                0.84      5.27
2006-02-15      0.06                0.78      1.97
2006-02-16       0.0                1.26      2.13
2006-02-17      0.04                 1.5      -4.4
2006-02-18       0.0                1.48      -2.5
2006-02-19       0.0                1.45       1.5
2006-02-20       0.0                1.57      2.17
2006-02-21       0.0                1.63       3.1
2006-02-22       0.0                1.32      2.83
2006-02-23       0.0                1.73      0.43
2006-02-24      0.06                1.55       1.9
2006-02-25       0.0                1.32      2.13
2006-02-26       0.0                1.75      1.67
2006-02-27      0.01                1.39     -0.87
2006-02-28      0.49                1.01      0.93
2006-03-01      2.72                1.08     -0.07
