2003-12-01      0.04                0.66       6.8
2003-12-02       0.0                0.61      5.07
2003-12-03       0.0                 0.9       1.6
2003-12-04       0.0                0.61       0.4
2003-12-05      0.78                0.61      3.63
2003-12-06      3.46                1.15      1.93
2003-12-07       0.1                1.02      -5.3
2003-12-08       0.1                0.78     -2.03
2003-12-09      0.08                0.43     -4.37
2003-12-10       0.0                0.42     -3.07
2003-12-11       0.0                0.49      1.53
2003-12-12       0.0                0.44     -1.77
2003-12-13       0.0                0.55     -1.73
2003-12-14       0.0                0.31     -1.67
2003-12-15       0.0                0.87      -1.3
2003-12-16      0.12                0.57     -2.66
2003-12-17      0.56                1.05     -3.17
2003-12-18       0.0                0.56     -6.13
2003-12-19       0.0                0.93     -7.57
2003-12-20       0.0                0.45     -8.16
2003-12-21       0.0                0.45     -5.36
2003-12-22       0.0                0.55      1.37
2003-12-23       0.0                0.45      1.04
2003-12-24       0.0                0.37       1.6
2003-12-25      0.11                 1.2      0.64
2003-12-26       0.0                0.77     -5.67
2003-12-27      0.15                0.62     -4.73
2003-12-28      0.05                0.68      -2.0
2003-12-29       0.2                0.92       1.9
2003-12-30       0.0                0.33     -0.83
2003-12-31       0.0                0.82      0.64
2004-01-01      0.14                0.87     -0.23
2004-01-02      0.99                 1.0      0.73
2004-01-03       0.0                1.28      0.33
2004-01-04       0.0                0.75     -1.73
2004-01-05       0.0                0.68     -1.53
2004-01-06       0.0                0.66     -0.63
2004-01-07       0.0                0.88     -0.97
2004-01-08       0.0                 0.7     -3.07
2004-01-09       0.0                0.95     -1.27
2004-01-10       0.0                1.29     -1.17
2004-01-11      0.06                0.71      -3.1
2004-01-12      1.28                0.79      -3.6
2004-01-13      0.47                0.76     -8.76
2004-01-14      0.05                0.69      -8.7
2004-01-15      0.01                 0.6      -5.3
2004-01-16      0.13                 0.7      -3.1
2004-01-17       1.8                0.53      0.87
2004-01-18      1.53                0.55     -0.83
2004-01-19       0.0                0.78     -3.57
2004-01-20      0.03                0.83     -6.63
2004-01-21      0.17                0.97    -13.03
2004-01-22       0.0                0.88    -14.13
2004-01-23       0.0                0.83     -10.8
2004-01-24       0.0                0.82     -8.86
2004-01-25       0.0                0.69     -9.76
2004-01-26       0.0                0.75     -8.93
2004-01-27       0.0                0.85      -6.7
2004-01-28       0.0                0.88      -5.0
2004-01-29       0.0                 0.9      -1.6
2004-01-30       0.0                0.89      -0.8
2004-01-31       0.0                0.92     -1.03
2004-02-01      0.09                 1.0      0.93
2004-02-02       0.0                1.62     -1.73
2004-02-03       0.0                 1.3      -6.3
2004-02-04      0.27                1.29      -4.5
2004-02-05      0.97                1.24     -6.27
2004-02-06      0.55                1.04      -8.2
2004-02-07      0.17                1.27     -5.37
2004-02-08      0.26                1.22      -1.6
2004-02-09       0.0                0.93     -4.53
2004-02-10      0.01                1.17     -3.73
2004-02-11      0.09                0.97     -1.46
2004-02-12       0.0                1.18     -0.77
2004-02-13       0.5                1.33      -1.0
2004-02-14      4.07                 1.5       1.7
2004-02-15      0.31                1.88      1.13
2004-02-16       0.0                1.66       0.8
2004-02-17      0.02                2.11       2.3
2004-02-18       0.0                1.95       2.0
2004-02-19       0.0                2.07       5.7
2004-02-20      0.16                2.13      7.77
2004-02-21      16.3                0.87       5.2
2004-02-22     26.57                1.19      6.03
2004-02-23      1.51                1.32      0.93
2004-02-24       0.1                1.18      0.37
2004-02-25      0.29                2.19       5.7
2004-02-26      0.04                1.97      0.33
2004-02-27       0.0                1.97      0.87
2004-02-28      4.79                1.61       2.3
2004-02-29      0.06                 1.8      4.07
2004-03-01       0.0                 2.0       1.7
2004-03-02       0.0                1.71     -2.77
2004-03-03       0.0                1.33     -3.13
2004-03-04      1.83                1.39     -3.77
2004-03-05      1.87                 0.8     -2.97
2004-03-06      0.26                1.23     -5.06
2004-03-07       0.0                 1.5     -4.96
2004-03-08       0.0                1.64      -0.4
2004-03-09       0.0                2.07      5.47
2004-03-10       0.0                2.52       8.4
2004-03-11       0.0                2.89      4.97
2004-03-12       0.0                2.84       4.9
2004-03-13       0.0                2.25       4.4
2004-03-14       0.0                1.97      4.67
2004-03-15       0.0                2.13      5.53
2004-03-16      0.58                4.03     11.87
2004-03-17      6.69                2.63      7.63
2004-03-18       0.0                2.13      1.07
2004-03-19       0.0                2.04      1.63
2004-03-20      0.01                 2.3      4.53
2004-03-21       0.0                2.49       6.3
2004-03-22       0.0                 2.6       8.3
2004-03-23       0.0                2.65       6.9
2004-03-24       0.0                2.76      7.83
2004-03-25       0.0                2.28      6.53
2004-03-26       0.0                2.78      6.83
2004-03-27       0.0                3.32      7.83
2004-03-28       0.0                3.66       8.8
2004-03-29      0.38                2.47     11.03
2004-03-30      3.36                3.73      8.33
2004-03-31       0.0                 3.6      6.73
2004-04-01      1.06                2.53      7.33
2004-04-02      3.04                1.81      5.33
2004-04-03      0.14                2.03      4.73
2004-04-04      0.04                2.68      4.87
2004-04-05       0.0                3.93       7.9
2004-04-06      0.11                1.95      7.94
2004-04-07      0.39                2.56       8.5
2004-04-08       0.0                4.05       7.9
2004-04-09       0.0                4.31      12.0
2004-04-10       0.0                4.14     13.63
2004-04-11       0.0                4.09     14.47
2004-04-12       0.0                 3.9     13.63
2004-04-13       0.0                3.98      13.1
2004-04-14       0.0                3.99      14.2
2004-04-15       0.0                4.35     12.63
2004-04-16       0.0                5.68     16.17
2004-04-17       0.0                4.63     16.43
2004-04-18      0.09                4.45     17.07
2004-04-19     11.64                 1.7      14.9
2004-04-20      0.05                4.42     16.33
2004-04-21      0.17                3.75     15.67
2004-04-22      5.55                2.34      13.9
2004-04-23       0.0                3.63     10.13
2004-04-24       0.0                3.96       9.6
2004-04-25      0.35                4.91      11.2
2004-04-26     31.33                2.28      8.93
2004-04-27     26.97                1.45      4.57
2004-04-28      0.01                3.77     10.23
2004-04-29       0.0                5.01     13.07
2004-04-30       0.0                 3.9     13.87
2004-05-01       0.0                3.67     12.27
2004-05-02      0.61                2.82     13.97
2004-05-03     10.09                1.92     15.37
2004-05-04      2.65                4.09     14.07
2004-05-05       0.0                4.81     13.04
2004-05-06       0.0                5.61      15.2
2004-05-07       0.0                4.31     13.33
2004-05-08      0.11                 2.7     13.83
2004-05-09     21.78                 1.7      13.4
2004-05-10      0.86                2.09     15.13
2004-05-11       0.0                3.62      18.0
2004-05-12     10.41                1.83      14.8
2004-05-13      1.28                 3.1     16.17
2004-05-14       0.0                4.09     18.03
2004-05-15      0.13                2.14     15.67
2004-05-16       0.0                3.87     17.03
2004-05-17      0.42                2.92      15.0
2004-05-18      1.58                3.42      16.2
2004-05-19      0.01                5.71     20.67
2004-05-20     10.34                4.15      20.2
2004-05-21      13.9                3.46     15.13
2004-05-22      0.69                4.24     14.47
2004-05-23       0.0                3.87     14.23
2004-05-24       0.0                3.93     15.93
2004-05-25       0.0                5.06      17.6
2004-05-26       0.0                 3.3     17.27
2004-05-27      1.35                3.84     18.53
2004-05-28      40.0                2.09      18.7
2004-05-29       0.0                4.22     20.73
2004-05-30       0.0                3.66     20.63
2004-05-31       0.1                4.95     18.23
2004-06-01       0.0                 5.0      17.7
2004-06-02       0.0                 5.1     20.03
2004-06-03       0.0                5.59     22.47
2004-06-04       0.0                5.32      22.4
2004-06-05       0.0                4.21      20.9
2004-06-06       0.0                3.11      19.3
2004-06-07       0.0                2.64     18.83
2004-06-08      4.75                2.88     17.87
2004-06-09      0.01                4.97     20.27
2004-06-10      0.24                5.26     20.53
2004-06-11       0.0                5.16      21.4
2004-06-12      0.23                 5.6      19.0
2004-06-13      0.17                5.51     19.07
2004-06-14       0.0                5.65     21.57
2004-06-15       0.0                5.65     22.13
2004-06-16      0.15                5.34     22.87
2004-06-17      6.48                2.32     18.53
2004-06-18      1.94                 2.7     20.27
2004-06-19      46.2                2.58     20.77
2004-06-20     38.71                1.97     19.63
2004-06-21      15.8                2.58      20.5
2004-06-22      2.45                3.31     21.47
2004-06-23      6.35                3.37      22.5
2004-06-24      3.76                3.91      23.9
2004-06-25      0.57                 4.4     22.47
2004-06-26      4.41                4.06     22.93
2004-06-27      11.7                3.96      23.7
2004-06-28      0.03                4.11     23.53
2004-06-29      0.11                3.52     23.13
2004-06-30      0.06                4.52     23.17
2004-07-01      2.36                2.17      19.7
