2007-08-01     17.77                3.04     25.43
2007-08-02      6.61                4.09     27.07
2007-08-03     16.43                4.53     25.67
2007-08-04     43.78                2.95      23.3
2007-08-05      5.68                 2.6     24.07
2007-08-06      0.06                 3.0     24.07
2007-08-07     12.63                2.09     22.17
2007-08-08     67.89                2.59      23.5
2007-08-09     125.9                2.39      23.3
2007-08-10     33.44                2.73      24.6
2007-08-11      2.04                3.74     26.53
2007-08-12      0.67                2.28     23.63
2007-08-13      0.82                3.29      27.1
2007-08-14      3.28                2.68     26.27
2007-08-15      5.27                2.62     25.53
2007-08-16      8.08                3.15     26.83
2007-08-17      0.02                4.35     26.93
2007-08-18      0.03                3.96     26.67
2007-08-19     14.24                 3.2     26.83
2007-08-20       0.1                2.79     25.27
2007-08-21      0.42                3.24     25.73
2007-08-22      0.54                 4.2     25.87
2007-08-23      0.03                4.79     24.83
2007-08-24       0.0                4.41     25.47
2007-08-25      0.67                4.32     26.77
2007-08-26      3.88                3.76      26.7
2007-08-27     59.85                2.54      24.2
2007-08-28      2.97                3.64     22.87
2007-08-29      8.48                1.91      18.9
2007-08-30      0.71                2.83      20.4
2007-08-31       0.0                3.27     20.57
2007-09-01     14.58                1.75     18.23
2007-09-02      9.14                2.06     18.87
2007-09-03      3.65                2.23     21.27
2007-09-04      0.37                2.09      19.9
2007-09-05     14.17                1.92     17.87
2007-09-06     25.02                1.75     16.67
2007-09-07      1.09                3.26      19.7
2007-09-08      0.14                2.84     20.13
2007-09-09      0.76                3.58     19.43
2007-09-10       0.0                3.26     19.97
2007-09-11      1.53                2.92     22.33
2007-09-12       0.0                3.33      22.3
2007-09-13       0.0                2.67      22.4
2007-09-14     42.93                2.37     21.17
2007-09-15     62.81                 2.0      20.6
2007-09-16      7.12                2.26     20.27
2007-09-17     13.43                2.75     20.47
2007-09-18     23.09                1.69     18.77
2007-09-19     38.08                2.63     23.97
2007-09-20     11.38                3.08     25.97
2007-09-21      2.33                2.71      24.0
2007-09-22      4.45                 2.0      18.7
2007-09-23      0.08                2.83      19.9
2007-09-24      0.34                2.82      21.3
2007-09-25       0.0                 2.9      21.8
2007-09-26       0.0                2.66     21.17
2007-09-27     15.29                1.67      20.4
2007-09-28      2.75                 1.7     17.03
2007-09-29      0.11                1.74     16.77
2007-09-30       0.1                2.14     18.57
2007-10-01       0.9                1.34     16.83
2007-10-02      0.46                1.49     17.67
2007-10-03      0.57                1.69     17.03
2007-10-04      2.45                1.51     17.77
2007-10-05      0.03                2.76     18.77
2007-10-06       0.0                2.84     19.27
2007-10-07       0.1                 2.4     19.33
2007-10-08       0.0                2.05     15.77
2007-10-09       0.0                2.44     14.57
2007-10-10      0.06                1.54     13.47
2007-10-11       0.0                 1.9      16.7
2007-10-12       0.0                2.29     16.37
2007-10-13       0.0                2.02     14.27
2007-10-14      0.09                2.28     15.07
2007-10-15      0.38                2.45     13.87
2007-10-16      1.78                2.01      14.3
2007-10-17      2.23                1.23      10.6
2007-10-18       0.0                1.86      13.3
2007-10-19      1.87                1.58       7.9
2007-10-20       0.0                2.28      5.77
2007-10-21       0.0                1.39      7.04
2007-10-22       0.0                1.75     11.87
2007-10-23       0.0                1.69     14.13
2007-10-24       0.0                1.95      14.2
2007-10-25      3.12                1.49     13.77
2007-10-26      3.26                1.44     13.27
2007-10-27       0.0                 1.8     13.33
2007-10-28      7.16                1.24     11.34
2007-10-29      0.09                1.81      10.1
2007-10-30       0.0                1.44      9.27
2007-10-31      0.01                1.67       9.0
2007-11-01       0.0                2.05       6.0
2007-11-02       0.0                1.55       5.1
2007-11-03       0.0                1.47      8.53
2007-11-04       0.0                1.32       7.3
2007-11-05       0.0                0.92      6.64
2007-11-06       0.0                1.36      8.87
2007-11-07       0.0                1.42      8.67
2007-11-08       0.0                1.16      8.67
2007-11-09      0.74                 1.4     10.47
2007-11-10      0.04                1.39      8.37
2007-11-11       0.0                0.83      4.67
2007-11-12      0.01                1.12       6.0
2007-11-13       0.0                0.72       3.4
2007-11-14       0.0                 0.9      8.67
2007-11-15      0.01                1.37      8.33
2007-11-16       0.0                1.04       4.6
2007-11-17       0.0                1.22      1.97
2007-11-18       0.0                1.38     -2.33
2007-11-19      0.24                0.98     -3.46
2007-11-20      0.61                1.24      -1.4
2007-11-21       2.9                0.91     -1.17
2007-11-22      0.14                0.85      -0.6
2007-11-23      9.13                0.54      2.47
2007-11-24      0.32                0.87       4.4
2007-11-25      0.01                1.07      4.37
2007-11-26      0.21                0.76      2.97
2007-11-27      0.01                0.92      1.47
2007-11-28      0.05                0.97      1.97
2007-11-29      0.19                0.77       5.6
2007-11-30      0.01                 0.7      0.83
2007-12-01       0.0                 0.8      0.47
2007-12-02       0.0                1.03      2.03
2007-12-03      0.05                 0.8      -0.5
2007-12-04       0.0                0.99      -3.5
2007-12-05      0.01                0.96      -4.0
2007-12-06      0.03                0.54     -3.33
2007-12-07      2.03                0.61     -0.83
2007-12-08      0.04                0.33      -2.1
2007-12-09       0.0                0.66      -2.7
2007-12-10      0.26                 0.5     -2.03
2007-12-11      0.95                0.52       2.6
2007-12-12       0.0                0.58      2.57
2007-12-13       0.0                0.99     -0.07
2007-12-14       0.0                0.91      -2.3
2007-12-15      1.02                0.66      -1.8
2007-12-16       0.0                0.62     -3.96
2007-12-17      0.01                0.57       0.4
2007-12-18       0.0                0.82      -1.5
2007-12-19       0.0                0.67      -1.7
2007-12-20       0.0                0.66     -0.36
2007-12-21       0.0                0.62     -0.56
2007-12-22       0.0                0.75      1.07
2007-12-23       0.0                0.66      -0.1
2007-12-24       0.0                0.53       0.9
2007-12-25       0.0                0.57      1.37
2007-12-26       0.0                0.62      3.97
2007-12-27       0.0                0.42       0.1
2007-12-28      0.76                0.54      2.93
2007-12-29      0.15                1.31     -0.77
2007-12-30      0.04                1.01     -6.73
2007-12-31       0.0                0.98     -6.17
2008-01-01       0.0                0.69     -7.93
2008-01-02       0.0                0.73     -6.83
2008-01-03       0.0                0.72     -3.06
2008-01-04       0.0                0.69     -3.23
2008-01-05       0.0                0.86     -2.13
2008-01-06       0.0                0.74      0.34
2008-01-07      0.01                0.77       1.3
2008-01-08       0.0                1.21      -0.2
2008-01-09       0.0                0.77     -2.17
2008-01-10       0.0                0.74      -2.7
2008-01-11      6.91                0.48     -1.67
2008-01-12      0.43                 0.6      0.03
2008-01-13       0.0                0.64     -4.53
2008-01-14      0.12                0.56     -4.53
2008-01-15       0.0                0.63     -6.86
2008-01-16       0.0                0.72      -9.3
2008-01-17       0.0                0.45     -11.6
2008-01-18       0.0                0.61      -7.8
2008-01-19       0.0                0.49     -7.56
2008-01-20      0.73                0.66     -2.33
2008-01-21      1.11                0.87     -0.77
2008-01-22      1.64                0.53     -0.63
2008-01-23      0.83                0.88     -4.07
2008-01-24      0.04                0.86     -8.56
2008-01-25       0.0                 0.6     -8.86
2008-01-26       0.0                0.76     -5.73
2008-01-27       0.0                0.77      -5.1
2008-01-28       0.0                0.65     -4.77
2008-01-29      0.03                0.58     -3.47
2008-01-30      0.04                0.87      -5.6
2008-01-31       0.0                 0.8     -7.67
2008-02-01       0.0                0.82      -7.2
2008-02-02       0.0                0.81     -4.93
2008-02-03       0.0                0.87     -4.16
2008-02-04       0.0                0.96     -5.23
2008-02-05       0.0                0.82      -6.3
2008-02-06       0.0                 0.9     -6.06
2008-02-07       0.0                0.88      -7.5
2008-02-08       0.0                0.86     -6.36
2008-02-09       0.0                0.84     -4.03
2008-02-10       0.0                 1.0     -4.83
2008-02-11       0.0                1.29     -3.06
2008-02-12       0.0                 1.2      -7.0
2008-02-13       0.0                1.04      -9.5
2008-02-14       0.0                1.26      -6.5
2008-02-15       0.0                1.26      -5.3
2008-02-16       0.0                1.14     -7.47
2008-02-17       0.0                0.99     -7.13
2008-02-18       0.0                1.14     -5.06
2008-02-19       0.0                1.39     -3.83
2008-02-20       0.0                1.88      0.63
2008-02-21       0.0                1.23      -3.0
2008-02-22      2.78                1.79      3.94
2008-02-23      0.01                1.46     -2.43
2008-02-24       0.0                1.15     -3.93
2008-02-25      1.15                 0.9     -3.46
2008-02-26      1.22                1.23      -0.6
2008-02-27       0.0                1.63      -1.0
2008-02-28       0.0                1.51     -1.23
2008-02-29      0.07                 1.4      1.37
2008-03-01       0.0                1.73      1.07
