2006-12-01      0.02                0.84       0.3
2006-12-02       0.0                1.11     -2.97
2006-12-03      0.08                1.03     -5.77
2006-12-04       0.0                1.02     -3.87
2006-12-05       0.0                 0.8      -0.5
2006-12-06       0.0                0.61     -0.73
2006-12-07      0.04                0.72      3.97
2006-12-08      0.07                0.89      2.97
2006-12-09      5.37                0.51      1.53
2006-12-10      0.12                0.65     -1.17
2006-12-11       0.0                 0.6      -1.9
2006-12-12       0.0                0.76       1.6
2006-12-13      0.02                0.84      3.23
2006-12-14       0.0                0.72       1.0
2006-12-15      0.02                0.58      0.77
2006-12-16       0.5                 0.7      0.23
2006-12-17      5.71                0.39     -4.27
2006-12-18      0.23                0.51      -6.3
2006-12-19      0.56                0.37     -3.96
2006-12-20       0.1                0.48      0.07
2006-12-21       0.0                 0.5      -0.3
2006-12-22      0.14                0.55      -0.4
2006-12-23       0.0                0.79     -0.03
2006-12-24       0.0                0.61      -0.4
2006-12-25       0.0                0.52      1.33
2006-12-26       0.0                0.59      2.57
2006-12-27       0.0                0.81      -0.1
2006-12-28       0.0                0.98     -8.33
2006-12-29       0.0                0.69      -9.4
2006-12-30       0.0                0.58      -6.9
2006-12-31       0.0                0.58     -1.03
2007-01-01       0.0                0.64       1.2
2007-01-02      0.79                0.66       2.8
2007-01-03      0.04                0.78       1.3
2007-01-04       0.0                0.83       1.7
2007-01-05       0.0                0.61      0.57
2007-01-06       2.3                0.93     -1.13
2007-01-07       0.0                0.88     -4.53
2007-01-08       0.0                0.86     -5.06
2007-01-09      0.07                0.73     -4.23
2007-01-10       0.0                0.75      -3.5
2007-01-11       0.0                0.86      -4.4
2007-01-12       0.0                0.89     -5.03
2007-01-13       0.0                0.72      -7.5
2007-01-14       0.0                 0.7     -6.36
2007-01-15       0.0                0.63     -3.56
2007-01-16       0.0                0.65      -1.1
2007-01-17       0.0                0.93      -0.8
2007-01-18       0.0                0.83      -1.5
2007-01-19       0.0                0.75      -2.8
2007-01-20       0.0                0.82     -0.77
2007-01-21       0.0                0.76     -0.43
2007-01-22      0.42                0.57      -0.9
2007-01-23       0.0                0.78       0.1
2007-01-24       0.0                0.75     -0.53
2007-01-25      0.21                0.79     -2.27
2007-01-26       0.0                0.56     -1.17
2007-01-27       0.0                0.92     -0.77
2007-01-28      0.49                0.75     -1.97
2007-01-29      0.79                0.72      0.83
2007-01-30      0.64                1.37      -1.9
2007-01-31       0.0                1.49      -4.1
2007-02-01       0.0                0.98     -7.23
2007-02-02       0.0                0.99     -6.56
2007-02-03       0.1                1.07      -2.8
2007-02-04       0.0                1.09     -0.03
2007-02-05       0.0                1.19       1.2
2007-02-06       0.0                1.27      5.43
2007-02-07       0.0                1.32       2.9
2007-02-08      0.17                 0.6      0.97
2007-02-09      0.67                0.85       3.7
2007-02-10      1.16                0.92      0.63
2007-02-11      0.07                1.26     -0.37
2007-02-12      0.04                0.98      0.03
2007-02-13      3.43                0.73       1.0
2007-02-14      3.73                1.34      -0.5
2007-02-15      0.04                2.03      -0.8
2007-02-16      0.07                 1.4      0.03
2007-02-17       0.0                1.05       2.0
2007-02-18       0.0                1.27      2.13
2007-02-19       0.0                1.31      4.23
2007-02-20       0.0                1.47      3.57
2007-02-21       0.0                1.52       4.2
2007-02-22       0.0                 2.2      5.77
2007-02-23       0.0                1.81      3.27
2007-02-24       0.0                1.49      1.53
2007-02-25       0.0                1.43       4.1
2007-02-26       0.0                1.74      5.17
2007-02-27       0.0                1.92      5.27
2007-02-28       0.0                 1.9      5.43
2007-03-01       0.0                1.75       6.4
2007-03-02      9.58                0.88      5.27
2007-03-03      0.07                1.16      8.97
2007-03-04     20.09                1.43      8.73
2007-03-05      2.66                2.43      1.93
2007-03-06      0.01                1.77      -4.8
2007-03-07       0.0                1.63     -4.36
2007-03-08       0.0                1.59     -1.76
2007-03-09       0.0                1.93      3.37
2007-03-10      2.05                1.86      1.83
2007-03-11      0.04                2.03     -1.27
2007-03-12       0.0                2.48       1.7
2007-03-13       0.0                2.12      3.17
2007-03-14       0.0                2.07      4.07
2007-03-15       0.0                2.12      5.47
2007-03-16      0.15                1.88       5.5
2007-03-17       0.0                1.72       3.4
2007-03-18       0.0                1.69       3.8
2007-03-19      0.06                1.52      1.63
2007-03-20      0.03                 1.6      1.43
2007-03-21      2.05                1.23      3.77
2007-03-22      1.04                1.94       6.7
2007-03-23       0.0                2.32       8.9
2007-03-24     14.35                1.34       9.1
2007-03-25      0.04                3.39      9.74
2007-03-26      0.25                2.96      7.34
2007-03-27      2.01                 2.3       9.1
2007-03-28     13.48                1.14       3.5
2007-03-29      8.68                1.64       5.5
2007-03-30       1.2                2.25      8.03
2007-03-31     10.92                1.56      8.87
2007-04-01      0.01                1.98       8.4
2007-04-02      0.15                2.14      4.73
2007-04-03       1.2                2.24      4.33
2007-04-04       0.3                2.53      4.93
2007-04-05      0.01                2.71      5.73
2007-04-06      0.01                 2.9       9.3
2007-04-07      0.01                 2.2      8.13
2007-04-08      0.05                2.27      7.33
2007-04-09      0.13                3.48      7.97
2007-04-10      5.42                 1.7      6.83
2007-04-11      0.25                2.93      10.4
2007-04-12      6.51                1.54       9.4
2007-04-13      6.81                1.84     10.13
2007-04-14      0.14                3.05     10.53
2007-04-15      0.15                2.83      9.13
2007-04-16      0.43                2.37       8.5
2007-04-17      4.46                2.16      8.03
2007-04-18      0.01                2.75       9.2
2007-04-19      0.34                3.09      9.97
2007-04-20     13.06                2.69     11.37
2007-04-21      1.97                3.43      16.1
2007-04-22      0.37                3.04     11.77
2007-04-23       0.0                3.59     10.73
2007-04-24       0.0                2.19      9.87
2007-04-25      0.22                 3.1     11.04
2007-04-26       0.0                3.16     11.17
2007-04-27       0.0                4.42     12.23
2007-04-28       0.0                4.97     13.77
2007-04-29       0.0                5.31      15.4
2007-04-30      0.36                2.55      13.8
2007-05-01     11.25                1.61      11.4
2007-05-02      0.68                3.91      15.9
2007-05-03       0.0                3.53     15.37
2007-05-04       0.0                4.46      18.2
2007-05-05       0.0                4.64     17.57
2007-05-06      0.03                3.74     16.93
2007-05-07       0.0                5.31     17.13
2007-05-08      0.31                5.72      20.3
2007-05-09       6.7                3.47      14.0
2007-05-10       0.2                3.76     14.13
2007-05-11       0.0                 3.8     15.27
2007-05-12      15.0                2.53     13.83
2007-05-13      0.19                5.28     14.37
2007-05-14      6.99                3.34     14.57
2007-05-15      0.07                3.99      15.9
2007-05-16     29.35                2.24     16.33
2007-05-17     10.23                 3.7     17.83
2007-05-18      9.95                1.98     12.93
2007-05-19      3.11                2.13      13.6
2007-05-20      0.13                3.28     16.23
2007-05-21       0.0                4.56     17.17
2007-05-22       0.0                4.99     16.33
2007-05-23       0.0                3.12     17.97
2007-05-24     23.67                2.36     17.07
2007-05-25      2.08                4.54     19.47
2007-05-26      0.03                6.07     19.34
2007-05-27       0.0                4.58     16.73
2007-05-28       0.0                4.92     18.57
2007-05-29      2.13                2.43      16.1
2007-05-30      0.87                3.65      17.5
2007-05-31      0.03                4.72     17.17
2007-06-01       0.0                3.02      16.8
2007-06-02       0.0                 5.3      17.7
2007-06-03       0.0                 5.1     18.43
2007-06-04       0.0                3.69     19.33
2007-06-05       0.0                 3.1      18.9
2007-06-06       0.0                5.04     21.07
2007-06-07      0.73                3.24     18.64
2007-06-08      8.53                2.48      16.1
2007-06-09       0.0                2.83     15.77
2007-06-10       0.0                5.07      19.3
2007-06-11       0.0                5.65     21.43
2007-06-12      0.25                 5.0      22.1
2007-06-13      0.53                4.67      21.6
2007-06-14      1.53                3.71      18.8
2007-06-15       0.0                5.01     19.17
2007-06-16       0.0                 6.0     18.53
2007-06-17       0.0                6.12      19.0
2007-06-18       0.0                6.22     22.37
2007-06-19       0.0                6.53     21.23
2007-06-20      0.17                4.22     22.37
2007-06-21      6.49                2.43     20.63
2007-06-22      0.26                 5.5     24.17
2007-06-23      0.02                4.86     23.23
2007-06-24      3.97                3.69     21.83
2007-06-25     12.23                 2.6      21.3
2007-06-26      0.03                5.18     24.27
2007-06-27      0.92                4.62      24.7
2007-06-28     20.26                2.44      23.4
2007-06-29      4.43                2.52     21.83
2007-06-30      0.61                3.06      21.4
2007-07-01     13.53                2.28     19.13
