2009-12-01       0.0                0.74      3.97
2009-12-02      0.04                0.57      3.14
2009-12-03      0.05                0.57      3.93
2009-12-04       0.0                0.75      3.87
2009-12-05      7.56                1.15      -0.2
2009-12-06      0.07                1.14     -3.93
2009-12-07       0.0                0.63     -2.26
2009-12-08       0.0                0.48     -2.33
2009-12-09       0.0                0.55      2.54
2009-12-10      3.34                0.63      5.23
2009-12-11      1.95                0.86      8.33
2009-12-12       0.0                0.84      6.07
2009-12-13       0.0                0.66      3.33
2009-12-14       0.0                0.84      0.53
2009-12-15       0.0                0.99     -2.83
2009-12-16       0.0                0.92     -6.53
2009-12-17       0.0                1.08     -6.23
2009-12-18       0.0                0.84     -8.63
2009-12-19       0.0                0.93     -8.26
2009-12-20       0.0                1.03     -5.33
2009-12-21       0.0                0.81      -6.6
2009-12-22       0.0                0.91      1.67
2009-12-23      0.75                0.57       3.5
2009-12-24       0.0                0.59      2.17
2009-12-25      0.13                0.95       1.7
2009-12-26       0.0                1.04     -4.96
2009-12-27       0.2                0.73     -5.73
2009-12-28       0.0                0.79      -7.5
2009-12-29      0.08                0.56     -6.23
2009-12-30      1.06                1.14     -2.36
2009-12-31       0.0                 0.8     -10.2
2010-01-01       0.0                0.66     -9.23
2010-01-02      3.25                0.44      -4.2
2010-01-03      0.08                0.49      -9.1
2010-01-04      5.97                0.33     -7.53
2010-01-05      0.06                0.53     -10.0
2010-01-06       0.0                0.44    -13.56
2010-01-07       0.0                 0.4    -12.73
2010-01-08      0.04                0.52     -10.1
2010-01-09      0.03                0.46      -8.9
2010-01-10       0.0                0.56     -4.36
2010-01-11       0.0                 0.6     -5.93
2010-01-12       0.0                0.88     -8.03
2010-01-13       0.0                0.64     -13.4
2010-01-14       0.0                0.58     -12.0
2010-01-15      0.08                0.69     -6.46
2010-01-16       0.0                0.61      -8.4
2010-01-17       0.0                0.67      -6.7
2010-01-18      0.03                0.61     -3.66
2010-01-19       1.0                0.87      0.47
2010-01-20      7.76                0.59       5.7
2010-01-21      4.59                0.86      0.23
2010-01-22      0.08                1.17     -4.63
2010-01-23       0.0                1.11     -5.26
2010-01-24       0.0                0.93     -2.66
2010-01-25       0.0                1.62      -0.6
2010-01-26       0.0                1.07      -4.4
2010-01-27      1.89                1.06     -0.76
2010-01-28      0.36                1.52      1.67
2010-01-29       0.0                1.37      -3.1
2010-01-30       0.0                1.33      1.87
2010-01-31       0.0                0.78       0.9
2010-02-01       0.0                 0.8      0.83
2010-02-02       0.0                1.29     -3.97
2010-02-03       0.0                1.15      -7.3
2010-02-04       0.0                1.33      -5.6
2010-02-05       0.0                1.25     -4.77
2010-02-06       0.0                1.05     -4.03
2010-02-07       0.0                1.11     -2.16
2010-02-08       0.0                1.01       3.7
2010-02-09       4.9                0.71      1.93
2010-02-10      3.41                0.78      2.23
2010-02-11      4.07                0.91     -0.53
2010-02-12      0.59                0.79      -1.4
2010-02-13       1.5                 0.8      -2.5
2010-02-14       0.0                0.77      -3.8
2010-02-15       0.0                0.88     -3.67
2010-02-16       0.0                0.89      -3.3
2010-02-17       0.0                 0.8     -6.76
2010-02-18      0.24                1.05     -4.07
2010-02-19      0.07                1.23      -3.6
2010-02-20      0.03                1.27      0.07
2010-02-21       0.0                1.26       0.6
2010-02-22       0.1                1.61      4.27
2010-02-23      0.29                1.61      4.67
2010-02-24       0.0                1.83      7.63
2010-02-25     10.32                0.88       6.7
2010-02-26      0.16                 1.4       6.1
2010-02-27       0.0                1.12      4.23
2010-02-28      0.48                 1.2       5.6
2010-03-01      9.95                1.07      1.53
2010-03-02      0.61                0.83       0.9
2010-03-03      0.14                1.47      1.13
2010-03-04      1.37                0.83      2.13
2010-03-05      0.67                1.05      5.03
2010-03-06       0.0                1.17       2.5
2010-03-07      0.19                1.39      1.47
2010-03-08      0.28                1.31      1.47
2010-03-09      0.58                1.21      1.63
2010-03-10      2.07                1.37      0.67
2010-03-11      0.03                1.87      1.43
2010-03-12      1.75                2.27      6.07
2010-03-13       0.0                2.42       3.2
2010-03-14      2.49                1.73       3.6
2010-03-15     12.69                1.59       7.7
2010-03-16       0.0                2.63       2.5
2010-03-17      0.01                1.63     -0.07
2010-03-18      0.12                2.12       2.2
2010-03-19       0.0                2.16      3.63
2010-03-20      3.26                1.76      7.97
2010-03-21      0.19                2.83      4.17
2010-03-22      1.89                1.31      3.27
2010-03-23      0.07                1.91       6.9
2010-03-24       0.0                2.45       7.0
2010-03-25      3.87                1.19       2.2
2010-03-26      0.75                 2.0      0.17
2010-03-27      5.88                0.95      1.83
2010-03-28      0.92                2.04      5.43
2010-03-29      0.19                2.31      4.33
2010-03-30      0.12                2.31       6.6
2010-03-31      5.16                1.21       7.4
2010-04-01      2.02                1.31      7.17
2010-04-02      0.08                3.31      5.77
2010-04-03       0.0                3.12       5.2
2010-04-04       0.0                3.17       7.8
2010-04-05       0.0                3.21       9.5
2010-04-06      0.04                2.24      8.83
2010-04-07       0.0                2.76      6.63
2010-04-08       0.0                3.34      8.43
2010-04-09       0.0                3.74     11.07
2010-04-10       0.0                2.04     10.83
2010-04-11       0.0                3.29     11.27
2010-04-12      2.77                2.07      10.2
2010-04-13      4.18                2.83       6.5
2010-04-14       0.0                2.81      4.43
2010-04-15       0.0                3.01       6.0
2010-04-16       0.0                 3.0      6.63
2010-04-17       0.0                 3.2      7.93
2010-04-18       0.0                2.65     10.17
2010-04-19       0.0                2.54      14.5
2010-04-20       0.0                3.11     14.27
2010-04-21      7.16                2.15     10.57
2010-04-22      4.03                1.76      7.97
2010-04-23      3.08                1.68      6.93
2010-04-24      0.01                2.99      9.33
2010-04-25       0.0                3.73     10.77
2010-04-26     21.56                2.39     12.33
2010-04-27     12.73                2.36       8.2
2010-04-28      4.89                1.95      5.23
2010-04-29      1.46                3.35      7.67
2010-04-30      0.08                2.95      9.13
2010-05-01       0.0                4.05     10.47
2010-05-02       0.0                4.55     13.94
2010-05-03      0.95                2.76      16.0
2010-05-04       0.0                3.55      20.1
2010-05-05       0.0                3.58     18.57
2010-05-06      6.89                3.55     16.13
2010-05-07       0.0                5.78     15.83
2010-05-08       0.0                4.67     15.57
2010-05-09       0.0                3.61     16.53
2010-05-10      0.07                3.69     15.37
2010-05-11       5.4                1.94      9.73
2010-05-12      0.05                3.12      11.2
2010-05-13       0.0                3.12     13.03
2010-05-14       0.0                4.47      14.2
2010-05-15       0.0                3.53      14.5
2010-05-16       0.0                4.76      16.9
2010-05-17      0.09                4.52      19.2
2010-05-18     50.63                1.89     16.43
2010-05-19      1.35                4.35      18.5
2010-05-20      0.01                5.43     18.87
2010-05-21       0.0                4.97      20.1
2010-05-22      2.35                2.83     19.53
2010-05-23     29.52                2.24      13.9
2010-05-24      7.02                1.74      12.1
2010-05-25      8.15                2.24      13.9
2010-05-26      1.23                2.48     11.53
2010-05-27       0.0                4.09     14.53
2010-05-28       0.0                2.75     15.57
2010-05-29       0.0                2.91     16.87
2010-05-30       0.0                4.51     15.77
2010-05-31       0.0                3.63     13.83
2010-06-01       0.0                3.95     14.37
2010-06-02       0.0                4.81     15.73
2010-06-03       0.0                4.93     17.87
2010-06-04      0.06                4.98      19.9
2010-06-05      0.73                4.98     21.13
2010-06-06      0.55                4.25     22.07
2010-06-07       0.0                5.07     21.43
2010-06-08       0.0                5.35     20.63
2010-06-09       0.0                5.81     21.63
2010-06-10       0.0                5.75     22.03
2010-06-11      0.04                4.74     20.67
2010-06-12     14.48                2.11     17.53
2010-06-13      2.69                3.59     21.27
2010-06-14      1.88                2.62     20.83
2010-06-15      6.92                 4.0      23.4
2010-06-16      0.05                3.79      21.3
2010-06-17       0.0                2.94     22.87
2010-06-18       0.0                5.18      24.1
2010-06-19      2.85                2.69     22.37
2010-06-20      8.32                4.08      22.9
2010-06-21      0.17                4.47      22.5
2010-06-22       0.0                3.89     20.47
2010-06-23       0.0                5.44     20.57
2010-06-24       0.0                5.65     21.37
2010-06-25       0.0                5.45      23.0
2010-06-26      0.17                2.94     20.93
2010-06-27      4.16                 2.3     21.07
2010-06-28       0.0                4.63     23.93
2010-06-29      0.92                3.09     22.73
2010-06-30      0.35                2.59      22.7
2010-07-01       0.0                3.83     24.23
