2009-06-01       0.0                5.19      17.6
2009-06-02     60.58                 4.3     20.37
2009-06-03     60.23                3.13     18.17
2009-06-04       0.0                4.35      19.4
2009-06-05      0.19                4.61      18.7
2009-06-06      0.04                 3.0     16.37
2009-06-07      0.17                2.36      16.1
2009-06-08      0.05                3.81     18.13
2009-06-09     12.01                2.12     17.83
2009-06-10     16.38                2.76     18.93
2009-06-11      2.31                5.77      19.7
2009-06-12      4.25                 5.2     17.63
2009-06-13      8.69                3.71      16.9
2009-06-14      2.93                2.61     17.83
2009-06-15      6.08                3.29      19.6
2009-06-16      5.37                3.02      18.9
2009-06-17      1.92                2.03      16.8
2009-06-18      0.03                4.45     21.63
2009-06-19       0.0                2.96     22.33
2009-06-20     16.19                2.39     21.63
2009-06-21      0.23                4.48     24.67
2009-06-22      0.44                4.03     22.57
2009-06-23       0.0                5.19     21.77
2009-06-24       0.0                5.89      22.2
2009-06-25       0.0                4.92      22.1
2009-06-26       0.0                 4.1     22.17
2009-06-27       0.0                5.35     25.07
2009-06-28      1.13                4.11     24.03
2009-06-29      2.42                3.96     24.97
2009-06-30      0.42                2.52      23.5
2009-07-01     13.07                4.35     22.67
2009-07-02      7.13                3.41      20.9
2009-07-03      5.05                3.31     21.57
2009-07-04      5.34                3.17     22.37
2009-07-05      0.37                4.01     23.67
2009-07-06      0.04                3.72     24.37
2009-07-07       1.4                3.16      23.1
2009-07-08      1.96                3.27     23.97
2009-07-09    163.22                2.19      19.2
2009-07-10      0.21                4.42     22.03
2009-07-11      1.15                3.73     22.47
2009-07-12    137.05                 2.1      19.3
2009-07-13      1.45                2.88      22.1
2009-07-14    151.86                2.36     22.53
2009-07-15      0.18                3.86     23.37
2009-07-16       0.0                4.87      25.2
2009-07-17      9.86                2.51      24.0
2009-07-18     39.59                2.54      23.8
2009-07-19      0.98                3.83      24.4
2009-07-20      0.06                3.12     24.67
2009-07-21      0.05                3.92     24.33
2009-07-22       0.0                4.24     23.17
2009-07-23      4.15                3.26     22.87
2009-07-24       2.4                3.94     22.63
2009-07-25     19.61                2.69      19.7
2009-07-26      0.31                4.25     21.83
2009-07-27       0.0                4.54     22.27
2009-07-28       0.0                2.91     21.37
2009-07-29      0.29                4.26     23.07
2009-07-30       0.0                4.84     24.47
2009-07-31      0.02                4.66      25.0
2009-08-01      6.42                3.93     24.23
2009-08-02      0.06                3.74      24.5
2009-08-03       0.0                2.95      22.8
2009-08-04       0.0                4.64      22.7
2009-08-05       0.0                 4.9      23.6
2009-08-06      0.08                3.55     23.13
2009-08-07      4.24                2.48      22.4
2009-08-08      0.58                2.94     24.27
2009-08-09      0.01                4.04     24.67
2009-08-10      0.05                3.05     23.03
2009-08-11     47.01                2.31      23.0
2009-08-12     153.1                2.05     22.37
2009-08-13      0.18                4.32     24.63
2009-08-14      0.03                4.73     26.27
2009-08-15       0.0                4.61      26.5
2009-08-16       0.0                4.93      24.2
2009-08-17      0.21                2.81      23.2
2009-08-18       0.0                3.33     25.47
2009-08-19       0.0                3.28      26.2
2009-08-20     17.99                3.22     24.97
2009-08-21      0.01                3.86     23.34
2009-08-22       0.0                 3.1     23.53
2009-08-23      3.91                4.72     23.03
2009-08-24      0.04                4.15     21.37
2009-08-25       0.0                4.04     22.17
2009-08-26      9.08                2.45      22.1
2009-08-27     47.83                1.88     21.27
2009-08-28      0.04                3.91     22.57
2009-08-29      0.09                 2.4     18.47
2009-08-30      0.43                2.02      17.8
2009-08-31       0.0                3.65     18.47
2009-09-01       0.0                4.06     19.17
2009-09-02       0.0                 3.9      18.9
2009-09-03       0.0                3.58      19.5
2009-09-04       0.0                3.88     21.67
2009-09-05       0.0                3.98     21.73
2009-09-06       0.0                2.69     22.43
2009-09-07      1.71                1.75     20.27
2009-09-08      0.14                3.65      20.3
2009-09-09       0.0                 3.6      20.0
2009-09-10       0.0                3.14     19.33
2009-09-11       0.0                2.23     18.33
2009-09-12      5.84                2.55      17.6
2009-09-13       0.0                2.94     19.13
2009-09-14      0.01                 1.9     17.77
2009-09-15       0.0                2.92      19.7
2009-09-16       0.0                3.18     19.17
2009-09-17       0.0                3.03      17.6
2009-09-18       0.0                3.34      19.0
2009-09-19       0.0                2.56     17.43
2009-09-20       0.0                2.69     17.37
2009-09-21      2.42                1.53      16.9
2009-09-22       0.1                2.91     18.27
2009-09-23       0.0                3.13      18.5
2009-09-24       0.0                2.47     18.37
2009-09-25       0.0                1.71      17.6
2009-09-26      0.07                2.33     17.53
2009-09-27      0.56                1.67     18.63
2009-09-28      7.51                1.98     19.73
2009-09-29      0.03                2.91      21.1
2009-09-30       0.0                2.79      20.6
2009-10-01       0.0                2.49     19.63
2009-10-02       0.0                2.54     17.37
2009-10-03       0.0                2.84     14.17
2009-10-04       0.0                2.82     15.17
2009-10-05       0.0                2.55     13.77
2009-10-06       0.0                2.66     16.17
2009-10-07      2.87                2.23      14.2
2009-10-08      1.24                 2.1      11.9
2009-10-09       0.0                2.25      12.6
2009-10-10       0.0                2.14      13.1
2009-10-11       0.0                2.08     13.53
2009-10-12       0.0                2.04     13.67
2009-10-13      2.04                2.04     13.24
2009-10-14      0.64                 1.7     13.77
2009-10-15       0.0                1.97     13.67
2009-10-16      0.05                 1.7     13.94
2009-10-17     12.72                2.25      12.3
2009-10-18       0.0                2.55     12.14
2009-10-19      11.2                2.19     10.03
2009-10-20       0.0                2.54      9.74
2009-10-21      0.21                2.26      11.2
2009-10-22       0.0                1.55       9.8
2009-10-23      0.78                1.27     12.07
2009-10-24       0.0                1.56      12.8
2009-10-25       0.0                1.44      13.6
2009-10-26       0.0                1.65     13.63
2009-10-27       0.0                1.55     12.97
2009-10-28       0.0                 1.7     12.13
2009-10-29       0.0                1.92     13.27
2009-10-30       0.0                1.83     15.03
2009-10-31     15.15                 1.2     13.53
2009-11-01     19.65                0.98       8.3
2009-11-02      6.83                0.79      0.37
2009-11-03      3.61                0.83     -0.96
2009-11-04      2.27                1.25      7.64
2009-11-05      0.04                1.72      11.6
2009-11-06       0.0                1.25     11.37
2009-11-07       0.0                1.38     13.27
2009-11-08     12.61                0.92      14.9
2009-11-09      0.26                1.16     12.83
2009-11-10      1.96                1.35      8.37
2009-11-11      4.14                1.25      4.83
2009-11-12       2.3                1.12      5.57
2009-11-13      2.69                0.85      7.03
2009-11-14      0.01                1.44      5.27
2009-11-15       0.0                1.57      -0.6
2009-11-16       0.0                1.07     -1.53
2009-11-17       0.0                1.17      -0.3
2009-11-18       0.0                1.07     -2.43
2009-11-19       0.0                1.18       1.9
2009-11-20      0.01                1.25       0.7
2009-11-21       0.0                1.15      1.17
2009-11-22       0.0                1.24       1.3
2009-11-23      0.17                1.16      6.24
2009-11-24       0.0                0.87       5.8
2009-11-25      0.15                0.57      2.64
2009-11-26       0.0                 0.9       7.3
2009-11-27       0.0                0.78      6.64
2009-11-28       0.2                 0.9      5.23
2009-11-29      4.63                 0.6       5.5
2009-11-30      0.41                0.67      4.87
2009-12-01       0.0                0.74      3.97
2009-12-02      0.04                0.57      3.14
2009-12-03      0.05                0.57      3.93
2009-12-04       0.0                0.75      3.87
2009-12-05      7.56                1.15      -0.2
2009-12-06      0.07                1.14     -3.93
2009-12-07       0.0                0.63     -2.26
2009-12-08       0.0                0.48     -2.33
2009-12-09       0.0                0.55      2.54
2009-12-10      3.34                0.63      5.23
2009-12-11      1.95                0.86      8.33
2009-12-12       0.0                0.84      6.07
2009-12-13       0.0                0.66      3.33
2009-12-14       0.0                0.84      0.53
2009-12-15       0.0                0.99     -2.83
2009-12-16       0.0                0.92     -6.53
2009-12-17       0.0                1.08     -6.23
2009-12-18       0.0                0.84     -8.63
2009-12-19       0.0                0.93     -8.26
2009-12-20       0.0                1.03     -5.33
2009-12-21       0.0                0.81      -6.6
2009-12-22       0.0                0.91      1.67
2009-12-23      0.75                0.57       3.5
2009-12-24       0.0                0.59      2.17
2009-12-25      0.13                0.95       1.7
2009-12-26       0.0                1.04     -4.96
2009-12-27       0.2                0.73     -5.73
2009-12-28       0.0                0.79      -7.5
2009-12-29      0.08                0.56     -6.23
2009-12-30      1.06                1.14     -2.36
2009-12-31       0.0                 0.8     -10.2
2010-01-01       0.0                0.66     -9.23
