2003-05-01       0.0                4.19     13.13
2003-05-02      0.11                4.32     16.07
2003-05-03      0.99                4.22     15.93
2003-05-04       0.0                4.39     17.87
2003-05-05       0.0                4.86      17.8
2003-05-06      2.64                2.12      15.3
2003-05-07     72.31                1.93     11.47
2003-05-08      0.24                4.31       9.9
2003-05-09       0.0                4.03     11.63
2003-05-10       0.0                4.09     14.53
2003-05-11       0.0                4.43     14.93
2003-05-12       0.0                4.32     15.43
2003-05-13       0.0                4.81     18.43
2003-05-14       0.0                5.01     15.83
2003-05-15       0.0                5.32      15.7
2003-05-16       0.0                4.48     15.27
2003-05-17      0.31                3.84      17.5
2003-05-18       0.0                3.62     17.87
2003-05-19       0.0                3.86      16.8
2003-05-20       0.0                2.99     16.03
2003-05-21       0.0                3.27     17.37
2003-05-22       0.0                3.73     19.17
2003-05-23       0.1                 4.4     19.13
2003-05-24      0.52                2.71     19.27
2003-05-25      2.14                2.29      16.2
2003-05-26      0.03                4.83     19.97
2003-05-27      2.23                5.25     19.03
2003-05-28       0.0                5.16     20.13
2003-05-29      0.01                2.37      18.6
2003-05-30      11.2                2.41     18.63
2003-05-31      0.17                4.95     18.07
2003-06-01      0.01                 5.1     17.97
2003-06-02       0.0                5.38     17.53
2003-06-03       0.0                4.62     17.93
2003-06-04       0.0                4.75     20.57
2003-06-05       0.0                5.19     20.87
2003-06-06      1.39                3.07     19.73
2003-06-07      0.09                 4.0     19.57
2003-06-08       0.0                4.41     22.07
2003-06-09      0.04                4.99     20.33
2003-06-10      0.05                3.56     18.73
2003-06-11      5.29                 2.7     18.17
2003-06-12     15.05                2.08     17.93
2003-06-13      0.35                2.98     19.67
2003-06-14       4.4                2.68     19.17
2003-06-15     10.31                1.98      16.7
2003-06-16      2.84                3.62     20.03
2003-06-17       0.0                 4.5     21.83
2003-06-18       0.0                4.47     21.97
2003-06-19      0.07                 2.5      20.1
2003-06-20      0.24                3.72     22.13
2003-06-21       0.0                4.35      22.8
2003-06-22      0.03                 4.4     24.63
2003-06-23      8.45                2.42      19.1
2003-06-24      5.66                2.39     18.87
2003-06-25      1.68                2.44      19.1
2003-06-26       0.0                4.07      22.1
2003-06-27     42.89                2.32     19.03
2003-06-28      1.44                4.88     21.07
2003-06-29      2.77                2.23     19.77
2003-06-30       0.0                4.42      22.5
2003-07-01       0.5                4.95      22.6
2003-07-02      0.39                 3.9     23.13
2003-07-03     12.06                 2.7      19.5
2003-07-04      0.01                2.78     19.67
2003-07-05       0.0                5.26     23.03
2003-07-06      0.01                 2.6      21.9
2003-07-07       0.2                4.08      22.2
2003-07-08      0.05                4.63      23.2
2003-07-09     39.19                2.23     21.53
2003-07-10      0.79                 3.4     23.03
2003-07-11       0.0                5.07     23.17
2003-07-12      0.08                2.55     21.77
2003-07-13      0.59                4.91     21.37
2003-07-14       0.0                 4.1     21.03
2003-07-15       0.0                4.26     21.47
2003-07-16      1.09                3.01      20.4
2003-07-17      1.23                3.18     21.73
2003-07-18     42.83                2.05     19.03
2003-07-19      8.88                 2.7      20.2
2003-07-20      0.16                4.22      22.9
2003-07-21       5.5                3.28     23.63
2003-07-22    126.66                2.07     20.27
2003-07-23     14.26                2.51     22.43
2003-07-24      0.18                3.79     23.73
2003-07-25      0.52                5.54     22.87
2003-07-26       0.2                4.15      22.0
2003-07-27      5.73                2.23     20.07
2003-07-28      8.95                 2.1     20.67
2003-07-29      3.46                2.77      22.1
2003-07-30       0.0                5.21     23.47
2003-07-31       0.0                4.46     25.33
2003-08-01      0.03                2.93      25.4
2003-08-02      6.19                2.19      23.9
2003-08-03      7.94                2.91     25.67
2003-08-04      0.04                2.47      24.9
2003-08-05      1.39                 4.4      25.2
2003-08-06     15.14                2.51     23.93
2003-08-07     56.93                 2.1     20.93
2003-08-08      0.17                5.04     24.03
2003-08-09      0.56                5.14     22.93
2003-08-10      6.96                2.59     24.17
2003-08-11     25.55                3.28     22.53
2003-08-12      0.05                4.76     23.13
2003-08-13       0.0                4.08     21.93
2003-08-14       0.0                5.27     20.37
2003-08-15       0.0                4.73     20.77
2003-08-16       0.0                2.44     21.03
2003-08-17      2.28                2.29     20.47
2003-08-18      0.69                1.96      20.1
2003-08-19     40.84                 1.9     20.07
2003-08-20     85.04                2.65     23.87
2003-08-21      0.46                3.11     25.67
2003-08-22      0.08                3.95      26.7
2003-08-23     80.82                 2.1     23.57
2003-08-24     87.26                1.91     20.47
2003-08-25     43.85                4.46     22.73
2003-08-26      0.03                2.49     22.13
2003-08-27     50.34                1.91     21.43
2003-08-28      6.14                3.54     23.03
2003-08-29      0.02                2.21     21.57
2003-08-30      12.8                1.82     19.33
2003-08-31      4.29                1.88     18.47
2003-09-01      0.07                1.76     19.87
2003-09-02      31.2                1.65     18.43
2003-09-03      0.94                1.76     20.33
2003-09-04      0.42                2.85      22.0
2003-09-05     23.17                2.15     21.97
2003-09-06      0.33                2.78     22.37
2003-09-07     29.21                1.63      20.1
2003-09-08     18.92                3.75     23.23
2003-09-09     32.73                1.59      18.2
2003-09-10       0.0                2.35     20.83
2003-09-11      0.07                1.75      20.2
2003-09-12     36.28                1.64     19.77
2003-09-13      49.5                1.68     20.33
2003-09-14      1.31                2.29     20.37
2003-09-15      0.01                 3.1      21.3
2003-09-16       0.0                2.59     21.73
2003-09-17      0.05                2.37     22.23
2003-09-18    113.99                1.43      18.1
2003-09-19      1.55                2.88     17.93
2003-09-20      0.05                3.33     17.07
2003-09-21      0.22                2.89     15.77
2003-09-22       0.0                2.94     15.47
2003-09-23       0.0                3.02     14.53
2003-09-24       0.0                2.35     14.23
2003-09-25       0.0                3.03     18.97
2003-09-26       0.0                2.86      18.6
2003-09-27       0.0                2.48      17.4
2003-09-28       0.0                1.83      17.4
2003-09-29      0.03                2.96     15.17
2003-09-30       0.0                2.17     15.13
2003-10-01      3.73                1.15     15.23
2003-10-02      0.09                1.73     13.83
2003-10-03      0.07                2.12     13.53
2003-10-04      0.03                2.06     12.73
2003-10-05       0.0                1.43     12.07
2003-10-06       0.0                1.67      12.8
2003-10-07       0.0                1.98     14.43
2003-10-08       0.0                2.11      15.5
2003-10-09       0.0                1.99     16.17
2003-10-10       0.0                 2.0     17.33
2003-10-11       0.0                2.21     16.33
2003-10-12      2.34                1.49     16.03
2003-10-13      7.71                1.09     11.33
2003-10-14      1.42                1.51     11.33
2003-10-15      0.04                1.79      9.17
2003-10-16       0.0                1.66     10.23
2003-10-17      0.35                1.59      9.93
2003-10-18       0.0                1.66     11.57
2003-10-19       0.0                1.57      9.93
2003-10-20       0.0                1.12      9.23
2003-10-21      0.05                0.92      9.07
2003-10-22      0.17                1.81     10.93
2003-10-23       0.0                1.83       6.4
2003-10-24       0.0                1.45       6.7
2003-10-25      0.11                 2.0       9.5
2003-10-26      0.18                1.42       7.5
2003-10-27      0.72                1.36      9.87
2003-10-28     13.37                2.84       8.8
2003-10-29       0.0                1.38      5.77
2003-10-30       0.0                 1.2       9.4
2003-10-31       0.0                1.41     13.13
2003-11-01       0.0                1.33      12.6
2003-11-02       0.0                 0.9      12.5
2003-11-03      0.11                1.95      10.4
2003-11-04       0.0                1.21      8.13
2003-11-05       0.0                1.14      9.27
2003-11-06       0.0                1.16     10.77
2003-11-07      8.08                0.64      8.43
2003-11-08     22.49                0.68      7.57
2003-11-09       1.6                1.17       8.4
2003-11-10      0.42                0.97       8.6
2003-11-11     13.33                 0.7      7.97
2003-11-12      8.55                0.64       7.0
2003-11-13      1.08                0.89       6.5
2003-11-14      0.06                0.64      7.27
2003-11-15      1.67                0.95      9.37
2003-11-16      0.02                1.31      3.27
2003-11-17       0.0                0.87       3.8
2003-11-18       0.0                0.72       5.8
2003-11-19      0.38                1.31      8.43
2003-11-20      6.06                0.75     10.83
2003-11-21      0.04                1.86      3.93
2003-11-22       0.0                1.24     -1.03
2003-11-23      0.15                0.65     -0.13
2003-11-24      0.06                 0.6      1.87
2003-11-25       1.6                0.81      5.83
2003-11-26      0.34                0.74       7.1
2003-11-27      4.17                1.35      7.47
2003-11-28      2.84                1.01      8.83
2003-11-29      3.13                0.77      9.43
2003-11-30      0.12                0.71      8.23
2003-12-01      0.04                0.66       6.8
