2004-11-01      0.16                1.67     11.97
2004-11-02      4.28                1.41     10.97
2004-11-03      2.67                 1.1      9.23
2004-11-04       0.0                1.34      10.3
2004-11-05      1.62                1.46      9.73
2004-11-06       0.1                1.81       7.7
2004-11-07       0.0                1.36      8.27
2004-11-08       0.0                1.46     10.37
2004-11-09      0.11                 1.3      12.5
2004-11-10      9.27                0.85     12.37
2004-11-11      4.87                0.84     13.77
2004-11-12      0.21                1.78      4.97
2004-11-13       0.0                0.94      2.53
2004-11-14       0.0                1.12       5.9
2004-11-15       0.0                1.97      3.87
2004-11-16       0.0                1.56      3.93
2004-11-17       0.0                1.23      7.13
2004-11-18       0.0                1.01       7.9
2004-11-19       0.0                 1.0      6.97
2004-11-20       0.0                1.15      5.33
2004-11-21       0.0                1.08      5.34
2004-11-22       0.0                 1.1      4.77
2004-11-23      0.05                 1.0      5.57
2004-11-24       0.0                0.76       6.5
2004-11-25      0.23                0.89      6.33
2004-11-26     17.45                1.24      4.63
2004-11-27      0.28                1.25      4.87
2004-11-28       0.0                0.82      4.63
2004-11-29       0.0                0.85      3.07
2004-11-30       0.0                 0.8       1.8
2004-12-01       0.0                0.83      3.13
2004-12-02       0.0                0.88       5.2
2004-12-03      0.12                0.89       6.7
2004-12-04      9.56                0.52       5.5
2004-12-05      0.15                0.96      2.67
2004-12-06       1.8                0.85       0.1
2004-12-07       1.5                1.22      2.53
2004-12-08       0.0                0.74      3.53
2004-12-09       0.0                0.82      5.27
2004-12-10      0.24                1.51      4.63
2004-12-11       0.0                0.68      1.13
2004-12-12       0.0                1.06       3.5
2004-12-13       0.0                0.73      1.23
2004-12-14       0.0                0.73      1.37
2004-12-15      4.93                0.68      3.07
2004-12-16      0.11                 0.6      3.13
2004-12-17      0.24                0.71      2.24
2004-12-18       0.0                0.65      1.87
2004-12-19       0.0                1.07      3.43
2004-12-20      0.15                1.41      0.17
2004-12-21       0.0                0.62     -3.23
2004-12-22       0.0                0.66     -3.77
2004-12-23       0.0                 0.7     -3.07
2004-12-24      0.06                0.58     -2.83
2004-12-25       0.0                1.06     -1.16
2004-12-26       0.0                0.87     -4.13
2004-12-27       0.0                0.75     -5.07
2004-12-28       0.0                0.68      -6.7
2004-12-29      0.06                0.79      -6.0
2004-12-30       0.0                0.61      -7.5
2004-12-31       0.0                0.62     -5.97
2005-01-01       0.0                0.68     -7.83
2005-01-02      0.02                0.86      -4.9
2005-01-03      0.79                1.15      1.43
2005-01-04       0.0                0.87      -6.0
2005-01-05       0.0                0.63     -6.93
2005-01-06       0.0                 1.1      -1.9
2005-01-07      0.01                0.95      -4.3
2005-01-08       0.0                0.87      -7.1
2005-01-09       0.0                0.76      -8.9
2005-01-10      0.01                0.88      -8.7
2005-01-11       0.0                1.25      -5.8
2005-01-12       0.0                0.75     -8.37
2005-01-13       0.0                 0.7      -7.3
2005-01-14       0.0                0.58     -5.93
2005-01-15      0.88                0.85     -3.53
2005-01-16     13.09                0.58      -3.9
2005-01-17       0.4                0.56     -5.36
2005-01-18       0.2                0.61      -4.4
2005-01-19       0.0                1.36     -4.36
2005-01-20       0.0                0.91      -7.8
2005-01-21       0.0                 0.7      -8.5
2005-01-22       0.0                0.64      -6.4
2005-01-23       0.0                0.84     -0.73
2005-01-24       0.0                0.86     -1.47
2005-01-25      0.16                0.57      -3.2
2005-01-26      0.05                0.83       0.4
2005-01-27      0.08                1.07     -0.37
2005-01-28       0.0                0.96     -1.23
2005-01-29      0.56                0.94     -2.87
2005-01-30       0.0                1.04     -7.87
2005-01-31       0.0                1.32      -8.0
2005-02-01       0.0                 0.9     -11.4
2005-02-02       0.0                0.86     -10.0
2005-02-03       0.0                0.89     -7.37
2005-02-04       0.0                0.97     -4.03
2005-02-05       0.0                1.03     -3.53
2005-02-06       0.0                1.03      -1.4
2005-02-07      0.25                0.72      -0.5
2005-02-08      1.56                0.58     -0.33
2005-02-09       0.0                0.89     -2.17
2005-02-10       0.0                1.13      -5.7
2005-02-11       0.0                1.07     -7.83
2005-02-12       0.0                 1.0      -7.3
2005-02-13      0.04                1.17     -5.43
2005-02-14       0.0                1.08      -1.3
2005-02-15      4.69                1.41      0.67
2005-02-16      8.84                0.83       1.0
2005-02-17      0.68                1.09      0.93
2005-02-18       0.2                1.06      1.33
2005-02-19      0.66                1.14     -3.93
2005-02-20       0.0                 1.3     -8.57
2005-02-21      0.85                 1.2     -8.77
2005-02-22      7.86                0.92     -2.53
2005-02-23      0.34                 1.4      -5.0
2005-02-24      0.11                1.16     -4.13
2005-02-25       0.0                1.22     -6.87
2005-02-26      0.06                1.08     -8.03
2005-02-27       0.0                1.31     -6.13
2005-02-28       0.0                1.48      -1.5
2005-03-01      0.01                1.34     -3.17
2005-03-02      0.05                1.43       0.0
2005-03-03      0.01                1.42     -3.07
2005-03-04      3.82                0.95      -2.8
2005-03-05       0.4                1.02      -4.2
2005-03-06       0.0                1.73      -2.0
2005-03-07       0.0                1.54       2.0
2005-03-08      0.01                2.35       4.3
2005-03-09       0.0                 1.8       3.6
2005-03-10      6.63                1.21      6.33
2005-03-11      5.85                0.91     -0.23
2005-03-12      0.41                1.51     -4.73
2005-03-13      0.05                1.77      -3.6
2005-03-14      0.06                 2.0     -0.43
2005-03-15       0.0                1.82      2.77
2005-03-16      0.14                1.91       5.5
2005-03-17      6.79                1.44      5.03
2005-03-18      0.89                 2.3       4.0
2005-03-19       0.0                2.41      3.23
2005-03-20       0.0                2.79      5.97
2005-03-21      0.02                2.62      6.17
2005-03-22       0.8                2.44      8.83
2005-03-23      1.45                1.44       5.3
2005-03-24      3.26                1.38      0.87
2005-03-25       0.4                2.25       0.9
2005-03-26      0.24                2.84      6.63
2005-03-27       0.0                2.95       8.9
2005-03-28       0.0                2.93      7.23
2005-03-29       0.0                2.58      4.07
2005-03-30       0.0                3.16      5.37
2005-03-31       0.0                2.98       7.2
2005-04-01       0.0                2.69      7.83
2005-04-02       0.0                2.51      7.63
2005-04-03      1.84                2.43      5.37
2005-04-04       0.0                 3.3       6.0
2005-04-05       0.0                4.79     12.57
2005-04-06      4.34                2.65      11.6
2005-04-07      0.25                2.46      12.6
2005-04-08       0.0                3.55     11.27
2005-04-09     23.59                1.94       9.6
2005-04-10     24.33                2.57     11.53
2005-04-11      0.33                2.89      8.83
2005-04-12      2.27                2.33      9.37
2005-04-13      0.04                3.04     10.07
2005-04-14       0.0                4.08     10.04
2005-04-15       0.0                3.53      8.37
2005-04-16       0.0                4.49      9.37
2005-04-17       0.0                3.61     10.93
2005-04-18       0.2                 3.1      12.9
2005-04-19      9.49                3.02     14.63
2005-04-20      9.43                4.65     10.87
2005-04-21      0.03                4.14     10.43
2005-04-22       0.0                4.38     11.33
2005-04-23       0.0                3.56     10.43
2005-04-24      0.09                4.11     11.77
2005-04-25       0.0                 4.3     13.13
2005-04-26       0.0                4.72      13.0
2005-04-27      0.56                5.13     15.93
2005-04-28       0.0                5.14      21.9
2005-04-29      0.04                4.38     18.97
2005-04-30       0.0                4.15     21.43
2005-05-01      0.01                3.91      19.6
2005-05-02      0.69                4.55     15.93
2005-05-03       0.0                6.12      16.3
2005-05-04       0.0                 4.8     17.37
2005-05-05       3.8                4.96     17.37
2005-05-06     25.85                1.61      9.13
2005-05-07      0.09                3.32     11.17
2005-05-08       0.0                2.31     11.67
2005-05-09      0.29                3.42      10.7
2005-05-10      0.03                3.39     10.83
2005-05-11       3.1                1.79     10.73
2005-05-12      2.51                 2.3     12.23
2005-05-13       0.0                3.89     13.33
2005-05-14       0.0                3.89      14.7
2005-05-15      0.52                 4.2     15.83
2005-05-16       0.0                3.89      16.2
2005-05-17      9.48                2.57     18.13
2005-05-18     25.26                2.12     14.67
2005-05-19       0.0                4.35     16.17
2005-05-20       0.0                 4.7     16.73
2005-05-21       0.0                 4.4      16.5
2005-05-22      0.22                 2.5     14.87
2005-05-23      1.05                3.82      15.9
2005-05-24      0.01                4.11      14.8
2005-05-25       0.0                4.43      15.9
2005-05-26       0.0                4.99      20.7
2005-05-27       0.0                4.97      18.7
2005-05-28       0.0                 4.7     18.43
2005-05-29       0.0                5.12     19.23
2005-05-30      0.26                4.81     19.07
2005-05-31       0.0                5.06      18.5
2005-06-01      0.01                4.52     18.27
