2007-03-01       0.0                1.75       6.4
2007-03-02      9.58                0.88      5.27
2007-03-03      0.07                1.16      8.97
2007-03-04     20.09                1.43      8.73
2007-03-05      2.66                2.43      1.93
2007-03-06      0.01                1.77      -4.8
2007-03-07       0.0                1.63     -4.36
2007-03-08       0.0                1.59     -1.76
2007-03-09       0.0                1.93      3.37
2007-03-10      2.05                1.86      1.83
2007-03-11      0.04                2.03     -1.27
2007-03-12       0.0                2.48       1.7
2007-03-13       0.0                2.12      3.17
2007-03-14       0.0                2.07      4.07
2007-03-15       0.0                2.12      5.47
2007-03-16      0.15                1.88       5.5
2007-03-17       0.0                1.72       3.4
2007-03-18       0.0                1.69       3.8
2007-03-19      0.06                1.52      1.63
2007-03-20      0.03                 1.6      1.43
2007-03-21      2.05                1.23      3.77
2007-03-22      1.04                1.94       6.7
2007-03-23       0.0                2.32       8.9
2007-03-24     14.35                1.34       9.1
2007-03-25      0.04                3.39      9.74
2007-03-26      0.25                2.96      7.34
2007-03-27      2.01                 2.3       9.1
2007-03-28     13.48                1.14       3.5
2007-03-29      8.68                1.64       5.5
2007-03-30       1.2                2.25      8.03
2007-03-31     10.92                1.56      8.87
2007-04-01      0.01                1.98       8.4
2007-04-02      0.15                2.14      4.73
2007-04-03       1.2                2.24      4.33
2007-04-04       0.3                2.53      4.93
2007-04-05      0.01                2.71      5.73
2007-04-06      0.01                 2.9       9.3
2007-04-07      0.01                 2.2      8.13
2007-04-08      0.05                2.27      7.33
2007-04-09      0.13                3.48      7.97
2007-04-10      5.42                 1.7      6.83
2007-04-11      0.25                2.93      10.4
2007-04-12      6.51                1.54       9.4
2007-04-13      6.81                1.84     10.13
2007-04-14      0.14                3.05     10.53
2007-04-15      0.15                2.83      9.13
2007-04-16      0.43                2.37       8.5
2007-04-17      4.46                2.16      8.03
2007-04-18      0.01                2.75       9.2
2007-04-19      0.34                3.09      9.97
2007-04-20     13.06                2.69     11.37
2007-04-21      1.97                3.43      16.1
2007-04-22      0.37                3.04     11.77
2007-04-23       0.0                3.59     10.73
2007-04-24       0.0                2.19      9.87
2007-04-25      0.22                 3.1     11.04
2007-04-26       0.0                3.16     11.17
2007-04-27       0.0                4.42     12.23
2007-04-28       0.0                4.97     13.77
2007-04-29       0.0                5.31      15.4
2007-04-30      0.36                2.55      13.8
2007-05-01     11.25                1.61      11.4
2007-05-02      0.68                3.91      15.9
2007-05-03       0.0                3.53     15.37
2007-05-04       0.0                4.46      18.2
2007-05-05       0.0                4.64     17.57
2007-05-06      0.03                3.74     16.93
2007-05-07       0.0                5.31     17.13
2007-05-08      0.31                5.72      20.3
2007-05-09       6.7                3.47      14.0
2007-05-10       0.2                3.76     14.13
2007-05-11       0.0                 3.8     15.27
2007-05-12      15.0                2.53     13.83
2007-05-13      0.19                5.28     14.37
2007-05-14      6.99                3.34     14.57
2007-05-15      0.07                3.99      15.9
2007-05-16     29.35                2.24     16.33
2007-05-17     10.23                 3.7     17.83
2007-05-18      9.95                1.98     12.93
2007-05-19      3.11                2.13      13.6
2007-05-20      0.13                3.28     16.23
2007-05-21       0.0                4.56     17.17
2007-05-22       0.0                4.99     16.33
2007-05-23       0.0                3.12     17.97
2007-05-24     23.67                2.36     17.07
2007-05-25      2.08                4.54     19.47
2007-05-26      0.03                6.07     19.34
2007-05-27       0.0                4.58     16.73
2007-05-28       0.0                4.92     18.57
2007-05-29      2.13                2.43      16.1
2007-05-30      0.87                3.65      17.5
2007-05-31      0.03                4.72     17.17
2007-06-01       0.0                3.02      16.8
2007-06-02       0.0                 5.3      17.7
2007-06-03       0.0                 5.1     18.43
2007-06-04       0.0                3.69     19.33
2007-06-05       0.0                 3.1      18.9
2007-06-06       0.0                5.04     21.07
2007-06-07      0.73                3.24     18.64
2007-06-08      8.53                2.48      16.1
2007-06-09       0.0                2.83     15.77
2007-06-10       0.0                5.07      19.3
2007-06-11       0.0                5.65     21.43
2007-06-12      0.25                 5.0      22.1
2007-06-13      0.53                4.67      21.6
2007-06-14      1.53                3.71      18.8
2007-06-15       0.0                5.01     19.17
2007-06-16       0.0                 6.0     18.53
2007-06-17       0.0                6.12      19.0
2007-06-18       0.0                6.22     22.37
2007-06-19       0.0                6.53     21.23
2007-06-20      0.17                4.22     22.37
2007-06-21      6.49                2.43     20.63
2007-06-22      0.26                 5.5     24.17
2007-06-23      0.02                4.86     23.23
2007-06-24      3.97                3.69     21.83
2007-06-25     12.23                 2.6      21.3
2007-06-26      0.03                5.18     24.27
2007-06-27      0.92                4.62      24.7
2007-06-28     20.26                2.44      23.4
2007-06-29      4.43                2.52     21.83
2007-06-30      0.61                3.06      21.4
2007-07-01     13.53                2.28     19.13
2007-07-02     34.68                2.09     19.23
2007-07-03      0.56                3.34     22.83
2007-07-04      2.68                2.47      21.4
2007-07-05      0.18                3.51     22.83
2007-07-06       0.0                4.32      24.1
2007-07-07       0.0                4.87     23.47
2007-07-08      2.26                4.24     24.77
2007-07-09      0.82                4.21      23.2
2007-07-10     32.08                2.59      19.1
2007-07-11     30.77                2.01     17.17
2007-07-12     10.18                4.66     21.77
2007-07-13      0.08                3.95      22.1
2007-07-14      0.71                3.38     19.77
2007-07-15      0.36                4.68      20.7
2007-07-16     17.96                2.11     18.17
2007-07-17      0.91                2.72     21.53
2007-07-18      0.24                4.54     24.43
2007-07-19     18.23                 3.2      22.3
2007-07-20      2.29                4.19      24.2
2007-07-21      0.28                2.23     22.03
2007-07-22      0.09                4.08     25.37
2007-07-23      0.13                3.82     25.47
2007-07-24      3.92                 2.4     23.27
2007-07-25      1.99                2.47     24.03
2007-07-26      0.06                4.22     26.53
2007-07-27       0.0                4.44     26.93
2007-07-28      0.58                4.63      27.2
2007-07-29     16.38                2.58     23.33
2007-07-30       0.0                3.84     24.33
2007-07-31       0.0                 4.0     24.93
2007-08-01     17.77                3.04     25.43
2007-08-02      6.61                4.09     27.07
2007-08-03     16.43                4.53     25.67
2007-08-04     43.78                2.95      23.3
2007-08-05      5.68                 2.6     24.07
2007-08-06      0.06                 3.0     24.07
2007-08-07     12.63                2.09     22.17
2007-08-08     67.89                2.59      23.5
2007-08-09     125.9                2.39      23.3
2007-08-10     33.44                2.73      24.6
2007-08-11      2.04                3.74     26.53
2007-08-12      0.67                2.28     23.63
2007-08-13      0.82                3.29      27.1
2007-08-14      3.28                2.68     26.27
2007-08-15      5.27                2.62     25.53
2007-08-16      8.08                3.15     26.83
2007-08-17      0.02                4.35     26.93
2007-08-18      0.03                3.96     26.67
2007-08-19     14.24                 3.2     26.83
2007-08-20       0.1                2.79     25.27
2007-08-21      0.42                3.24     25.73
2007-08-22      0.54                 4.2     25.87
2007-08-23      0.03                4.79     24.83
2007-08-24       0.0                4.41     25.47
2007-08-25      0.67                4.32     26.77
2007-08-26      3.88                3.76      26.7
2007-08-27     59.85                2.54      24.2
2007-08-28      2.97                3.64     22.87
2007-08-29      8.48                1.91      18.9
2007-08-30      0.71                2.83      20.4
2007-08-31       0.0                3.27     20.57
2007-09-01     14.58                1.75     18.23
2007-09-02      9.14                2.06     18.87
2007-09-03      3.65                2.23     21.27
2007-09-04      0.37                2.09      19.9
2007-09-05     14.17                1.92     17.87
2007-09-06     25.02                1.75     16.67
2007-09-07      1.09                3.26      19.7
2007-09-08      0.14                2.84     20.13
2007-09-09      0.76                3.58     19.43
2007-09-10       0.0                3.26     19.97
2007-09-11      1.53                2.92     22.33
2007-09-12       0.0                3.33      22.3
2007-09-13       0.0                2.67      22.4
2007-09-14     42.93                2.37     21.17
2007-09-15     62.81                 2.0      20.6
2007-09-16      7.12                2.26     20.27
2007-09-17     13.43                2.75     20.47
2007-09-18     23.09                1.69     18.77
2007-09-19     38.08                2.63     23.97
2007-09-20     11.38                3.08     25.97
2007-09-21      2.33                2.71      24.0
2007-09-22      4.45                 2.0      18.7
2007-09-23      0.08                2.83      19.9
2007-09-24      0.34                2.82      21.3
2007-09-25       0.0                 2.9      21.8
2007-09-26       0.0                2.66     21.17
2007-09-27     15.29                1.67      20.4
2007-09-28      2.75                 1.7     17.03
2007-09-29      0.11                1.74     16.77
2007-09-30       0.1                2.14     18.57
2007-10-01       0.9                1.34     16.83
