2005-11-01      0.02                1.63      8.73
2005-11-02       0.0                1.29     10.43
2005-11-03       0.0                1.56      13.6
2005-11-04       0.0                1.12     13.23
2005-11-05      0.31                1.48     14.03
2005-11-06     25.05                1.56      14.5
2005-11-07      2.14                2.11       8.3
2005-11-08      0.76                 2.3       6.8
2005-11-09      0.01                1.61      6.83
2005-11-10      0.61                 1.2       9.3
2005-11-11      0.01                1.06      8.53
2005-11-12       0.0                1.37      6.23
2005-11-13       0.0                1.02       6.8
2005-11-14       0.0                1.11      4.73
2005-11-15       0.0                1.02      1.87
2005-11-16       0.0                1.01      1.47
2005-11-17       0.0                1.12      0.77
2005-11-18       0.0                1.03      1.13
2005-11-19       0.0                0.92      0.43
2005-11-20       0.0                1.08       0.8
2005-11-21       0.0                1.27      3.84
2005-11-22       0.0                1.04       2.2
2005-11-23       0.0                1.57       5.4
2005-11-24       0.0                1.22       5.4
2005-11-25       0.0                1.19      4.57
2005-11-26      0.15                0.91      4.64
2005-11-27      0.17                0.85      6.37
2005-11-28      4.95                1.21      6.04
2005-11-29      0.52                1.39       2.9
2005-11-30      0.22                0.84       1.5
2005-12-01      0.55                0.56       0.0
2005-12-02       0.0                0.79      0.43
2005-12-03      0.02                 1.2      -2.0
2005-12-04      0.17                0.91     -5.23
2005-12-05      0.15                0.68     -6.66
2005-12-06      0.04                0.75     -4.26
2005-12-07       0.0                0.75     -3.87
2005-12-08       0.0                0.92     -4.03
2005-12-09       0.0                0.94      -4.6
2005-12-10       0.0                1.32     -2.47
2005-12-11       0.0                0.77     -7.57
2005-12-12       0.0                0.98     -8.63
2005-12-13       0.0                0.78     -10.3
2005-12-14       0.0                0.72     -8.67
2005-12-15       0.0                0.87     -7.43
2005-12-16      0.03                0.97      -5.5
2005-12-17       0.0                0.88    -10.37
2005-12-18      0.01                0.71     -10.2
2005-12-19       0.0                0.54      -7.0
2005-12-20       0.0                0.75      -6.5
2005-12-21      0.24                 0.8     -7.03
2005-12-22       0.0                0.83     -9.03
2005-12-23      0.39                 0.8      -4.8
2005-12-24      0.01                0.75     -7.93
2005-12-25      1.19                1.16     -3.63
2005-12-26       0.0                0.66     -9.43
2005-12-27      0.04                0.66     -9.63
2005-12-28       0.0                0.61     -8.73
2005-12-29      0.04                0.54     -6.73
2005-12-30      0.36                0.77      -1.9
2005-12-31      0.02                0.57      -1.8
2006-01-01       0.0                0.52     -1.83
2006-01-02       0.1                1.01     -1.57
2006-01-03       0.0                0.61      -3.3
2006-01-04       0.0                0.84     -6.23
2006-01-05       0.0                0.74     -7.53
2006-01-06       0.0                0.67    -10.23
2006-01-07       0.0                0.65    -10.33
2006-01-08       0.0                0.68     -8.13
2006-01-09       0.0                0.64      -6.2
2006-01-10      0.05                0.69      -3.2
2006-01-11       0.0                0.53     -4.97
2006-01-12      2.23                0.77     -3.43
2006-01-13     18.83                0.39       0.7
2006-01-14      0.52                0.58      1.13
2006-01-15      0.09                0.68       1.8
2006-01-16      0.01                0.56     -0.47
2006-01-17       0.0                0.66     -1.33
2006-01-18       0.0                 0.7     -1.13
2006-01-19       0.0                0.83     -1.33
2006-01-20       0.0                0.72      -0.4
2006-01-21       0.0                0.69     -0.87
2006-01-22       0.0                0.87     -4.43
2006-01-23       0.0                0.85     -6.23
2006-01-24       0.0                0.73      -5.4
2006-01-25       0.0                0.84     -4.73
2006-01-26       0.0                0.91     -2.37
2006-01-27       0.0                1.23     -0.07
2006-01-28       0.0                0.77     -1.47
2006-01-29      0.04                0.98       0.3
2006-01-30      0.22                 1.1       4.5
2006-01-31      5.35                0.65      1.53
2006-02-01      4.11                0.51      -0.8
2006-02-02       0.0                0.36     -4.13
2006-02-03       0.0                0.93     -10.0
2006-02-04       0.0                0.87    -10.46
2006-02-05      0.08                0.81      -8.9
2006-02-06      0.14                0.97     -3.03
2006-02-07      3.54                0.69     -0.77
2006-02-08      0.54                0.82     -7.83
2006-02-09       0.1                 1.0      -8.7
2006-02-10      0.15                1.37     -0.37
2006-02-11       0.0                1.26     -0.53
2006-02-12      0.01                1.38      -3.4
2006-02-13      0.09                2.34       3.4
2006-02-14       2.7                0.84      5.27
2006-02-15      0.06                0.78      1.97
2006-02-16       0.0                1.26      2.13
2006-02-17      0.04                 1.5      -4.4
2006-02-18       0.0                1.48      -2.5
2006-02-19       0.0                1.45       1.5
2006-02-20       0.0                1.57      2.17
2006-02-21       0.0                1.63       3.1
2006-02-22       0.0                1.32      2.83
2006-02-23       0.0                1.73      0.43
2006-02-24      0.06                1.55       1.9
2006-02-25       0.0                1.32      2.13
2006-02-26       0.0                1.75      1.67
2006-02-27      0.01                1.39     -0.87
2006-02-28      0.49                1.01      0.93
2006-03-01      2.72                1.08     -0.07
2006-03-02      0.21                1.24     -1.73
2006-03-03       0.0                1.52      -2.5
2006-03-04      0.27                1.81       0.6
2006-03-05      1.12                2.21      6.57
2006-03-06      0.06                1.69      3.03
2006-03-07       0.0                2.37       3.8
2006-03-08      0.11                1.86      3.97
2006-03-09       0.0                1.99      7.23
2006-03-10       0.0                2.27      7.53
2006-03-11       0.0                2.24      6.97
2006-03-12       0.0                2.29     -2.27
2006-03-13      0.04                1.64      -4.6
2006-03-14       0.0                2.22      -0.6
2006-03-15      0.01                 2.4      3.87
2006-03-16       3.6                1.06      3.97
2006-03-17      0.39                1.96      7.57
2006-03-18       0.0                 2.5       8.0
2006-03-19       0.0                2.45       3.6
2006-03-20      0.08                2.14      3.27
2006-03-21       0.0                 2.5       6.7
2006-03-22      0.05                 2.6      8.43
2006-03-23      0.39                2.41       5.8
2006-03-24      0.01                 2.7       4.3
2006-03-25      0.36                3.32       8.3
2006-03-26       0.0                2.84      5.23
2006-03-27       0.0                 2.9       5.5
2006-03-28      0.16                1.56       2.2
2006-03-29      0.48                2.08      1.33
2006-03-30      3.02                 2.1      1.87
2006-03-31      0.19                2.62      3.63
2006-04-01     10.22                1.65      7.93
2006-04-02      2.73                 1.2       7.2
2006-04-03      0.05                2.93     10.27
2006-04-04      0.03                2.04      9.33
2006-04-05       0.0                 2.9      9.03
2006-04-06       0.0                1.84       6.6
2006-04-07       1.1                2.52       9.5
2006-04-08      0.13                3.79     11.07
2006-04-09      7.19                2.79      11.7
2006-04-10      5.95                2.22      10.6
2006-04-11      1.82                1.94      11.0
2006-04-12      0.13                2.54      10.6
2006-04-13       0.0                1.82      4.13
2006-04-14       0.0                3.27      8.23
2006-04-15       0.0                2.31       8.1
2006-04-16       0.0                 3.2      6.63
2006-04-17      0.35                1.92      6.67
2006-04-18      8.76                2.74     12.33
2006-04-19      41.2                1.78      6.93
2006-04-20      3.73                1.44      3.77
2006-04-21      1.39                3.54      8.77
2006-04-22      0.06                3.69     11.97
2006-04-23      5.29                2.78      9.23
2006-04-24      0.29                3.66      8.87
2006-04-25       0.0                 3.9      9.67
2006-04-26       0.0                2.94     11.87
2006-04-27      0.16                3.61     12.87
2006-04-28      0.03                3.99     11.87
2006-04-29       0.0                4.08     14.03
2006-04-30      0.76                2.79      16.0
2006-05-01      0.01                4.07     17.03
2006-05-02       0.0                4.28     11.53
2006-05-03       0.0                4.21     12.23
2006-05-04       0.0                5.45     17.77
2006-05-05       0.0                3.17     19.23
2006-05-06     59.65                 2.1     13.97
2006-05-07      1.48                3.65     15.13
2006-05-08      0.01                4.17      16.8
2006-05-09      0.05                5.01     17.57
2006-05-10      0.65                2.39     16.27
2006-05-11      0.36                4.49     16.93
2006-05-12       0.0                2.31     13.67
2006-05-13      1.77                3.46     13.57
2006-05-14      0.15                4.56     15.17
2006-05-15      0.03                4.89     15.77
2006-05-16       0.0                5.03      16.8
2006-05-17       0.0                4.43     16.93
2006-05-18       0.0                3.85     17.77
2006-05-19      0.03                2.75     17.63
2006-05-20       0.0                4.32      17.6
2006-05-21       0.0                3.94     18.53
2006-05-22     20.92                 3.0     19.23
2006-05-23      0.61                4.27     18.33
2006-05-24       0.0                4.48     16.33
2006-05-25       0.0                3.22      14.7
2006-05-26       0.0                4.79      19.0
2006-05-27     14.29                2.14     14.37
2006-05-28      9.22                2.68      15.4
2006-05-29      3.48                2.96     16.83
2006-05-30      0.36                 4.7      19.9
2006-05-31      0.04                4.48      18.7
2006-06-01       0.0                4.48     19.47
