2001-08-01      22.4                3.43      26.8
2001-08-02      1.48                4.37     27.53
2001-08-03      3.19                5.03     28.57
2001-08-04      0.01                4.91     28.13
2001-08-05      0.05                4.14     26.53
2001-08-06      0.12                4.04     26.63
2001-08-07     16.46                2.97      27.8
2001-08-08      9.95                3.92     27.37
2001-08-09      0.17                 4.7     23.57
2001-08-10      0.43                4.84      24.2
2001-08-11       0.0                3.26     22.93
2001-08-12       0.6                3.06     21.27
2001-08-13      13.6                 2.2     19.77
2001-08-14      7.27                2.28     23.93
2001-08-15      4.81                2.41     25.13
2001-08-16       0.0                4.66     27.47
2001-08-17       0.0                5.34      26.2
2001-08-18      0.73                4.79      24.3
2001-08-19      0.09                4.94     24.43
2001-08-20       0.0                5.22      24.5
2001-08-21       0.2                4.26     26.13
2001-08-22       0.0                4.42     25.43
2001-08-23       0.0                4.13      24.4
2001-08-24       0.0                4.37     24.03
2001-08-25       0.0                2.35     22.63
2001-08-26      0.03                4.83     22.37
2001-08-27       0.0                4.95     21.43
2001-08-28       0.0                4.53      21.4
2001-08-29      3.52                3.83      22.2
2001-08-30      0.09                4.18     21.53
2001-08-31      0.05                4.24     21.97
2001-09-01       0.0                4.64      21.7
2001-09-02      0.95                4.93     21.23
2001-09-03      0.87                4.04      22.9
2001-09-04       0.0                3.15      23.1
2001-09-05      0.06                3.82     23.77
2001-09-06      8.18                2.81     22.63
2001-09-07      1.13                3.27     20.83
2001-09-08      2.36                2.77      21.5
2001-09-09      6.04                2.72     21.87
2001-09-10      6.51                3.32     20.43
2001-09-11      2.22                4.01      19.2
2001-09-12       0.0                 3.9     18.83
2001-09-13       0.0                4.25      18.0
2001-09-14       0.0                2.99     16.83
2001-09-15       0.0                 4.2     19.13
2001-09-16       0.0                3.94     19.03
2001-09-17       0.0                1.92      18.7
2001-09-18       0.0                3.28     20.87
2001-09-19       0.0                2.65      18.4
2001-09-20      1.05                1.86     19.13
2001-09-21      1.02                2.81     12.37
2001-09-22       0.0                3.05     13.53
2001-09-23      0.07                2.94     15.67
2001-09-24      0.06                2.13     17.23
2001-09-25      0.53                2.75     16.63
2001-09-26       0.0                2.83     17.17
2001-09-27      0.48                2.99      18.5
2001-09-28      0.25                3.41     15.17
2001-09-29      0.84                2.16     16.63
2001-09-30     16.85                1.28      14.1
2001-10-01      22.0                1.14     13.57
2001-10-02       0.0                2.03     17.17
2001-10-03      0.17                1.34     16.97
2001-10-04      0.51                1.52     16.87
2001-10-05       0.0                2.21      14.7
2001-10-06       0.0                2.48     15.77
2001-10-07      0.53                 2.7     15.17
2001-10-08      1.95                1.78     15.77
2001-10-09     25.54                1.33     15.33
2001-10-10      31.8                1.12     12.47
2001-10-11      0.15                1.68     14.47
2001-10-12       0.0                1.37     14.07
2001-10-13       0.0                1.54     15.17
2001-10-14       0.0                2.39     15.77
2001-10-15      0.11                1.04     13.97
2001-10-16       0.0                1.62     16.03
2001-10-17       0.0                2.26     11.87
2001-10-18       0.0                2.04      11.3
2001-10-19       0.0                1.56     12.37
2001-10-20       0.0                1.35     12.97
2001-10-21       0.0                1.72      13.8
2001-10-22       0.0                1.65      15.9
2001-10-23       0.0                1.48     13.97
2001-10-24       0.0                1.26     14.97
2001-10-25       0.0                1.37      14.8
2001-10-26       0.0                1.39     15.53
2001-10-27      0.26                 0.9     14.17
2001-10-28      5.32                1.81     15.73
2001-10-29      0.04                1.61     10.73
2001-10-30      0.04                 1.1     11.47
2001-10-31      0.29                1.41     12.93
2001-11-01      0.37                1.72       9.6
2001-11-02       0.0                1.11      7.07
2001-11-03       0.0                 1.0      7.17
2001-11-04       0.0                1.03      6.53
2001-11-05      1.46                0.65      6.33
2001-11-06      0.01                0.95      3.57
2001-11-07       0.0                0.86      3.97
2001-11-08      0.54                 0.9      6.23
2001-11-09      4.08                0.86      5.37
2001-11-10       0.0                 0.9      6.47
2001-11-11       0.0                0.65      5.67
2001-11-12       0.0                0.91       5.4
2001-11-13       0.0                0.86       3.7
2001-11-14       0.0                1.09      3.83
2001-11-15       0.0                1.01      1.97
2001-11-16       0.0                 1.1      4.67
2001-11-17       0.0                0.77      4.97
2001-11-18       0.0                0.74      4.77
2001-11-19       0.0                0.64       5.4
2001-11-20       0.0                0.74      5.63
2001-11-21       0.0                0.65      5.83
2001-11-22       0.0                0.55      6.14
2001-11-23       0.0                0.54       4.6
2001-11-24      1.66                0.54      6.74
2001-11-25      0.04                1.31      3.97
2001-11-26       0.0                1.06      -0.6
2001-11-27      0.05                0.89     -1.97
2001-11-28      0.01                1.08      5.07
2001-11-29      1.87                0.51       5.2
2001-11-30       0.0                1.06       1.0
2001-12-01       0.0                0.58      -0.2
2001-12-02      0.04                0.81      3.03
2001-12-03      0.01                0.46      0.57
2001-12-04      0.04                0.56      1.93
2001-12-05      0.04                0.98      3.43
2001-12-06       0.0                1.06      -1.7
2001-12-07       0.0                 0.5      -3.4
2001-12-08       0.0                0.61       0.6
2001-12-09       0.0                0.52     -0.23
2001-12-10       0.0                0.74      0.67
2001-12-11       0.0                 0.7      2.87
2001-12-12      1.47                 0.4      0.37
2001-12-13      0.04                1.25     -1.27
2001-12-14       0.0                0.85      -5.3
2001-12-15       0.0                 1.1     -5.23
2001-12-16       0.0                0.42     -5.26
2001-12-17       0.0                0.71      -2.8
2001-12-18       0.0                0.46     -5.36
2001-12-19       0.0                0.37      -5.1
2001-12-20      0.22                0.38      -3.9
2001-12-21      0.04                0.48     -3.97
2001-12-22      0.02                0.45     -5.17
2001-12-23      0.14                 0.4      -5.4
2001-12-24      1.04                0.44      -3.9
2001-12-25      4.94                0.61      -1.3
2001-12-26      0.04                0.61      -4.1
2001-12-27      0.41                0.62     -5.43
2001-12-28       0.0                 0.5      -5.7
2001-12-29      0.96                0.61      -5.9
2001-12-30      0.07                0.78     -7.67
2001-12-31      3.94                0.28      -7.9
2002-01-01      0.34                 0.7     -6.83
2002-01-02       0.0                0.51     -13.7
2002-01-03      0.39                0.33    -12.16
2002-01-04      1.03                0.47     -2.73
2002-01-05      0.14                0.63     -4.63
2002-01-06      0.74                0.39     -5.06
2002-01-07      3.51                0.95     -3.73
2002-01-08       0.0                 0.8      -9.0
2002-01-09      0.26                0.37      -8.5
2002-01-10      0.16                0.35      -2.3
2002-01-11      0.07                0.63      2.24
2002-01-12       0.0                0.46      2.57
2002-01-13      0.42                0.93      2.73
2002-01-14      3.91                0.52       4.1
2002-01-15     16.02                0.51      7.23
2002-01-16     11.11                0.87      4.23
2002-01-17      2.29                 0.5      1.23
2002-01-18      0.08                0.64      0.87
2002-01-19      0.08                0.58      2.83
2002-01-20      2.89                0.49      2.07
2002-01-21      0.73                0.69     -1.07
2002-01-22      0.08                1.03     -5.23
2002-01-23       0.0                0.94     -4.97
2002-01-24      0.22                0.73     -5.67
2002-01-25       0.0                0.62     -3.76
2002-01-26      1.18                0.45     -2.93
2002-01-27      1.25                0.68     -0.37
2002-01-28      0.09                0.95     -3.93
2002-01-29       0.2                 0.8      -5.3
2002-01-30      0.69                0.89     -3.83
2002-01-31       0.0                0.78     -5.43
2002-02-01       0.0                0.57      -3.9
2002-02-02      0.03                0.94      1.73
2002-02-03       0.0                0.89       1.3
2002-02-04       0.0                0.66       0.5
2002-02-05       0.0                1.07      3.17
2002-02-06      1.04                0.86      1.83
2002-02-07      0.03                1.42      2.93
2002-02-08       0.0                0.94       0.7
2002-02-09       0.0                1.22      -3.7
2002-02-10       0.0                1.32     -1.47
2002-02-11       0.0                1.16      -4.3
2002-02-12       0.0                1.12     -4.13
2002-02-13       0.0                1.13     -2.07
2002-02-14       0.0                1.15     -2.43
2002-02-15       0.0                1.26      -1.6
2002-02-16       0.0                0.68      -0.9
2002-02-17      0.71                0.76       1.7
2002-02-18      0.06                1.33     -2.73
2002-02-19       0.0                1.17     -2.27
2002-02-20       0.0                1.32       0.6
2002-02-21      0.01                0.76      2.74
2002-02-22       0.0                1.46       4.2
2002-02-23       0.0                1.45      2.57
2002-02-24       0.0                1.52      3.37
2002-02-25       0.0                1.47      3.97
2002-02-26       0.0                1.57      5.17
2002-02-27       0.0                1.38      5.83
2002-02-28       0.0                1.88      7.07
2002-03-01       0.0                 1.5      5.43
