2010-10-01       0.0                 2.1     13.87
2010-10-02      17.5                1.51     13.93
2010-10-03     14.87                2.38      17.3
2010-10-04      1.31                1.73      13.3
2010-10-05       0.0                1.99      14.4
2010-10-06       0.0                2.19      15.4
2010-10-07       0.0                2.37     16.03
2010-10-08      2.25                1.73     15.57
2010-10-09      0.29                2.24      16.7
2010-10-10       0.0                2.18     16.63
2010-10-11       0.0                1.34     15.37
2010-10-12       0.0                1.58     16.07
2010-10-13      0.01                1.54     14.57
2010-10-14       0.0                2.03      14.7
2010-10-15       0.0                2.34     11.53
2010-10-16       0.0                 2.3     12.17
2010-10-17       0.0                1.68     13.23
2010-10-18       0.0                1.96     11.97
2010-10-19       0.0                1.82     13.23
2010-10-20       0.0                1.63      14.2
2010-10-21      0.63                1.27     12.43
2010-10-22      0.05                 1.9     14.17
2010-10-23       0.0                1.54      13.2
2010-10-24       0.0                1.62     15.27
2010-10-25       0.0                 1.7      10.5
2010-10-26       0.0                1.69      2.93
2010-10-27       0.0                1.18      3.37
2010-10-28       0.0                1.56      5.03
2010-10-29      0.04                1.56      6.84
2010-10-30       0.0                1.42      8.33
2010-10-31      0.21                1.11      7.83
2010-11-01      0.05                1.45      10.1
2010-11-02       0.0                1.68      4.37
2010-11-03       0.0                1.48       3.4
2010-11-04       0.0                1.25       7.3
2010-11-05       0.0                1.37      8.27
2010-11-06       0.0                1.14      9.77
2010-11-07       0.0                1.21     10.14
2010-11-08       4.7                1.39      5.43
2010-11-09      0.01                1.88       2.2
2010-11-10       0.0                1.36       2.0
2010-11-11     11.92                1.25      5.13
2010-11-12      1.73                1.82       6.1
2010-11-13       0.0                1.65       7.2
2010-11-14       0.0                 1.9      8.17
2010-11-15       0.0                 1.3      1.63
2010-11-16       0.0                0.98      1.03
2010-11-17       0.0                0.95      4.67
2010-11-18       0.0                0.94       3.7
2010-11-19       0.0                0.74      2.27
2010-11-20       0.0                0.88      4.94
2010-11-21       0.0                1.11      6.57
2010-11-22      1.19                1.62       5.4
2010-11-23       0.0                1.13      3.67
2010-11-24       0.0                1.01      4.63
2010-11-25      0.03                1.57       3.0
2010-11-26       0.0                1.03      -1.1
2010-11-27      1.56                1.07     -0.76
2010-11-28       0.0                1.43     -2.83
2010-11-29      0.31                1.07       1.8
2010-11-30       0.1                 0.7      3.67
2010-12-01       0.0                0.71      4.24
2010-12-02      3.17                0.74      6.07
2010-12-03      2.91                2.24      3.87
2010-12-04       0.0                0.98     -1.03
2010-12-05       0.0                0.95      6.07
2010-12-06       0.0                1.13       5.2
2010-12-07       0.0                 0.9       0.5
2010-12-08      1.84                0.57     -0.96
2010-12-09      0.27                0.64     -2.83
2010-12-10      3.67                0.91     -0.36
2010-12-11      0.04                1.92     -0.67
2010-12-12       0.0                0.63     -3.86
2010-12-13      0.11                0.67      -0.4
2010-12-14      0.02                1.14      -3.3
2010-12-15       0.0                0.96      -9.4
2010-12-16       0.0                0.79     -9.53
2010-12-17       0.2                0.64     -4.43
2010-12-18       0.0                0.65     -3.36
2010-12-19      0.31                0.71       0.2
2010-12-20       0.0                0.98       2.5
2010-12-21       0.0                0.97       2.1
2010-12-22       0.0                0.66       2.2
2010-12-23       0.0                1.13      -1.3
2010-12-24       0.0                0.88    -10.23
2010-12-25       0.0                0.95    -11.63
2010-12-26       0.0                0.98     -10.0
2010-12-27       0.0                 0.9      -5.6
2010-12-28       3.7                0.71     -2.33
2010-12-29       0.0                0.64     -7.56
2010-12-30      2.48                0.48      -7.0
2010-12-31       0.0                0.49    -11.13
2011-01-01      0.18                0.39      -8.2
2011-01-02       0.0                0.48      -7.2
2011-01-03       0.0                0.39      -5.7
2011-01-04       0.0                0.55     -7.66
2011-01-05       0.0                0.81      -4.9
2011-01-06       0.0                0.52     -9.26
2011-01-07       0.0                0.58     -10.4
2011-01-08       0.0                0.57      -9.0
2011-01-09       0.0                0.69     -8.26
2011-01-10       0.0                0.55     -11.1
2011-01-11       0.0                0.58     -9.23
2011-01-12       0.0                0.67     -10.0
2011-01-13       0.0                0.57     -10.3
2011-01-14      0.01                0.63      -6.9
2011-01-15       0.0                0.72    -13.26
2011-01-16       0.0                0.52    -15.86
2011-01-17       0.0                0.71    -12.56
2011-01-18       0.0                0.78    -10.73
2011-01-19       0.0                0.87     -9.36
2011-01-20       0.0                 0.7     -9.87
2011-01-21       0.0                0.71     -8.93
2011-01-22       0.0                0.81      -7.7
2011-01-23      0.65                0.47     -8.33
2011-01-24      0.06                0.46      -9.8
2011-01-25       0.0                0.59    -11.33
2011-01-26       0.0                0.76    -10.53
2011-01-27       0.0                0.72    -11.13
2011-01-28       0.0                0.77      -8.8
2011-01-29       0.0                 0.8    -11.53
2011-01-30       0.0                 0.8     -11.8
2011-01-31       0.0                0.87     -10.1
2011-02-01       0.0                1.02     -1.83
2011-02-02       0.0                1.07     -1.53
2011-02-03       0.0                0.96     -2.33
2011-02-04       0.0                0.79      -1.4
2011-02-05       0.0                0.94      -0.5
2011-02-06       0.0                0.98     -1.77
2011-02-07       0.0                0.91     -0.93
2011-02-08       0.0                1.15      0.77
2011-02-09       0.0                1.06      -1.0
2011-02-10       0.0                0.82     -3.07
2011-02-11      2.65                0.71     -1.87
2011-02-12      4.49                0.64     -6.57
2011-02-13       0.2                0.76     -7.97
2011-02-14      0.06                0.65     -5.57
2011-02-15      0.06                0.91     -6.43
2011-02-16       0.0                 1.1     -3.16
2011-02-17      0.24                 1.0      0.83
2011-02-18      0.02                1.22     -0.83
2011-02-19       0.0                1.53      -0.2
2011-02-20       0.0                1.42      0.74
2011-02-21       0.0                1.53       2.3
2011-02-22      0.17                1.56       3.4
2011-02-23       0.0                 1.6      3.33
2011-02-24       0.0                1.99      4.27
2011-02-25       0.0                1.74       2.4
2011-02-26       0.0                1.88      2.43
2011-02-27     25.09                 0.8      0.73
2011-02-28      2.97                0.88      -0.1
2011-03-01      4.21                0.75     -0.13
2011-03-02       0.0                1.32     -3.57
2011-03-03      0.02                1.27      -5.0
2011-03-04      0.02                1.37     -3.33
2011-03-05      0.04                1.35     -1.23
2011-03-06      0.05                1.53       2.0
2011-03-07       0.0                1.65      1.13
2011-03-08       0.0                1.84     -0.53
2011-03-09       0.0                1.69      -1.5
2011-03-10       0.0                1.63      -1.4
2011-03-11       0.0                2.23      2.14
2011-03-12       0.0                2.47      3.97
2011-03-13       0.0                2.44       8.5
2011-03-14       0.0                1.82      7.37
2011-03-15       0.0                2.09      1.73
2011-03-16       0.0                2.22     -1.13
2011-03-17       0.0                1.91     -0.47
2011-03-18      0.34                2.69      3.47
2011-03-19       0.0                 3.0      9.23
2011-03-20      8.17                1.21      4.07
2011-03-21      0.26                2.25      6.53
2011-03-22      0.28                2.14      2.57
2011-03-23       0.0                2.29      0.13
2011-03-24      0.09                2.14       2.5
2011-03-25      0.91                1.37     -0.43
2011-03-26      0.03                2.05       0.4
2011-03-27       0.0                2.08      2.37
2011-03-28      4.56                1.13      2.87
2011-03-29      0.03                1.31      2.27
2011-03-30      0.07                2.76      5.67
2011-03-31       0.0                3.06      8.03
2011-04-01       0.0                3.49      8.14
2011-04-02       0.0                1.76      5.83
2011-04-03       0.0                2.66       6.0
2011-04-04       0.0                2.97       6.9
2011-04-05       0.0                3.03      7.93
2011-04-06       0.0                 3.2      7.83
2011-04-07      6.61                1.34      8.83
2011-04-08       0.0                2.82     10.23
2011-04-09       0.0                3.67      9.04
2011-04-10      2.02                2.78     10.04
2011-04-11       0.0                3.23       8.5
2011-04-12       0.0                4.18       8.2
2011-04-13       0.0                4.27     10.24
2011-04-14       0.0                4.19      12.0
2011-04-15       0.0                3.17     14.33
2011-04-16      0.16                3.71     10.03
2011-04-17       0.0                3.73       9.5
2011-04-18     16.14                1.37      5.23
2011-04-19      3.06                2.39       6.6
2011-04-20      0.12                3.52      8.17
2011-04-21       0.0                3.21      11.4
2011-04-22     13.58                1.49      6.33
2011-04-23      0.09                2.83      8.43
2011-04-24      6.13                3.22       8.6
2011-04-25      0.13                3.83     10.47
2011-04-26      6.52                1.62       9.9
2011-04-27     13.81                1.32       7.4
2011-04-28      4.21                 1.8       7.3
2011-04-29       0.0                2.32       8.3
2011-04-30     74.37                1.63     12.23
2011-05-01      1.07                3.27      13.5
