2009-03-01       0.0                1.91       2.0
2009-03-02      0.88                1.56      2.73
2009-03-03      0.24                1.06      2.93
2009-03-04       0.0                1.69      3.87
2009-03-05       2.3                0.92      1.87
2009-03-06      0.24                2.05      2.23
2009-03-07       0.0                2.05      0.47
2009-03-08       0.0                1.85      4.03
2009-03-09       0.0                2.34       4.9
2009-03-10       0.0                2.19      3.73
2009-03-11       0.0                2.08      3.23
2009-03-12       0.2                2.03      4.87
2009-03-13      19.7                1.14       1.5
2009-03-14      0.01                2.33     -0.77
2009-03-15      0.07                1.91      2.24
2009-03-16      0.01                2.39      9.37
2009-03-17       0.0                3.53      9.94
2009-03-18       0.0                3.08      17.3
2009-03-19      5.12                2.23     12.47
2009-03-20      0.06                2.73     10.17
2009-03-21      0.34                3.15     10.97
2009-03-22     13.33                1.54     10.43
2009-03-23      0.22                2.09      5.47
2009-03-24      0.17                2.06      1.57
2009-03-25      0.03                2.04      0.03
2009-03-26      9.05                 1.2      2.57
2009-03-27      0.36                2.01      1.03
2009-03-28      0.17                2.21       2.3
2009-03-29      0.05                1.78      2.97
2009-03-30      0.98                 1.4      4.87
2009-03-31      8.64                1.33      3.73
2009-04-01      1.98                1.88      4.13
2009-04-02      0.14                2.85      5.73
2009-04-03       0.0                2.91      8.53
2009-04-04       0.0                2.74      8.07
2009-04-05       0.0                2.71      8.53
2009-04-06       0.0                3.56       9.7
2009-04-07       0.0                3.72      11.3
2009-04-08       0.0                 3.8     12.97
2009-04-09       0.0                4.05     14.67
2009-04-10       0.0                4.14      15.6
2009-04-11       0.0                4.34     15.07
2009-04-12       0.0                3.46     13.67
2009-04-13       0.0                2.78     12.77
2009-04-14      0.39                3.57     10.53
2009-04-15      7.97                1.93      8.37
2009-04-16      0.13                2.57      8.63
2009-04-17       0.0                3.62     10.17
2009-04-18       0.0                4.42      14.7
2009-04-19       0.0                4.67      16.1
2009-04-20     33.68                1.77     11.87
2009-04-21      4.96                2.43     11.03
2009-04-22       0.0                 2.4      7.57
2009-04-23       0.0                3.08      9.13
2009-04-24      9.14                2.09     11.23
2009-04-25       8.3                1.57      8.47
2009-04-26       0.4                2.34      8.07
2009-04-27      0.52                2.64       9.0
2009-04-28      0.86                3.12     11.14
2009-04-29      0.03                4.02     12.77
2009-04-30       0.0                3.74      12.5
2009-05-01       0.0                4.51     15.17
2009-05-02      1.85                 2.6      14.7
2009-05-03      0.04                4.44     17.23
2009-05-04       0.0                4.51     17.07
2009-05-05       0.0                4.98      18.6
2009-05-06       0.0                5.11     18.57
2009-05-07       0.0                5.05     18.47
2009-05-08       0.0                4.37     18.83
2009-05-09       0.0                4.76      19.5
2009-05-10      0.01                3.92      18.9
2009-05-11     20.42                1.74      14.0
2009-05-12      7.31                2.59     17.67
2009-05-13       0.0                5.14     17.17
2009-05-14       0.0                 4.6      16.9
2009-05-15      2.26                2.37     16.53
2009-05-16     19.85                1.72     13.33
2009-05-17     10.97                2.07     12.33
2009-05-18       0.0                 5.4     15.04
2009-05-19       0.0                5.12     18.27
2009-05-20       0.0                4.05     20.03
2009-05-21     25.92                2.19     16.53
2009-05-22      0.44                3.53     17.93
2009-05-23       0.7                2.07     15.77
2009-05-24      0.01                3.83     17.83
2009-05-25       0.0                4.92      19.8
2009-05-26       0.0                4.77     20.03
2009-05-27       0.0                5.05     17.97
2009-05-28      0.27                5.29     18.53
2009-05-29       0.0                4.01      15.5
2009-05-30      2.42                3.88     16.87
2009-05-31      0.15                 4.1     17.23
2009-06-01       0.0                5.19      17.6
2009-06-02     60.58                 4.3     20.37
2009-06-03     60.23                3.13     18.17
2009-06-04       0.0                4.35      19.4
2009-06-05      0.19                4.61      18.7
2009-06-06      0.04                 3.0     16.37
2009-06-07      0.17                2.36      16.1
2009-06-08      0.05                3.81     18.13
2009-06-09     12.01                2.12     17.83
2009-06-10     16.38                2.76     18.93
2009-06-11      2.31                5.77      19.7
2009-06-12      4.25                 5.2     17.63
2009-06-13      8.69                3.71      16.9
2009-06-14      2.93                2.61     17.83
2009-06-15      6.08                3.29      19.6
2009-06-16      5.37                3.02      18.9
2009-06-17      1.92                2.03      16.8
2009-06-18      0.03                4.45     21.63
2009-06-19       0.0                2.96     22.33
2009-06-20     16.19                2.39     21.63
2009-06-21      0.23                4.48     24.67
2009-06-22      0.44                4.03     22.57
2009-06-23       0.0                5.19     21.77
2009-06-24       0.0                5.89      22.2
2009-06-25       0.0                4.92      22.1
2009-06-26       0.0                 4.1     22.17
2009-06-27       0.0                5.35     25.07
2009-06-28      1.13                4.11     24.03
2009-06-29      2.42                3.96     24.97
2009-06-30      0.42                2.52      23.5
2009-07-01     13.07                4.35     22.67
2009-07-02      7.13                3.41      20.9
2009-07-03      5.05                3.31     21.57
2009-07-04      5.34                3.17     22.37
2009-07-05      0.37                4.01     23.67
2009-07-06      0.04                3.72     24.37
2009-07-07       1.4                3.16      23.1
2009-07-08      1.96                3.27     23.97
2009-07-09    163.22                2.19      19.2
2009-07-10      0.21                4.42     22.03
2009-07-11      1.15                3.73     22.47
2009-07-12    137.05                 2.1      19.3
2009-07-13      1.45                2.88      22.1
2009-07-14    151.86                2.36     22.53
2009-07-15      0.18                3.86     23.37
2009-07-16       0.0                4.87      25.2
2009-07-17      9.86                2.51      24.0
2009-07-18     39.59                2.54      23.8
2009-07-19      0.98                3.83      24.4
2009-07-20      0.06                3.12     24.67
2009-07-21      0.05                3.92     24.33
2009-07-22       0.0                4.24     23.17
2009-07-23      4.15                3.26     22.87
2009-07-24       2.4                3.94     22.63
2009-07-25     19.61                2.69      19.7
2009-07-26      0.31                4.25     21.83
2009-07-27       0.0                4.54     22.27
2009-07-28       0.0                2.91     21.37
2009-07-29      0.29                4.26     23.07
2009-07-30       0.0                4.84     24.47
2009-07-31      0.02                4.66      25.0
2009-08-01      6.42                3.93     24.23
2009-08-02      0.06                3.74      24.5
2009-08-03       0.0                2.95      22.8
2009-08-04       0.0                4.64      22.7
2009-08-05       0.0                 4.9      23.6
2009-08-06      0.08                3.55     23.13
2009-08-07      4.24                2.48      22.4
2009-08-08      0.58                2.94     24.27
2009-08-09      0.01                4.04     24.67
2009-08-10      0.05                3.05     23.03
2009-08-11     47.01                2.31      23.0
2009-08-12     153.1                2.05     22.37
2009-08-13      0.18                4.32     24.63
2009-08-14      0.03                4.73     26.27
2009-08-15       0.0                4.61      26.5
2009-08-16       0.0                4.93      24.2
2009-08-17      0.21                2.81      23.2
2009-08-18       0.0                3.33     25.47
2009-08-19       0.0                3.28      26.2
2009-08-20     17.99                3.22     24.97
2009-08-21      0.01                3.86     23.34
2009-08-22       0.0                 3.1     23.53
2009-08-23      3.91                4.72     23.03
2009-08-24      0.04                4.15     21.37
2009-08-25       0.0                4.04     22.17
2009-08-26      9.08                2.45      22.1
2009-08-27     47.83                1.88     21.27
2009-08-28      0.04                3.91     22.57
2009-08-29      0.09                 2.4     18.47
2009-08-30      0.43                2.02      17.8
2009-08-31       0.0                3.65     18.47
2009-09-01       0.0                4.06     19.17
2009-09-02       0.0                 3.9      18.9
2009-09-03       0.0                3.58      19.5
2009-09-04       0.0                3.88     21.67
2009-09-05       0.0                3.98     21.73
2009-09-06       0.0                2.69     22.43
2009-09-07      1.71                1.75     20.27
2009-09-08      0.14                3.65      20.3
2009-09-09       0.0                 3.6      20.0
2009-09-10       0.0                3.14     19.33
2009-09-11       0.0                2.23     18.33
2009-09-12      5.84                2.55      17.6
2009-09-13       0.0                2.94     19.13
2009-09-14      0.01                 1.9     17.77
2009-09-15       0.0                2.92      19.7
2009-09-16       0.0                3.18     19.17
2009-09-17       0.0                3.03      17.6
2009-09-18       0.0                3.34      19.0
2009-09-19       0.0                2.56     17.43
2009-09-20       0.0                2.69     17.37
2009-09-21      2.42                1.53      16.9
2009-09-22       0.1                2.91     18.27
2009-09-23       0.0                3.13      18.5
2009-09-24       0.0                2.47     18.37
2009-09-25       0.0                1.71      17.6
2009-09-26      0.07                2.33     17.53
2009-09-27      0.56                1.67     18.63
2009-09-28      7.51                1.98     19.73
2009-09-29      0.03                2.91      21.1
2009-09-30       0.0                2.79      20.6
2009-10-01       0.0                2.49     19.63
