2011-01-01      0.16                 0.7     -2.92
2011-01-02      0.25                 0.4     -2.17
2011-01-03      0.17                0.37     -4.22
2011-01-04       0.0                0.45     -5.32
2011-01-05      0.24                0.57     -7.29
2011-01-06      0.04                0.78    -13.82
2011-01-07       0.0                0.52     -6.01
2011-01-08       0.0                 0.6     -6.03
2011-01-09      0.76                0.43      0.84
2011-01-10      0.05                 0.5     -12.3
2011-01-11       0.0                0.78    -12.75
2011-01-12      0.16                 0.5    -13.93
2011-01-13       0.0                0.82    -16.21
2011-01-14      0.01                 0.5    -13.34
2011-01-15       0.0                0.47    -11.68
2011-01-16      0.04                 0.6     -7.47
2011-01-17      0.01                 0.5    -10.51
2011-01-18       0.0                0.32     -6.87
2011-01-19       0.0                0.48     -3.53
2011-01-20       0.1                0.53     -7.93
2011-01-21       0.0                0.68     -7.19
2011-01-22       0.0                0.53     -6.99
2011-01-23       0.0                0.42     -4.49
2011-01-24      0.01                0.25      1.61
2011-01-25      1.42                 0.0     -2.65
2011-01-26      0.14                0.63     -6.09
2011-01-27      0.24                 0.9    -11.26
2011-01-28       0.0                0.83    -15.49
2011-01-29       0.0                0.63    -13.62
2011-01-30       0.0                 0.4     -7.98
2011-01-31      0.03                0.52     -0.72
2011-02-01     16.39                0.53    -10.14
2011-02-02      0.11                1.22    -13.93
2011-02-03      0.07                1.45    -20.48
2011-02-04       0.0                0.86    -15.55
2011-02-05      0.42                0.86     -3.78
2011-02-06      0.05                1.22    -11.96
2011-02-07      0.57                1.17     -1.34
2011-02-08      0.35                1.19    -16.41
2011-02-09       0.0                0.99    -14.29
2011-02-10       0.0                0.89    -11.58
2011-02-11       0.2                1.12      2.81
2011-02-12      0.44                0.05      4.03
2011-02-13      0.38                1.04      3.67
2011-02-14      0.04                0.66     -0.84
2011-02-15       0.0                1.29     -1.18
2011-02-16      0.22                1.57     -1.25
2011-02-17       0.0                2.06     -8.77
2011-02-18       0.0                1.32     -5.05
2011-02-19       0.0                1.27     -2.82
2011-02-20       0.0                0.25      3.33
2011-02-21      0.01                0.63      3.03
2011-02-22      0.02                0.63      0.56
2011-02-23      0.16                1.02      4.33
2011-02-24      0.03               -0.15      1.66
2011-02-25      0.01                0.94      5.25
2011-02-26       0.0                0.58      6.26
2011-02-27      0.56                0.71      0.93
2011-02-28       0.0                1.17     -0.62
2011-03-01       0.0                0.69     -0.45
2011-03-02      0.08                0.46      2.83
2011-03-03      0.38                0.49     -0.46
2011-03-04      0.03                0.88      2.79
2011-03-05      1.76                1.32      2.25
2011-03-06       0.0                1.73      3.51
2011-03-07      0.01                0.62      3.31
2011-03-08      0.03                 0.6      6.39
2011-03-09      4.38                0.74      7.83
2011-03-10     25.21               -0.92     14.31
2011-03-11       0.8                1.92     -3.96
2011-03-12       0.0                1.43     -1.86
2011-03-13       0.0                0.76      2.22
2011-03-14       0.0                1.09      2.53
2011-03-15       0.0                0.21      1.59
2011-03-16       0.0                1.66     -0.05
2011-03-17      0.03                0.81      2.74
2011-03-18      0.41                0.95      1.46
2011-03-19      0.01                0.92      4.12
2011-03-20       0.0                1.06      5.58
2011-03-21      0.01                1.22      6.59
2011-03-22       0.0                2.03      9.79
2011-03-23      0.06                1.76      8.78
2011-03-24      3.53                1.43      7.81
2011-03-25      3.58                0.39      8.28
2011-03-26       0.0                3.24      9.52
2011-03-27       0.0                2.66     10.22
2011-03-28       0.0                2.63     14.39
2011-03-29      0.04                3.54      3.43
2011-03-30      0.08                1.39      4.11
2011-03-31     12.03                1.39      3.97
2011-04-01       0.0                1.63      7.47
2011-04-02       0.0                1.95       8.1
2011-04-03      0.44                2.12      7.02
2011-04-04      0.09                1.86      7.48
2011-04-05      0.16                2.25      5.13
2011-04-06      0.34                2.32      7.68
2011-04-07      0.11                2.39      9.02
2011-04-08      1.92                3.29      2.63
2011-04-09      0.45                1.68      3.58
2011-04-10      0.64                1.49       7.9
2011-04-11      0.28                2.78      9.36
2011-04-12      0.07                2.53     11.03
2011-04-13      1.25                2.12      7.39
2011-04-14       0.0                3.39     15.49
2011-04-15      1.35                2.75     13.69
2011-04-16      6.97                2.88     10.05
2011-04-17       0.8                1.85     12.04
2011-04-18       0.0                3.81     10.56
2011-04-19      0.23                2.63      7.82
2011-04-20       0.0                3.64      9.15
2011-04-21       0.0                4.03     10.89
2011-04-22      0.44                4.36      8.92
2011-04-23     32.84                1.47      8.07
2011-04-24      0.41                4.69      9.49
2011-04-25       0.0                4.32      11.6
2011-04-26      3.06                3.66     12.17
2011-04-27      2.26                 2.1     12.43
2011-04-28      0.08                3.47     12.59
2011-04-29       0.0                 4.8     13.15
2011-04-30      8.88                3.27      13.2
2011-05-01      0.01                3.83     13.25
2011-05-02      8.69                 2.5      9.08
2011-05-03      4.97                3.23     10.15
2011-05-04       0.4                3.33     12.85
2011-05-05       0.0                4.77     16.04
2011-05-06       1.4                4.33      11.7
2011-05-07      5.28                1.93     13.11
2011-05-08      0.07                2.21     13.54
2011-05-09      2.59                3.23     12.86
2011-05-10      0.98                 2.9     14.51
2011-05-11      2.08                4.61     12.21
2011-05-12      0.48                3.25     13.38
2011-05-13      3.64                4.24     12.04
2011-05-14      2.11                3.26     11.09
2011-05-15      0.07                4.55     13.27
2011-05-16      0.14                3.95     16.04
2011-05-17      1.98                4.69     11.24
2011-05-18       0.0                4.53     14.56
2011-05-19       1.8                4.25     17.01
2011-05-20      5.68                3.36     16.35
2011-05-21      4.97                2.05     16.28
2011-05-22       1.7                2.66      14.8
2011-05-23      0.16                1.81     16.91
2011-05-24       0.0                3.92     20.42
2011-05-25      0.07                 4.8     18.97
2011-05-26      0.11                3.86      19.1
2011-05-27       1.7                2.02     17.64
2011-05-28      2.12                3.93     18.56
2011-05-29       0.2                 4.8     18.77
2011-05-30      0.04                4.31     19.86
2011-05-31       0.0                6.17     24.43
2011-06-01       0.0                6.44     22.97
2011-06-02      0.85                4.12     22.28
2011-06-03      7.55                4.65     19.04
2011-06-04     10.77                 2.4     18.81
2011-06-05      0.14                4.71     22.02
2011-06-06      0.33                5.69     24.22
2011-06-07      0.05                4.83      24.7
2011-06-08      14.7                4.68      22.7
2011-06-09      0.06                5.81     21.24
2011-06-10       0.0                7.66     21.23
2011-06-11       0.0                7.05     20.88
2011-06-12       0.0                6.21     17.91
2011-06-13       0.0                4.56      16.8
2011-06-14       0.0                4.31     19.69
2011-06-15       0.0                5.56      22.7
2011-06-16       0.0                6.36     24.61
2011-06-17       0.0                5.41     19.03
2011-06-18      0.01                5.57     21.52
2011-06-19       0.0                4.46     22.28
2011-06-20     27.04                4.33      20.8
2011-06-21      0.42                5.18     21.81
2011-06-22      0.05                5.04     21.12
2011-06-23      0.09                5.04     23.72
2011-06-24      3.87                4.78     19.39
2011-06-25     10.14                4.41     19.05
2011-06-26      4.46                5.75     19.46
2011-06-27      1.53                5.79     19.15
2011-06-28      0.53                4.13     17.89
2011-06-29      0.09                2.87     17.97
2011-06-30       0.0                5.32     19.42
2011-07-01       0.0                2.27     22.71
2011-07-02       0.0                5.98     24.91
2011-07-03     21.21                3.19     23.33
2011-07-04     26.12                1.97     24.35
2011-07-05      8.07                3.51     24.81
2011-07-06     47.82                2.51     23.81
2011-07-07     182.4                2.75      18.1
2011-07-08      3.11                2.28     21.33
2011-07-09      1.47                4.27     20.26
2011-07-10      0.15                3.29     22.86
2011-07-11      5.69                 3.8     24.49
2011-07-12     34.02                3.99     23.22
2011-07-13      6.29                4.41      20.2
2011-07-14     42.62                1.84     23.27
2011-07-15     57.11                 2.1     22.41
2011-07-16      2.72                 2.0     21.64
2011-07-17     26.18                3.26     23.18
2011-07-18     97.58                 0.8     22.49
2011-07-19     70.71                0.72     22.36
2011-07-20       0.0                4.72     22.94
2011-07-21       0.0                6.09     27.24
2011-07-22      1.12                5.44     25.24
2011-07-23      6.13                3.87     25.78
2011-07-24      5.84                4.47      25.7
2011-07-25      1.93                5.19     26.31
2011-07-26      4.19                5.11      24.8
2011-07-27      18.0                4.37      23.1
2011-07-28     19.26                2.81     23.31
2011-07-29     24.83                1.18     21.23
2011-07-30      1.12                3.46     22.91
2011-07-31       0.4                4.66     25.68
2011-08-01      0.13                4.12     25.68
2011-08-02       1.3                3.72     26.03
2011-08-03       0.0                4.27     24.66
