2011-01-01      0.21                0.73     -1.14
2011-01-02      0.44                0.37     -2.38
2011-01-03      0.84                0.37     -4.39
2011-01-04       0.0                0.58     -4.52
2011-01-05      0.03                0.62     -9.27
2011-01-06       0.1                0.48    -10.95
2011-01-07      0.06                0.63     -0.41
2011-01-08       0.0                0.68     -6.62
2011-01-09      0.45                0.55     -3.33
2011-01-10      0.13                0.45     -9.75
2011-01-11       0.1                0.68     -16.1
2011-01-12       0.0                0.78    -15.97
2011-01-13      0.43                 0.7     -7.25
2011-01-14       0.7                0.88    -16.26
2011-01-15      0.12                0.63     -5.82
2011-01-16      0.09                0.62     -7.57
2011-01-17      0.45                0.57     -8.19
2011-01-18      0.05                0.85     -8.07
2011-01-19       0.8                0.45    -14.49
2011-01-20       0.0                1.03    -17.35
2011-01-21      3.18                0.57    -13.97
2011-01-22      0.31                0.68    -22.69
2011-01-23       0.0                0.63     -14.2
2011-01-24      4.59                 0.5      3.39
2011-01-25       0.1                1.25    -18.24
2011-01-26      0.01                1.12    -20.92
2011-01-27       0.0                0.67    -20.57
2011-01-28       0.0                0.72    -16.88
2011-01-29       0.0                0.67    -16.07
2011-01-30      0.02                0.78    -22.38
2011-01-31       0.0                 0.6    -19.59
2011-02-01       0.0                0.76    -18.39
2011-02-02      1.34                1.32    -15.44
2011-02-03      0.13                1.09    -20.61
2011-02-04      0.15                0.84     -7.68
2011-02-05       1.8                0.91      0.03
2011-02-06      0.11                1.09     -9.45
2011-02-07      0.06                0.96      -5.6
2011-02-08      0.82                0.94     -5.44
2011-02-09       0.0                1.02     -7.42
2011-02-10      0.01                0.61     -5.73
2011-02-11       0.0                1.22      3.02
2011-02-12      0.01                0.43     -1.54
2011-02-13      0.84                0.33      1.38
2011-02-14      4.54                0.66      2.15
2011-02-15      4.84                0.79      2.04
2011-02-16      1.51                1.27     -1.26
2011-02-17      0.69                 1.6      -2.9
2011-02-18      0.14                0.74     -7.52
2011-02-19       0.0                1.02     -4.77
2011-02-20      0.01                0.99      -8.3
2011-02-21       0.0                1.62     -7.87
2011-02-22       0.0                1.35     -9.97
2011-02-23       0.0                1.14      -8.4
2011-02-24      0.01                1.35     -3.36
2011-02-25       0.0                1.62     -9.73
2011-02-26       0.0                1.19     -2.57
2011-02-27      0.82                1.47      1.06
2011-02-28      0.22                1.14     -7.18
2011-03-01      0.57                0.99     -5.64
2011-03-02      3.58                1.22     -2.29
2011-03-03      1.13                1.27     -2.43
2011-03-04      0.01                1.25     -5.37
2011-03-05      0.03                1.25     -1.83
2011-03-06       0.0                0.65      0.83
2011-03-07       0.0                0.46      0.42
2011-03-08      0.03                1.36       3.1
2011-03-09       0.0                1.36      0.49
2011-03-10      0.32                3.05     -7.37
2011-03-11       0.0                1.99     -3.93
2011-03-12      0.05                1.53      1.59
2011-03-13      1.06                2.31      5.58
2011-03-14       0.1                3.37     -1.93
2011-03-15       0.0                2.13     -1.98
2011-03-16       0.0                1.73      4.05
2011-03-17       0.0                1.13      8.01
2011-03-18      0.01               -0.44      8.86
2011-03-19      3.55               -0.44       7.0
2011-03-20      2.23                3.03     -2.15
2011-03-21      0.03                2.36      1.31
2011-03-22      8.13                0.92      6.64
2011-03-23      0.21                1.36       2.4
2011-03-24      0.35                1.09       3.0
2011-03-25      6.76                0.92      1.97
2011-03-26      1.78                0.76      1.36
2011-03-27      0.94                0.95     -0.57
2011-03-28       0.0                 2.1      6.72
2011-03-29       1.7                0.12      8.92
2011-03-30      0.03                0.46      6.74
2011-03-31      0.49                2.82     10.63
2011-04-01       0.0                1.95      3.82
2011-04-02       0.0                1.91      5.55
2011-04-03       0.0                1.71      6.63
2011-04-04       0.0                2.12     12.64
2011-04-05     17.28                2.66      7.91
2011-04-06       0.0                2.24      7.85
2011-04-07      0.03                2.69       8.0
2011-04-08       0.0                2.19       9.0
2011-04-09       0.0                3.24     11.42
2011-04-10       0.0                3.19     12.79
2011-04-11       0.0                3.29     12.68
2011-04-12      1.35                2.88      4.71
2011-04-13      0.05                1.25      5.93
2011-04-14       0.0                2.59     11.21
2011-04-15      2.66                1.19     13.64
2011-04-16      2.94                1.58      6.83
2011-04-17       0.0                2.49      6.39
2011-04-18       0.0                 3.3      8.23
2011-04-19       0.0                3.44     11.75
2011-04-20      0.07                3.49     16.28
2011-04-21      1.85                3.44      14.0
2011-04-22      2.16                2.47     14.07
2011-04-23       1.3                2.58     17.54
2011-04-24      0.11                3.37     15.63
2011-04-25      0.01                2.86     11.68
2011-04-26       0.0                3.83      9.28
2011-04-27       0.0                2.91     10.42
2011-04-28       0.0                3.78       8.6
2011-04-29      4.03                2.15     10.13
2011-04-30      3.38                3.46      7.95
2011-05-01      0.16                3.23     12.87
2011-05-02       0.0                4.37      15.0
2011-05-03      2.92                4.78     12.34
2011-05-04      5.25                2.24     13.18
2011-05-05       0.0                4.49     12.54
2011-05-06      0.04                4.33     11.11
2011-05-07       0.0                4.59     15.04
2011-05-08       0.0                4.75     18.44
2011-05-09      1.92                4.66     14.63
2011-05-10       0.4                2.98     15.54
2011-05-11       0.0                4.83      20.7
2011-05-12      7.95                4.59     12.18
2011-05-13      7.75                 1.4     14.09
2011-05-14      3.26                4.85     13.88
2011-05-15      5.83                4.43     11.89
2011-05-16      0.91                 2.6     11.84
2011-05-17      3.74                2.72     13.57
2011-05-18      0.28                2.38     16.06
2011-05-19      0.34                4.46     15.92
2011-05-20      2.78                2.27     15.13
2011-05-21       0.0                4.81     19.29
2011-05-22       0.0                5.67     16.23
2011-05-23      5.69                1.24     16.99
2011-05-24      3.05                2.32     16.76
2011-05-25       0.0                5.79     18.75
2011-05-26       0.0                5.78     19.55
2011-05-27       0.0                5.97     22.61
2011-05-28      0.16                5.69     19.77
2011-05-29     16.78                2.13     17.81
2011-05-30       0.0                5.66     17.81
2011-05-31      1.31                5.31     17.02
2011-06-01      8.46                5.67      16.1
2011-06-02       0.0                 4.3     17.16
2011-06-03       0.0                6.22     19.58
2011-06-04       0.0                5.16     21.84
2011-06-05       0.0                6.56     22.51
2011-06-06       0.0                5.91     17.74
2011-06-07       0.1                1.73     16.87
2011-06-08      0.13                4.96     16.07
2011-06-09      0.04                4.59      19.4
2011-06-10      0.05                5.07     19.89
2011-06-11      0.09                4.58     16.81
2011-06-12      4.98                3.91     17.46
2011-06-13      0.06                4.98     17.55
2011-06-14      12.6                3.26     13.85
2011-06-15     43.81                 4.7     17.27
2011-06-16      0.51                3.93      19.7
2011-06-17       0.0                 6.1     23.56
2011-06-18     37.06                3.19     17.84
2011-06-19      5.77                2.31     12.75
2011-06-20      7.48                2.44     12.99
2011-06-21      0.72                2.13     18.25
2011-06-22      0.04                 5.2     20.65
2011-06-23       0.0                5.81     23.07
2011-06-24       0.0                6.93     26.25
2011-06-25       0.0                7.01     25.77
2011-06-26       0.3                6.28     23.41
2011-06-27      1.71                5.61     20.43
2011-06-28      0.09                5.56     23.17
2011-06-29      0.04                6.25     26.27
2011-06-30       0.0                6.31     26.12
2011-07-01       0.0                6.68     25.95
2011-07-02       0.0                6.44     26.23
2011-07-03       0.0                6.18     25.38
2011-07-04       0.0                4.22     25.51
2011-07-05     20.66                4.25     23.01
2011-07-06     55.26                2.85     20.34
2011-07-07       0.0                5.28     21.73
2011-07-08       0.0                 5.9     24.98
2011-07-09     53.04                3.92     21.34
2011-07-10      3.72                 2.7     18.81
2011-07-11     92.48                1.52     18.26
2011-07-12       6.0                 1.4     20.34
2011-07-13     14.81                1.64     20.15
2011-07-14     52.68                 1.2     19.56
2011-07-15      8.01                3.55     19.02
2011-07-16     18.99                2.32     21.12
2011-07-17       3.2                 3.8     24.89
2011-07-18     11.27                5.06     23.74
2011-07-19     13.18                3.65     20.41
2011-07-20    124.19                1.43     18.67
2011-07-21      0.09                4.25     21.14
2011-07-22       0.0                3.79     21.47
2011-07-23     19.19                 3.2     22.26
2011-07-24      2.52                1.21     22.57
2011-07-25      0.57                4.35     23.42
2011-07-26      1.26                4.37     24.66
2011-07-27      0.54                4.21     26.38
2011-07-28       0.0                5.87     28.07
2011-07-29      0.14                6.12     26.59
2011-07-30      0.68                5.49     22.46
2011-07-31     10.87                2.15     20.13
2011-08-01       0.0                1.66     25.35
2011-08-02      1.54                3.75     25.83
2011-08-03       0.0                4.53     27.34
