2011-01-01      0.21                0.83     -2.72
2011-01-02      0.62                 0.5     -3.15
2011-01-03      0.54                0.43      -6.3
2011-01-04      0.01                0.67     -3.97
2011-01-05      0.07                0.87    -10.54
2011-01-06      0.01                0.83    -14.75
2011-01-07      0.02                0.67     -6.98
2011-01-08       0.0                0.72     -9.84
2011-01-09       0.0                0.63     -7.41
2011-01-10       3.5                0.55     -3.31
2011-01-11      0.02                0.78     -15.4
2011-01-12       0.0                0.67     -8.13
2011-01-13      0.78                0.87     -2.49
2011-01-14      0.04                0.95     -16.3
2011-01-15      0.01                0.78    -19.26
2011-01-16      0.01                0.63     -16.0
2011-01-17      0.01                0.62    -18.24
2011-01-18      0.01                0.57    -16.57
2011-01-19      0.16                0.53     -6.73
2011-01-20      0.12                0.93     -6.73
2011-01-21      0.23                 0.9     -0.88
2011-01-22       0.0                1.17    -16.69
2011-01-23       0.0                0.88    -15.17
2011-01-24       0.0                0.82    -15.07
2011-01-25      0.13                 0.9    -18.18
2011-01-26       0.0                0.82    -18.38
2011-01-27       0.0                0.93    -13.51
2011-01-28       0.0                0.88    -13.92
2011-01-29      0.01                0.75    -13.53
2011-01-30       0.0                0.62    -13.88
2011-01-31       0.0                0.65     -12.2
2011-02-01       0.0                1.17    -15.14
2011-02-02       0.0                1.07    -17.06
2011-02-03       0.0                1.09    -17.59
2011-02-04      0.01                1.09    -18.44
2011-02-05       0.0                0.94    -17.71
2011-02-06       0.0                0.94     -13.0
2011-02-07      0.03                0.94    -11.48
2011-02-08       0.0                0.89     -9.69
2011-02-09      0.01                0.91     -7.72
2011-02-10      0.05                0.91     -1.84
2011-02-11      2.08                0.74     -2.02
2011-02-12       0.1                1.14     -7.96
2011-02-13       0.0                1.32     -5.74
2011-02-14      0.47                0.94     -0.87
2011-02-15      0.83                 1.8    -12.27
2011-02-16      0.51                2.01    -16.82
2011-02-17       0.0                1.02    -10.31
2011-02-18       0.4                1.37    -10.33
2011-02-19       0.0                1.57     -4.43
2011-02-20      0.01                1.75      -6.1
2011-02-21       0.0                1.22     -2.52
2011-02-22      0.15                0.84       2.4
2011-02-23      0.23                1.24     -0.75
2011-02-24      6.04                0.18     -3.42
2011-02-25      0.28                1.29     -7.61
2011-02-26       0.0                1.93    -11.54
2011-02-27      0.02                 1.4     -2.71
2011-02-28      0.03                0.91      1.65
2011-03-01      0.03                0.76      3.01
2011-03-02       8.8                0.79      3.08
2011-03-03      2.72                2.38      0.75
2011-03-04      0.03                 1.5     -6.07
2011-03-05       0.0                1.73      3.27
2011-03-06       0.0                0.02      4.59
2011-03-07       0.0                3.35     -1.36
2011-03-08      0.01                2.03      3.27
2011-03-09      2.38                1.18      7.45
2011-03-10      0.07                0.83      4.57
2011-03-11       0.0                1.09      6.06
2011-03-12       0.0                1.13      7.09
2011-03-13       0.0                1.11     10.25
2011-03-14      0.49                2.08       2.2
2011-03-15       0.0                2.13      5.89
2011-03-16       0.0                1.43     12.01
2011-03-17      1.62                1.11      4.66
2011-03-18      6.89                0.69      4.17
2011-03-19      0.15                2.89      2.46
2011-03-20       0.0                1.16      4.18
2011-03-21      1.04                1.76      4.71
2011-03-22      1.47                1.04      2.72
2011-03-23       0.0                2.31      6.09
2011-03-24       0.0                 1.5      7.16
2011-03-25       0.0                1.92      4.33
2011-03-26       0.0                1.53      4.61
2011-03-27       0.0                1.99      8.85
2011-03-28      0.07                2.59     10.18
2011-03-29      0.23                0.81      9.99
2011-03-30      0.05                1.41      9.17
2011-03-31       0.0                2.31      8.58
2011-04-01      3.74                1.88      4.14
2011-04-02      4.18                1.81      5.91
2011-04-03       0.0                2.69      7.85
2011-04-04       0.0                2.27      8.63
2011-04-05       0.0                2.24      7.42
2011-04-06      2.23                2.42      9.51
2011-04-07       0.0                2.85       7.0
2011-04-08       1.3                2.71      6.74
2011-04-09      1.32                 2.8      5.47
2011-04-10       0.0                2.63      7.39
2011-04-11      0.24                2.53     10.74
2011-04-12      8.14                3.17      4.76
2011-04-13      0.05                2.56       5.9
2011-04-14      6.71                2.95      9.04
2011-04-15      1.81                2.32      7.51
2011-04-16      3.84                3.07       8.4
2011-04-17       0.0                3.05      7.17
2011-04-18       0.0                2.71      8.48
2011-04-19       0.0                2.73      9.59
2011-04-20      0.04                3.19      6.72
2011-04-21       0.0                3.02      9.96
2011-04-22      4.77                 3.1      2.97
2011-04-23      0.29                2.71      6.07
2011-04-24      0.24                3.03       8.1
2011-04-25      0.05                3.47      9.04
2011-04-26      0.28                2.83     11.43
2011-04-27       0.0                 3.8     13.52
2011-04-28      0.07                3.47      15.6
2011-04-29      7.81                2.76     12.99
2011-04-30      2.07                2.03     14.48
2011-05-01      0.06                 1.8     12.82
2011-05-02      0.28                2.59      11.1
2011-05-03      4.01                2.43     14.79
2011-05-04      5.71                1.35     13.02
2011-05-05      0.59                3.73     11.36
2011-05-06      3.39                1.48     13.29
2011-05-07       9.7                1.86      9.13
2011-05-08      22.9                0.66     10.47
2011-05-09      0.85                4.75     11.95
2011-05-10      1.55                4.55     12.17
2011-05-11       0.0                4.62     14.63
2011-05-12       0.0                5.13      17.0
2011-05-13      0.48                4.15     15.31
2011-05-14      13.5                2.24     12.96
2011-05-15       0.0                4.69     17.67
2011-05-16      0.04                3.41     14.69
2011-05-17       0.0                5.34     14.45
2011-05-18       0.0                5.75     17.78
2011-05-19      0.06                5.15     15.39
2011-05-20       0.0                4.34     20.38
2011-05-21      0.01                4.94     17.92
2011-05-22       0.0                5.03     20.98
2011-05-23      0.38                 3.7     18.73
2011-05-24       0.0                4.88     23.89
2011-05-25      2.12                5.48     19.43
2011-05-26     10.74                3.17     15.39
2011-05-27      0.24                5.94     15.44
2011-05-28      0.04                5.18     17.26
2011-05-29       0.0                 5.7     19.91
2011-05-30       0.0                5.88     22.43
2011-05-31       0.0                5.63     19.39
2011-06-01     14.21                3.07     14.26
2011-06-02     34.99                2.06     14.69
2011-06-03      0.62                3.02     17.01
2011-06-04      0.38                5.79     18.19
2011-06-05      0.12                4.56     17.33
2011-06-06       0.1                4.36     16.41
2011-06-07      0.82                3.97     17.11
2011-06-08     28.26                4.19     18.27
2011-06-09      0.53                4.78     17.98
2011-06-10      0.29                3.41     15.91
2011-06-11      1.85                2.36     16.64
2011-06-12      1.18                3.88     18.62
2011-06-13      0.72                4.56     22.06
2011-06-14      0.17                5.41     23.91
2011-06-15      0.09                5.88     20.05
2011-06-16       0.0                5.93      20.6
2011-06-17       0.0                5.23     18.36
2011-06-18      0.12                3.07     17.54
2011-06-19      0.22                3.39     16.64
2011-06-20      2.13                1.88     16.88
2011-06-21       0.4                2.53     21.74
2011-06-22      0.47                5.35     20.76
2011-06-23      2.99                4.37     21.91
2011-06-24     12.52                2.86     19.36
2011-06-25       0.0                6.84     20.61
2011-06-26       0.0                7.07     21.27
2011-06-27       0.0                6.18     24.42
2011-06-28       0.0                6.96     26.64
2011-06-29      0.06                5.51     21.16
2011-06-30      3.85                0.98     20.49
2011-07-01     20.98                1.11     22.46
2011-07-02     17.02                3.95      21.8
2011-07-03      7.65                3.33     22.94
2011-07-04      3.33                4.14     24.07
2011-07-05      3.51                3.07     25.25
2011-07-06       0.0                5.76     27.38
2011-07-07       0.0                5.85     24.16
2011-07-08      0.21                5.35     21.89
2011-07-09       0.0                4.69     21.56
2011-07-10      0.04                5.52     21.33
2011-07-11      0.01                4.98     23.83
2011-07-12      1.67                5.07      25.3
2011-07-13       0.0                5.22     24.35
2011-07-14       5.7                5.48     21.96
2011-07-15      5.15                 2.6     21.97
2011-07-16      0.14                4.76     21.94
2011-07-17      0.34                4.87      22.5
2011-07-18      1.12                4.41     20.11
2011-07-19       4.7                4.19     19.82
2011-07-20      0.01                4.21     20.16
2011-07-21       0.0                4.91     23.13
2011-07-22      0.14                4.84     25.21
2011-07-23       0.0                5.11     24.52
2011-07-24      2.62                4.97     22.88
2011-07-25     52.91                1.71     23.82
2011-07-26      1.79                3.87     24.65
2011-07-27      1.26                4.52     24.69
2011-07-28      3.48                3.01     25.39
2011-07-29     14.73                2.59     23.77
2011-07-30      4.05                 3.7     26.21
2011-07-31      1.39                4.49     25.32
2011-08-01       5.8                4.78     24.55
2011-08-02      6.35                3.79     19.58
2011-08-03     20.14                2.14      21.1
