2011-01-01       0.2                0.75     -2.49
2011-01-02       1.0                0.47      0.43
2011-01-03      0.35                0.45     -6.73
2011-01-04       0.0                0.55     -6.56
2011-01-05       0.0                0.67      -9.6
2011-01-06       0.0                0.65     -9.56
2011-01-07       0.0                0.73     -8.84
2011-01-08      0.03                0.57      0.82
2011-01-09       0.0                0.78    -11.21
2011-01-10      0.05                0.48      -2.2
2011-01-11      0.13                0.43      2.04
2011-01-12      1.02                 0.5     -0.08
2011-01-13       0.0                0.95    -11.43
2011-01-14      0.51                0.53     -0.06
2011-01-15      1.99                0.47      0.24
2011-01-16      0.56                0.72    -17.14
2011-01-17       0.0                0.85    -16.24
2011-01-18       0.0                0.82    -12.27
2011-01-19      0.22                0.43     -7.08
2011-01-20       0.0                1.22    -15.59
2011-01-21       0.0                1.18    -15.04
2011-01-22      0.02                 0.6    -16.08
2011-01-23      0.15                0.53    -12.47
2011-01-24      0.05                0.42    -11.41
2011-01-25      0.96                0.53     -3.13
2011-01-26      0.22                0.43     -9.14
2011-01-27      0.96                0.92     -4.14
2011-01-28      0.04                1.37    -14.08
2011-01-29       0.0                0.63    -16.08
2011-01-30      1.34                0.58      -1.7
2011-01-31      0.87                0.77    -19.12
2011-02-01       0.0                0.94    -20.63
2011-02-02       0.0                1.32    -16.89
2011-02-03      0.24                0.91     -9.26
2011-02-04      0.02                1.17    -13.49
2011-02-05       0.0                1.47    -20.27
2011-02-06      0.01                1.02    -18.53
2011-02-07      0.36                1.17     -4.27
2011-02-08     12.28                0.91     -8.98
2011-02-09      7.74                0.23    -10.62
2011-02-10      0.01                0.79    -11.49
2011-02-11      0.05                 0.2     -4.52
2011-02-12      1.47                0.28     -6.53
2011-02-13       0.0                0.81     -11.1
2011-02-14       0.0                0.91    -13.33
2011-02-15      0.03                0.84    -10.51
2011-02-16      0.01                0.91    -10.31
2011-02-17       0.0                0.81     -5.91
2011-02-18      0.02                0.53      -1.7
2011-02-19      1.72                0.86      0.33
2011-02-20      0.51                1.24     -4.11
2011-02-21      0.01                0.81     -9.91
2011-02-22      0.01                0.53     -1.65
2011-02-23       0.0                0.79     -2.02
2011-02-24       0.0                0.94       2.5
2011-02-25      0.56                2.01    -10.54
2011-02-26       0.0                0.91      -8.1
2011-02-27       0.0                1.19     -3.31
2011-02-28       0.0                0.28      -1.0
2011-03-01       0.0                0.86      1.27
2011-03-02      7.23                0.97       4.4
2011-03-03      7.55                0.72      3.17
2011-03-04      9.99                0.42      2.76
2011-03-05      0.19                0.55      1.93
2011-03-06       0.0                0.69     -2.42
2011-03-07       0.0                1.02      1.36
2011-03-08      0.08                1.16      4.77
2011-03-09      0.01                1.25      2.92
2011-03-10       0.0                0.67      3.66
2011-03-11      0.66                0.69      3.85
2011-03-12      0.13                0.81      2.04
2011-03-13      1.84                 2.5     -1.46
2011-03-14      0.01                2.24     -0.45
2011-03-15       0.0                 1.5      1.33
2011-03-16       0.0                1.13      3.92
2011-03-17       0.0                1.04      7.05
2011-03-18       0.0                1.06      5.37
2011-03-19       0.0                1.16       4.3
2011-03-20       0.0                1.29      3.79
2011-03-21       0.0                1.41      5.51
2011-03-22      0.05                1.62      8.05
2011-03-23      9.25                1.55      5.89
2011-03-24      7.71                1.27      4.05
2011-03-25       0.0                2.47      3.22
2011-03-26       0.0                1.96      6.12
2011-03-27      0.76                2.57      3.65
2011-03-28      0.01                2.59      2.46
2011-03-29       0.0                1.53      5.99
2011-03-30       0.0                2.01      6.76
2011-03-31      0.01                1.43       6.9
2011-04-01      1.98                1.76      5.39
2011-04-02      0.19                1.56      5.99
2011-04-03      1.92                2.68      0.53
2011-04-04      0.31                1.14      2.48
2011-04-05      1.19                1.07      3.44
2011-04-06      1.25                1.41      6.16
2011-04-07       0.0                1.61      6.33
2011-04-08      0.05                1.42      8.19
2011-04-09     12.61                2.85      1.98
2011-04-10       0.0                2.44     10.09
2011-04-11      6.72                2.24       7.6
2011-04-12       0.0                3.08      9.84
2011-04-13       0.0                2.73      9.88
2011-04-14      3.71                2.08      6.87
2011-04-15      2.33                2.68      6.74
2011-04-16      5.48                3.66      6.66
2011-04-17       0.0                2.68       6.7
2011-04-18      3.93                2.32      8.56
2011-04-19      4.16                1.19      8.29
2011-04-20       0.0                 3.8      8.81
2011-04-21       0.0                3.49     11.53
2011-04-22       0.0                3.69     12.66
2011-04-23      7.18                 2.0      7.24
2011-04-24      0.08                2.91      9.55
2011-04-25     18.18                1.64     10.66
2011-04-26      0.05                3.54      12.5
2011-04-27       0.0                 3.0     16.35
2011-04-28       0.0                 4.0     15.55
2011-04-29       0.0                4.74     19.75
2011-04-30      1.64                4.95     10.37
2011-05-01      1.74                1.49     11.06
2011-05-02      0.06                3.23     11.01
2011-05-03       0.0                4.64     16.38
2011-05-04       0.0                5.26     19.33
2011-05-05       0.0                5.31     19.73
2011-05-06      0.14                4.75     19.37
2011-05-07     10.67                2.78     11.56
2011-05-08       0.0                3.86     10.74
2011-05-09      0.07                3.13     13.84
2011-05-10      0.04                 4.2     12.11
2011-05-11       0.0                4.68     13.56
2011-05-12      0.43                3.73     13.52
2011-05-13      2.81                3.48     14.56
2011-05-14       0.0                5.48     16.19
2011-05-15       0.0                5.69     15.51
2011-05-16       0.0                4.85      16.0
2011-05-17       0.0                3.38     18.94
2011-05-18       0.0                5.03     20.93
2011-05-19      0.01                4.43     19.77
2011-05-20      0.12                 4.8     17.88
2011-05-21       0.0                6.01     18.25
2011-05-22       0.0                5.66     18.75
2011-05-23       0.0                5.51     18.38
2011-05-24       0.0                4.91     17.92
2011-05-25       0.0                5.23     19.76
2011-05-26       0.0                5.13     19.65
2011-05-27       0.0                4.93     20.45
2011-05-28       0.0                5.06     20.49
2011-05-29       0.0                5.02     18.56
2011-05-30      0.04                3.95     16.39
2011-05-31      0.04                4.02     18.79
2011-06-01       0.0                3.17     17.23
2011-06-02      0.97                4.28      16.4
2011-06-03       0.0                4.03     17.25
2011-06-04       0.0                4.64     19.71
2011-06-05       0.0                 4.9     15.63
2011-06-06       0.0                3.96     19.37
2011-06-07       0.0                4.84     19.73
2011-06-08       0.0                4.44     20.62
2011-06-09       0.0                4.37     17.87
2011-06-10      2.81                1.69     14.87
2011-06-11      0.14                3.27     21.85
2011-06-12       0.0                4.64     25.63
2011-06-13       0.0                 4.7     25.13
2011-06-14       0.0                4.36     22.98
2011-06-15      0.59                3.53     22.37
2011-06-16       0.0                4.81     19.79
2011-06-17       0.0                4.03      22.6
2011-06-18       0.0                4.12     23.69
2011-06-19       0.0                3.97     21.95
2011-06-20      5.66                2.96     17.78
2011-06-21     39.97                1.87     20.18
2011-06-22      2.03                2.73      18.7
2011-06-23      0.04                3.05     18.61
2011-06-24       0.0                5.61     21.99
2011-06-25      1.76                 5.5     16.85
2011-06-26     10.71                1.27     15.77
2011-06-27      0.04                4.36     21.54
2011-06-28     10.35                4.33      19.1
2011-06-29      0.22                 2.9     19.74
2011-06-30     35.76                3.24     20.64
2011-07-01    121.79                0.16     19.45
2011-07-02     62.63                0.76     19.79
2011-07-03     15.54                0.48     21.63
2011-07-04     17.05                0.35     22.15
2011-07-05      7.32                2.29     22.27
2011-07-06      3.23                1.05     23.08
2011-07-07      1.79                2.48     23.77
2011-07-08      0.15                4.62     24.15
2011-07-09       0.4                5.67     26.85
2011-07-10      4.89                5.48     26.47
2011-07-11     23.37                4.44      22.1
2011-07-12      6.75                3.64     24.17
2011-07-13      10.0                3.57     23.97
2011-07-14      4.75                4.88      26.1
2011-07-15       5.0                4.31     24.36
2011-07-16     10.87                2.37     24.39
2011-07-17      0.82                3.71     25.13
2011-07-18      1.97                3.92     25.05
2011-07-19      5.96                4.41     23.29
2011-07-20      3.37                 3.1     26.02
2011-07-21      0.26                5.38     26.29
2011-07-22      0.57                 4.6     25.25
2011-07-23     41.82                1.59      22.9
2011-07-24      8.99                1.21     21.38
2011-07-25      1.84                2.44     20.54
2011-07-26      3.97                1.21     20.11
2011-07-27      9.74                1.87     20.46
2011-07-28      4.18                3.55     23.53
2011-07-29      0.42                4.41     24.55
2011-07-30      0.28                4.57      24.5
2011-07-31      0.29                4.98     25.36
2011-08-01      7.33                3.71      23.0
2011-08-02      0.68                 3.2     21.17
2011-08-03       0.0                5.17     25.21
