2011-01-01      0.22                0.72     -4.15
2011-01-02      0.47                0.47     -1.37
2011-01-03      0.41                0.43     -6.12
2011-01-04      0.03                0.52     -5.27
2011-01-05      0.29                0.55     -8.49
2011-01-06      0.09                0.55    -13.36
2011-01-07       0.0                 0.5     -8.24
2011-01-08      0.01                0.33     -6.88
2011-01-09       0.0                0.55     -7.74
2011-01-10      0.86                0.52      0.82
2011-01-11       0.0                 1.1     -8.84
2011-01-12      0.49                0.65     -6.35
2011-01-13      0.04                0.83    -18.93
2011-01-14       0.0                 0.6     -17.9
2011-01-15       0.0                0.52    -14.66
2011-01-16      0.45                 0.5     -9.34
2011-01-17      0.01                0.45    -10.64
2011-01-18       0.0                0.42     -4.74
2011-01-19      0.04                0.57     -7.45
2011-01-20       0.0                0.75    -12.61
2011-01-21       0.0                0.52     -8.58
2011-01-22      0.86                 0.5     -0.07
2011-01-23      0.01                0.75    -10.84
2011-01-24       0.0                0.55    -10.76
2011-01-25       0.0                0.57    -10.53
2011-01-26       0.0                 0.6      -6.6
2011-01-27      0.63                0.55     -1.33
2011-01-28       0.0                1.23    -11.03
2011-01-29       0.0                 0.7    -15.83
2011-01-30       0.0                0.65    -16.49
2011-01-31       0.0                0.65    -15.66
2011-02-01       0.0                1.07    -14.04
2011-02-02       0.0                0.94    -14.26
2011-02-03      0.08                0.84      -9.3
2011-02-04       0.0                1.22     -17.5
2011-02-05      0.13                0.79    -13.47
2011-02-06       0.0                1.24    -13.05
2011-02-07      1.07                1.32    -11.54
2011-02-08       0.0                1.17    -16.12
2011-02-09       0.0                0.99    -12.72
2011-02-10       0.0                0.99    -15.45
2011-02-11       0.0                0.91    -13.78
2011-02-12       0.0                0.76    -12.07
2011-02-13      0.01                0.71      -9.9
2011-02-14      0.02                0.91     -8.76
2011-02-15      0.01                0.63     -2.27
2011-02-16      0.03                1.07     -2.65
2011-02-17      0.01                0.79     -1.69
2011-02-18      0.24                1.04     -5.02
2011-02-19      0.02                0.76      2.04
2011-02-20      1.07                0.69      3.57
2011-02-21      1.73                1.57     -0.62
2011-02-22       1.4                1.47    -10.94
2011-02-23       0.0                1.35     -9.41
2011-02-24       0.0                1.27    -12.06
2011-02-25      0.01                0.96     -7.26
2011-02-26      0.03                1.04     -2.26
2011-02-27      0.11                0.56     -3.24
2011-02-28       0.0                1.19     -1.31
2011-03-01      0.11                0.76     -3.65
2011-03-02       0.0                1.39     -4.74
2011-03-03       0.0                 0.9      2.33
2011-03-04      3.79                 0.6      4.69
2011-03-05      0.28                 1.2      2.68
2011-03-06      4.04                1.36      7.05
2011-03-07      1.39                1.92     -7.43
2011-03-08      0.12                1.18     -3.54
2011-03-09      0.41                 0.9     -2.65
2011-03-10       0.0                0.95      4.06
2011-03-11      1.65                 0.3      5.67
2011-03-12      0.02                0.86      5.86
2011-03-13      0.21                0.76      1.58
2011-03-14       1.1                0.92      1.68
2011-03-15      0.41                0.62      6.33
2011-03-16      1.04               -0.18      7.94
2011-03-17      0.23                1.59      2.95
2011-03-18       0.0                 0.9      4.59
2011-03-19       0.0                1.22      1.94
2011-03-20       0.0                0.92      1.25
2011-03-21       0.0                1.02      3.57
2011-03-22      0.04                0.72      6.31
2011-03-23      0.24                1.22      7.04
2011-03-24       0.0                2.63      1.33
2011-03-25       0.0                1.27      8.41
2011-03-26       0.0                1.04     10.36
2011-03-27       0.0                2.38      9.46
2011-03-28       0.3                2.66      5.36
2011-03-29      0.03                1.13      3.88
2011-03-30       0.0                2.13      4.46
2011-03-31       0.0                2.52       3.2
2011-04-01       1.9                0.83      2.81
2011-04-02      0.18                1.19      7.16
2011-04-03      0.39                1.75      8.19
2011-04-04       0.0                1.58       7.9
2011-04-05       0.0                1.83      6.42
2011-04-06      0.62                1.49      7.53
2011-04-07      0.07                1.83     11.26
2011-04-08      2.49                2.47      6.33
2011-04-09      8.99                1.93      6.68
2011-04-10       0.0                2.71      8.24
2011-04-11      0.07                2.76      9.69
2011-04-12      2.95                 3.2       4.2
2011-04-13      0.95                1.95      7.52
2011-04-14       0.0                2.03      6.54
2011-04-15       0.0                2.05      8.45
2011-04-16       0.0                2.54     11.16
2011-04-17       0.0                2.27     11.88
2011-04-18      9.29                2.42      7.53
2011-04-19      1.84                0.83      7.65
2011-04-20      0.26                1.27     11.96
2011-04-21      3.44                3.22     11.29
2011-04-22      1.52                2.63      8.15
2011-04-23      0.24                3.37      9.22
2011-04-24      0.04                3.05      9.04
2011-04-25      4.04                3.42      4.62
2011-04-26       0.0                2.42     10.45
2011-04-27      1.48                3.47     11.98
2011-04-28      0.11                3.69     12.25
2011-04-29       0.0                3.81     12.84
2011-04-30       0.0                4.02     14.09
2011-05-01      5.41                1.99     10.88
2011-05-02      2.36                2.78     13.58
2011-05-03       0.0                4.02     12.51
2011-05-04      2.98                 2.9     11.11
2011-05-05       0.0                3.61     16.09
2011-05-06      0.34                3.74     17.01
2011-05-07      8.41                 3.9      6.42
2011-05-08       0.0                4.18     12.68
2011-05-09       0.0                4.33     15.28
2011-05-10       0.2                3.98     14.64
2011-05-11      9.15                 1.3     18.29
2011-05-12     36.84                1.52      9.03
2011-05-13       0.0                3.26     12.71
2011-05-14       0.0                3.93     19.83
2011-05-15      1.21                3.66     20.17
2011-05-16      1.88                 3.9     12.58
2011-05-17       0.0                3.96       9.6
2011-05-18       0.0                2.28      15.4
2011-05-19       0.0                4.78     18.14
2011-05-20       0.0                4.87     16.94
2011-05-21       0.0                 3.3     18.38
2011-05-22      0.04                3.64     14.73
2011-05-23       0.0                4.46     18.11
2011-05-24      1.38                4.18     15.71
2011-05-25      2.68                2.68     16.07
2011-05-26      0.04                4.04     19.35
2011-05-27      0.16                3.82      18.5
2011-05-28      0.14                3.73     19.88
2011-05-29       0.0                5.02     20.97
2011-05-30       0.0                 4.3     20.68
2011-05-31       0.0                 4.8     16.42
2011-06-01      0.01                3.91     12.49
2011-06-02      3.85                3.04     14.09
2011-06-03      0.21                5.08     17.05
2011-06-04       0.0                4.87     19.15
2011-06-05       0.0                5.38     20.33
2011-06-06       0.0                5.44     20.37
2011-06-07      0.09                4.68     17.46
2011-06-08       0.0                5.26     21.68
2011-06-09       0.0                5.04     20.41
2011-06-10      0.04                4.22     17.73
2011-06-11      4.36                1.45     19.13
2011-06-12      0.19                4.04     16.82
2011-06-13     15.54                2.36     16.39
2011-06-14      0.06                4.62     19.95
2011-06-15       0.0                 5.9     22.37
2011-06-16       0.0                 4.8     20.65
2011-06-17     20.46                3.14     14.69
2011-06-18      1.33                2.21     19.34
2011-06-19      0.17                5.44     21.79
2011-06-20      1.31                6.22     20.58
2011-06-21      0.01                4.25      17.5
2011-06-22      0.18                4.04     17.06
2011-06-23     11.08                3.79     14.83
2011-06-24      2.54                1.84      18.4
2011-06-25      3.73                3.29     19.79
2011-06-26     14.06                2.59      19.5
2011-06-27      0.66                3.97     19.81
2011-06-28     36.57                1.36     18.24
2011-06-29     21.94                3.35     17.97
2011-06-30      4.53                1.32     19.41
2011-07-01     52.48                1.36     19.04
2011-07-02       8.0                 2.0     19.73
2011-07-03     47.78                1.74     20.95
2011-07-04       2.9                4.78     23.42
2011-07-05      0.58                5.36     25.67
2011-07-06      0.57                4.47     23.71
2011-07-07      6.93                3.46     22.74
2011-07-08     33.58                2.19     21.46
2011-07-09       2.9                1.26      24.7
2011-07-10      0.12                5.13     27.81
2011-07-11       0.0                5.74     28.59
2011-07-12       0.0                5.66     26.87
2011-07-13       0.0                5.73     26.89
2011-07-14      0.42                5.48     29.72
2011-07-15      0.16                5.47     25.82
2011-07-16      1.54                4.73     26.47
2011-07-17      1.11                5.14     26.45
2011-07-18     38.39                5.47     22.14
2011-07-19     18.01                3.07     20.75
2011-07-20    107.05                1.32     17.86
2011-07-21      9.83                1.72     17.84
2011-07-22      0.01                3.33     20.15
2011-07-23       0.0                 5.7     23.72
2011-07-24       0.0                 5.7     26.48
2011-07-25      0.15                5.41     27.08
2011-07-26      1.79                5.63     26.54
2011-07-27      5.16                5.11     25.18
2011-07-28       5.1                3.96     23.01
2011-07-29      3.51                 3.3     21.77
2011-07-30      1.51                3.84     24.37
2011-07-31      3.77                 4.3     23.87
2011-08-01      0.02                 4.3     23.22
2011-08-02      2.98                2.69     22.83
2011-08-03      5.73                1.57     21.26
