2011-01-01      0.21                0.83      -2.7
2011-01-02      0.14                 0.5      -6.0
2011-01-03      0.62                0.42     -6.61
2011-01-04       0.0                 0.7     -6.24
2011-01-05      0.01                0.77      -9.0
2011-01-06      0.01                 0.7    -11.38
2011-01-07       0.0                0.63    -12.29
2011-01-08      0.12                0.65     -0.75
2011-01-09      0.01                0.68     -6.65
2011-01-10      0.01                 0.6     -7.58
2011-01-11      1.06                0.65     -2.75
2011-01-12      0.24                 0.9    -13.77
2011-01-13      0.09                0.75    -12.69
2011-01-14       0.0                 0.6     -8.44
2011-01-15     13.18                0.45      3.73
2011-01-16      1.76                1.53    -16.51
2011-01-17      0.09                0.67    -19.28
2011-01-18      0.08                0.78    -19.36
2011-01-19       0.0                0.62    -18.51
2011-01-20      0.05                0.53    -14.66
2011-01-21      6.94                 0.4    -10.75
2011-01-22      0.02                0.87    -20.51
2011-01-23      0.01                 0.4    -22.87
2011-01-24       0.0                0.25    -18.89
2011-01-25      0.08                0.28    -14.73
2011-01-26      0.06                0.38    -13.33
2011-01-27       0.1                0.37     -18.9
2011-01-28       0.0                0.28     -12.3
2011-01-29      0.04                 0.4     -9.64
2011-01-30       0.0                0.52    -14.35
2011-01-31      0.63                 0.4     -2.64
2011-02-01      0.24                0.56    -14.27
2011-02-02       0.0                0.74    -19.63
2011-02-03       0.0                0.51    -18.01
2011-02-04      0.02                0.66    -12.68
2011-02-05      0.01                0.56    -11.74
2011-02-06      0.01                0.71    -12.97
2011-02-07      1.96                0.69     -1.88
2011-02-08      0.53                0.48    -10.22
2011-02-09       0.1                0.63     -7.06
2011-02-10      0.83                0.46     -5.19
2011-02-11      0.03                1.22    -16.02
2011-02-12      0.02                0.66    -17.38
2011-02-13      0.16                0.58     -12.4
2011-02-14       0.0                0.91    -10.53
2011-02-15      0.65                0.48     -0.05
2011-02-16      0.46                0.56     -5.84
2011-02-17      0.04                0.89      -6.2
2011-02-18      2.11                1.35     -3.25
2011-02-19      0.11                 1.4    -10.75
2011-02-20      0.01                0.81     -5.28
2011-02-21      0.43                0.84      0.21
2011-02-22      0.11                0.15     -4.28
2011-02-23       0.0                0.61     -1.62
2011-02-24      18.9               -0.61     11.49
2011-02-25     12.65               -2.16      4.67
2011-02-26       0.0                1.02      -4.6
2011-02-27       0.0                0.61      0.62
2011-02-28      0.49                1.55      2.29
2011-03-01       0.0                2.24     -4.91
2011-03-02       0.0                1.55     -0.12
2011-03-03       0.0                1.62     -0.79
2011-03-04       0.8                1.27      2.25
2011-03-05      2.71                0.46     -0.79
2011-03-06       0.0                1.36      0.21
2011-03-07      0.11                2.06      1.24
2011-03-08       0.0                1.27      0.03
2011-03-09       0.0                1.85       3.0
2011-03-10      0.06                1.11      4.32
2011-03-11      0.01                0.88      4.49
2011-03-12      1.23                2.01      1.77
2011-03-13      0.01                 2.1      1.29
2011-03-14       0.0                1.62      4.76
2011-03-15       0.0                 1.2       3.9
2011-03-16       0.0                1.29      5.61
2011-03-17       0.0                1.89      9.27
2011-03-18      0.37                1.55      4.16
2011-03-19      1.26                2.08     -0.92
2011-03-20      0.04                2.29     -1.86
2011-03-21      1.43                1.41     -0.44
2011-03-22      0.73                1.83      1.59
2011-03-23      0.06                1.34      2.95
2011-03-24       0.0                 1.2      8.66
2011-03-25      0.12                1.69      8.58
2011-03-26      4.87                3.58     -0.19
2011-03-27      0.06                1.62      0.89
2011-03-28      5.91                1.39      1.31
2011-03-29      1.24                0.88       1.5
2011-03-30      0.64                1.46       2.8
2011-03-31      4.39                4.16      1.88
2011-04-01       0.0                1.98      6.79
2011-04-02       0.0                0.66      11.2
2011-04-03      0.01                2.27      3.95
2011-04-04       0.0                2.05      6.65
2011-04-05      0.28                2.15      3.41
2011-04-06      0.38                1.78      8.76
2011-04-07       1.2                2.78      8.78
2011-04-08     11.44                 1.8       4.2
2011-04-09      2.72                2.54      6.72
2011-04-10       0.0                2.76      8.77
2011-04-11       0.0                2.69      9.82
2011-04-12     39.87                1.61      6.51
2011-04-13      1.57                1.02      5.76
2011-04-14      0.08                2.17      8.49
2011-04-15       0.0                2.91      10.4
2011-04-16      2.26                2.51      7.96
2011-04-17     25.28                2.75      5.07
2011-04-18       0.0                3.29       8.2
2011-04-19       0.0                2.64      8.48
2011-04-20       0.0                3.69      13.3
2011-04-21       0.0                3.25     14.15
2011-04-22      3.37                2.56     10.76
2011-04-23      9.01                1.24       8.2
2011-04-24       0.0                4.47     12.77
2011-04-25       0.0                3.59      8.74
2011-04-26     17.25                 3.1      5.43
2011-04-27       1.2                2.53     10.59
2011-04-28       0.0                 4.2     11.18
2011-04-29      0.05                4.41     11.24
2011-04-30      0.08                 4.2     12.23
2011-05-01       0.0                4.05     17.14
2011-05-02      0.63                3.58     14.18
2011-05-03       0.0                 3.8     16.88
2011-05-04      0.08                3.73     16.89
2011-05-05       1.2                2.92      16.8
2011-05-06      2.96                1.83     13.98
2011-05-07      4.09                1.33     13.55
2011-05-08       0.0                5.07      17.1
2011-05-09       0.0                 5.7     19.78
2011-05-10      0.82                5.07     15.44
2011-05-11      2.29                1.92     17.89
2011-05-12      1.35                3.51     16.67
2011-05-13       0.3                4.66     15.93
2011-05-14      0.44                2.69     12.83
2011-05-15      3.22                3.14     11.89
2011-05-16       0.4                2.88     12.43
2011-05-17      1.53                2.18     10.72
2011-05-18      2.43                2.34      8.89
2011-05-19       0.0                3.47     10.72
2011-05-20      1.84                3.57     14.79
2011-05-21      1.95                4.33      19.3
2011-05-22      0.07                4.18     17.85
2011-05-23      0.04                3.16     19.35
2011-05-24      5.61                4.77     15.84
2011-05-25       0.0                5.79     19.81
2011-05-26       0.0                6.26     20.99
2011-05-27     11.77                5.31     17.76
2011-05-28      8.09                 1.4      11.6
2011-05-29      0.25                3.11     14.75
2011-05-30       0.0                4.99      17.0
2011-05-31      0.11                4.45     15.01
2011-06-01       0.0                5.61     18.01
2011-06-02       0.0                6.15     17.96
2011-06-03       0.0                5.27     16.53
2011-06-04       0.0                5.53     21.56
2011-06-05      0.22                5.53     19.05
2011-06-06      3.55                4.12     16.53
2011-06-07      0.21                5.63     19.96
2011-06-08       0.0                 5.6     18.69
2011-06-09       0.0                 6.1     18.91
2011-06-10       0.0                6.04     20.26
2011-06-11      0.39                4.86     19.23
2011-06-12      0.03                3.97     20.41
2011-06-13       0.0                6.03     22.19
2011-06-14       0.0                6.03     22.14
2011-06-15      3.38                4.62     16.76
2011-06-16      0.14                4.18      20.6
2011-06-17       0.3                4.15     18.19
2011-06-18       0.0                 4.9     20.46
2011-06-19      0.05                4.28     17.65
2011-06-20      0.06                3.47      17.5
2011-06-21      0.06                2.92     16.46
2011-06-22      7.19                3.67     17.07
2011-06-23      1.75                5.01     18.81
2011-06-24      1.02                4.01     20.15
2011-06-25       0.0                3.04     20.78
2011-06-26     53.13                 1.1      20.0
2011-06-27      4.05                2.19     19.38
2011-06-28       1.8                3.38     19.08
2011-06-29       0.3                3.24      20.7
2011-06-30      0.33                4.59     22.29
2011-07-01      0.14                4.95     20.59
2011-07-02       0.0                3.48     23.07
2011-07-03     10.51                4.71     21.25
2011-07-04      1.73                2.67     22.82
2011-07-05     33.83                2.22     20.63
2011-07-06      7.73                1.71     21.14
2011-07-07      2.98                2.62      22.7
2011-07-08       1.7                 3.2      24.1
2011-07-09      4.94                3.36     22.93
2011-07-10      1.97                3.39     26.27
2011-07-11      0.06                5.32     25.73
2011-07-12       0.0                5.76     27.05
2011-07-13       0.0                6.18     27.22
2011-07-14       0.0                6.09     26.39
2011-07-15      0.48                 4.4     25.33
2011-07-16      0.64                4.54      25.6
2011-07-17      0.08                5.11      26.5
2011-07-18      0.72                4.97     24.34
2011-07-19      2.77                4.72     26.18
2011-07-20      5.16                5.06     23.87
2011-07-21      2.95                3.76     21.58
2011-07-22      0.24                1.91     20.68
2011-07-23      0.01                4.78      19.6
2011-07-24       0.0                5.42     23.75
2011-07-25      0.26                5.04     24.55
2011-07-26     27.81                 2.0     23.49
2011-07-27     29.48                0.95     22.21
2011-07-28     39.41                0.39     22.56
2011-07-29      16.0                3.95     24.86
2011-07-30      0.62                4.92     26.91
2011-07-31      1.35                5.47     26.03
2011-08-01      0.05                5.03     26.97
2011-08-02      0.46                4.31     24.54
2011-08-03       0.0                5.05     27.15
