2011-01-01      0.16                0.75      -2.9
2011-01-02      0.56                0.42     -1.05
2011-01-03      0.28                0.37     -3.37
2011-01-04       0.0                0.62     -4.99
2011-01-05      0.64                0.52     -7.74
2011-01-06      0.03                0.72    -12.94
2011-01-07      0.02                0.58     -5.18
2011-01-08      0.01                0.95    -17.55
2011-01-09      0.02                0.65    -14.43
2011-01-10      0.52                0.43     -1.59
2011-01-11      0.65                 0.5    -16.15
2011-01-12       0.0                0.75    -18.43
2011-01-13       0.0                0.72    -18.65
2011-01-14      0.01                0.73    -14.33
2011-01-15       0.0                0.72    -14.66
2011-01-16      0.01                0.37    -11.28
2011-01-17       0.0                0.42     -9.11
2011-01-18       0.0                0.38     -6.18
2011-01-19      0.56                0.43      3.14
2011-01-20      23.8                0.35      5.55
2011-01-21      0.59                0.78     -7.33
2011-01-22       0.0                0.47    -16.53
2011-01-23       0.0                 0.5     -15.2
2011-01-24      0.02                 0.5     -6.02
2011-01-25      0.08                 0.2    -11.45
2011-01-26      1.37                0.37     -3.25
2011-01-27       0.4                0.55    -16.02
2011-01-28      0.01                0.43    -18.97
2011-01-29       0.0                0.42    -15.94
2011-01-30       0.0                 0.3     -9.94
2011-01-31      0.05                0.18      -3.4
2011-02-01      0.01                0.91     -19.1
2011-02-02       0.0                0.56    -18.52
2011-02-03       0.0                0.56    -13.99
2011-02-04      0.01                0.74     -9.16
2011-02-05       0.0                 0.2     -5.97
2011-02-06      0.91                0.41      1.72
2011-02-07      1.24                0.25      0.79
2011-02-08      0.03                0.84     -4.92
2011-02-09      0.03                0.94     -2.52
2011-02-10       0.0                1.98    -15.33
2011-02-11       0.0                 1.6    -20.27
2011-02-12       0.0                0.94    -15.95
2011-02-13       0.0                1.02    -11.34
2011-02-14       0.0                0.79    -10.04
2011-02-15       0.0                0.91     -6.06
2011-02-16       0.0                0.91      1.58
2011-02-17      0.24                1.04     -0.33
2011-02-18       0.0                2.21     -7.95
2011-02-19       0.0                 1.4     -7.32
2011-02-20       0.0                1.42     -3.48
2011-02-21      0.01                1.42     -6.99
2011-02-22      0.01                 1.4     -3.57
2011-02-23       0.0                1.02     -0.25
2011-02-24      0.01                0.66      1.16
2011-02-25      7.18                1.07      2.37
2011-02-26      0.71                0.91     -4.63
2011-02-27      0.28                1.17      0.47
2011-02-28      0.01                2.28     -4.63
2011-03-01       0.0                1.32      -5.2
2011-03-02       0.0                 1.2      -0.9
2011-03-03      0.16                0.69     -0.68
2011-03-04      0.19                0.67      0.67
2011-03-05      0.46                 0.6     -0.16
2011-03-06      0.25                0.92     -1.66
2011-03-07       0.0                0.88      3.77
2011-03-08       1.5               -0.07      4.15
2011-03-09      0.86                2.29      -6.1
2011-03-10      0.64                1.69       2.6
2011-03-11      1.69               -0.16     -0.42
2011-03-12      0.39                1.85     -2.63
2011-03-13      0.85                1.78      3.33
2011-03-14      1.45                2.59     -2.51
2011-03-15       0.0                2.26     -1.82
2011-03-16      0.18                2.01     -2.37
2011-03-17       0.0                2.13     -2.57
2011-03-18       0.0                1.92     -0.86
2011-03-19       0.0                1.53       2.1
2011-03-20       0.0                1.59       3.3
2011-03-21       0.0                1.73      6.44
2011-03-22       0.0                1.64       7.5
2011-03-23      0.12                0.97      7.82
2011-03-24      1.37               -0.14      11.8
2011-03-25      3.63               -2.36      9.81
2011-03-26      1.53                1.57      6.38
2011-03-27     23.45                0.39      4.05
2011-03-28      0.32                 1.8      6.19
2011-03-29       0.0                2.26      9.06
2011-03-30       0.0                3.14     11.98
2011-03-31      0.07                3.35       9.3
2011-04-01      0.05                1.71      8.44
2011-04-02      0.23                1.29      6.31
2011-04-03      2.17                0.98      8.25
2011-04-04      4.09                2.46      6.84
2011-04-05     12.75                1.78      8.29
2011-04-06      2.29                1.42      7.31
2011-04-07       0.0                2.32      6.39
2011-04-08       0.0                3.37      3.58
2011-04-09       0.0                2.61      6.98
2011-04-10      0.05                2.53     10.02
2011-04-11       0.0                3.08     12.03
2011-04-12       0.0                3.41     12.08
2011-04-13       0.0                3.34     10.62
2011-04-14      5.61                1.69      7.56
2011-04-15      0.08                1.54       5.8
2011-04-16       0.0                2.14     12.01
2011-04-17       0.0                3.51     14.16
2011-04-18       0.0                3.51     16.62
2011-04-19       0.0                4.15     16.95
2011-04-20      2.83                3.76     13.56
2011-04-21       5.1                2.54      8.32
2011-04-22       0.0                2.93     11.22
2011-04-23       0.0                 3.8     12.04
2011-04-24       0.0                2.97     13.21
2011-04-25       2.1                3.15     12.04
2011-04-26      0.39                3.25      9.84
2011-04-27       0.0                4.17     13.43
2011-04-28       0.0                4.86     16.15
2011-04-29      0.11                4.56     15.17
2011-04-30      2.07                3.42     11.57
2011-05-01       0.0                4.01     13.41
2011-05-02      2.26                3.22     10.64
2011-05-03      0.04                3.41     12.62
2011-05-04       0.0                4.23     13.69
2011-05-05       0.0                 4.5     13.23
2011-05-06       0.0                3.38     12.28
2011-05-07      0.34                3.35     12.33
2011-05-08       0.0                3.55     15.43
2011-05-09       0.0                4.66     18.45
2011-05-10     34.44                4.64     14.03
2011-05-11      7.78                1.49     16.89
2011-05-12      12.3                4.81     10.11
2011-05-13       0.2                2.24     13.64
2011-05-14       0.0                4.62     14.12
2011-05-15       0.0                 2.9     17.02
2011-05-16       0.0                5.02     19.57
2011-05-17       0.0                4.74     19.05
2011-05-18      0.24                3.22     16.51
2011-05-19      0.06                2.88      17.9
2011-05-20      0.01                4.52     16.75
2011-05-21      3.76                 5.4      13.4
2011-05-22       1.9                3.22     12.43
2011-05-23      0.24                2.73      17.0
2011-05-24       0.0                4.74     20.18
2011-05-25      0.36                4.78     18.19
2011-05-26      0.07                1.93     22.01
2011-05-27       0.0                5.04     22.57
2011-05-28      0.05                3.74     16.33
2011-05-29      0.64                4.06     17.68
2011-05-30      1.98                2.76     17.34
2011-05-31       0.0                5.82     22.33
2011-06-01      0.16                6.34      20.7
2011-06-02       0.0                3.54     20.73
2011-06-03      15.6                2.09     19.49
2011-06-04      0.33                4.64     18.88
2011-06-05       0.0                6.06     19.32
2011-06-06       0.0                6.56     21.68
2011-06-07     20.65                5.48     17.67
2011-06-08      2.97                4.64     18.54
2011-06-09      0.17                5.76     18.64
2011-06-10       0.0                6.61      18.1
2011-06-11       0.0                6.03     19.03
2011-06-12      0.01                3.88     15.95
2011-06-13      2.38                 4.7     16.09
2011-06-14      0.12                3.58     20.21
2011-06-15       0.0                5.67     20.58
2011-06-16       0.0                4.93     22.76
2011-06-17      0.96                5.29     18.17
2011-06-18      3.25                3.44     15.05
2011-06-19      1.13                2.77      18.9
2011-06-20      0.71                3.44     19.32
2011-06-21      0.37                2.95      20.4
2011-06-22      0.47                4.43     22.39
2011-06-23      0.56                4.31     22.11
2011-06-24       0.0                5.35     21.89
2011-06-25     15.77                4.89     21.83
2011-06-26     26.56                2.06      20.5
2011-06-27      0.04                4.87     25.77
2011-06-28     13.54                 3.2     19.18
2011-06-29      1.59                3.85     21.37
2011-06-30      0.95                4.92     23.04
2011-07-01      2.65                4.68     24.37
2011-07-02      4.72                3.68     24.64
2011-07-03     20.59                5.77     23.32
2011-07-04      9.92                 1.9     21.35
2011-07-05     17.38                4.88     23.55
2011-07-06     14.46                1.39     23.75
2011-07-07      1.12                3.55     24.82
2011-07-08      0.14                4.72     23.86
2011-07-09      1.11                 4.5      24.1
2011-07-10      5.03                4.21     24.18
2011-07-11     32.84                2.63     22.07
2011-07-12     45.21                0.96     22.71
2011-07-13    154.76                1.55     19.17
2011-07-14      8.93                2.72     19.58
2011-07-15      21.3                 1.1     21.16
2011-07-16     11.33                0.98     25.14
2011-07-17     16.27                 2.4     23.19
2011-07-18      2.95                1.43     23.96
2011-07-19      1.96                4.87     25.04
2011-07-20       0.0                5.68     25.84
2011-07-21       0.0                6.28     26.68
2011-07-22      0.54                5.66     26.43
2011-07-23      9.92                4.71      24.5
2011-07-24       1.4                3.81     27.19
2011-07-25     27.84                4.54     24.77
2011-07-26     15.11                4.46     23.61
2011-07-27      0.48                3.35     23.62
2011-07-28       0.7                3.51      23.7
2011-07-29      0.62                4.24     22.87
2011-07-30       0.7                3.84     23.66
2011-07-31      0.21                3.93     24.26
2011-08-01      0.79                2.96     24.24
2011-08-02     22.63                2.59     23.94
2011-08-03      3.51                3.57     25.65
