2011-01-01      0.17                0.75      -2.4
2011-01-02      1.09                0.52      0.36
2011-01-03      0.22                0.47      -6.3
2011-01-04       0.0                0.63     -5.48
2011-01-05      0.09                0.62     -8.08
2011-01-06      0.54                0.67    -13.36
2011-01-07      0.01                0.67     -8.16
2011-01-08       0.0                0.67     -1.55
2011-01-09       0.0                0.63     -1.33
2011-01-10      0.41                0.43      1.34
2011-01-11      1.15                0.45     -8.28
2011-01-12      0.29                0.75     -7.08
2011-01-13      0.17                0.85    -15.78
2011-01-14      0.03                 0.6    -15.83
2011-01-15       0.0                0.57    -11.99
2011-01-16      0.49                0.65    -13.45
2011-01-17      0.01                0.58    -13.56
2011-01-18      0.42                0.57     -1.56
2011-01-19      0.56                0.32     -9.06
2011-01-20       0.0                1.02    -13.03
2011-01-21      0.03                0.55      0.44
2011-01-22      0.03                0.23      5.73
2011-01-23      0.11               -0.07      6.43
2011-01-24      1.22                0.52      6.96
2011-01-25      0.09                1.53     -6.62
2011-01-26      0.03                1.15    -10.29
2011-01-27       0.0                0.72    -12.16
2011-01-28       0.0                 0.5    -13.09
2011-01-29       0.0                0.57    -10.24
2011-01-30       0.0                0.52     -8.34
2011-01-31      0.93                0.33     -0.07
2011-02-01       0.0                1.24     -6.53
2011-02-02       0.0                0.71     -5.32
2011-02-03      0.01                0.84      0.07
2011-02-04      0.98                2.06    -12.97
2011-02-05       0.0                1.73    -13.21
2011-02-06       0.0                1.57    -12.61
2011-02-07       0.0                1.35    -16.03
2011-02-08      0.02                0.86    -15.22
2011-02-09       0.0                0.61    -11.68
2011-02-10       0.0                0.76     -10.5
2011-02-11      0.15                0.96      -7.9
2011-02-12      0.65                0.91    -15.21
2011-02-13       0.0                0.94     -7.29
2011-02-14      0.01                0.46      1.98
2011-02-15       0.0                1.22      1.04
2011-02-16      1.12                1.32      4.29
2011-02-17      0.28                0.76     -0.25
2011-02-18      1.18                1.17     -3.88
2011-02-19      1.15                0.74     -9.63
2011-02-20       0.0                1.24     -7.69
2011-02-21      0.08                0.94     -1.72
2011-02-22      0.23                0.94     -4.41
2011-02-23       0.0                1.17      3.31
2011-02-24      0.01               -0.36      8.11
2011-02-25      0.16                1.83     -1.33
2011-02-26       2.1                0.71      -0.1
2011-02-27      1.09                1.07     -8.89
2011-02-28       0.0                 1.4     -6.81
2011-03-01      0.25                1.25     -6.48
2011-03-02      0.06                1.36     -8.61
2011-03-03      0.08                0.88     -5.78
2011-03-04       0.0                0.76     -3.84
2011-03-05       0.0                0.92      2.35
2011-03-06      7.63                0.02      5.71
2011-03-07      8.28                 0.3     -3.72
2011-03-08       0.0                1.55     -1.68
2011-03-09      0.82                1.09      0.07
2011-03-10      1.21                0.23      2.19
2011-03-11       0.0                1.59      4.33
2011-03-12       0.0                1.02      5.83
2011-03-13     24.16                1.62      2.22
2011-03-14      0.61                1.22     -2.59
2011-03-15      0.01                2.08      -2.3
2011-03-16       0.0                1.46     -2.15
2011-03-17      0.02                1.66      0.08
2011-03-18      0.01                1.73      0.98
2011-03-19       0.0                1.48      5.15
2011-03-20      0.05                0.86      3.06
2011-03-21      0.07                0.67      2.86
2011-03-22      0.25                0.76      5.03
2011-03-23      0.07                1.06     10.59
2011-03-24       6.1                0.12      6.26
2011-03-25      0.03                1.73      5.97
2011-03-26       0.0                1.69      6.04
2011-03-27      0.19                1.94      5.06
2011-03-28       0.0                2.66       6.7
2011-03-29       0.0                2.33      6.25
2011-03-30       0.0                 2.4      9.64
2011-03-31      0.52                2.61      5.64
2011-04-01      0.09                1.19      4.51
2011-04-02      1.43                2.49      6.87
2011-04-03      7.43                0.86      4.27
2011-04-04      0.46                2.58      7.08
2011-04-05      4.66                 3.2      7.52
2011-04-06       5.8                3.29     11.78
2011-04-07       4.5                2.59      6.58
2011-04-08      0.09                2.78      8.91
2011-04-09      0.67                2.83      7.71
2011-04-10       0.0                2.91      5.43
2011-04-11       0.0                2.83      7.84
2011-04-12       0.0                3.03     10.24
2011-04-13       0.0                3.19     13.72
2011-04-14      0.28                2.95      15.5
2011-04-15      10.3                2.58      8.49
2011-04-16       0.0                2.91      7.36
2011-04-17      1.14                2.76      8.09
2011-04-18       0.8                3.12      9.94
2011-04-19       0.0                3.47     11.88
2011-04-20     10.25                2.78      6.92
2011-04-21      29.3                 2.0      4.99
2011-04-22      5.95                2.78       8.0
2011-04-23      1.25                2.97      10.5
2011-04-24     20.94                2.93       8.4
2011-04-25      0.16                1.61     11.14
2011-04-26       0.0                4.07     13.62
2011-04-27      1.64                4.54     11.49
2011-04-28      2.92                2.51      7.62
2011-04-29      0.01                2.08      9.83
2011-04-30      0.29                 3.1     15.45
2011-05-01      0.71                 1.8     10.82
2011-05-02       0.0                4.84     10.76
2011-05-03       0.0                4.66      10.9
2011-05-04       0.0                 4.4     10.81
2011-05-05      0.34                1.97     11.62
2011-05-06       2.2                1.49     10.61
2011-05-07       0.5                4.04      9.27
2011-05-08       0.0                4.12       9.7
2011-05-09       0.0                4.99     10.79
2011-05-10      0.86                 4.9     12.83
2011-05-11       0.0                3.54     14.17
2011-05-12      7.92                2.94     10.46
2011-05-13      2.47                2.75      8.32
2011-05-14      0.28                 1.8     10.78
2011-05-15      0.16                4.65     14.08
2011-05-16       0.0                3.73     13.29
2011-05-17      0.34                4.11     15.13
2011-05-18      1.45                2.47     15.47
2011-05-19      1.55                2.34     15.91
2011-05-20      0.34                3.63     15.64
2011-05-21      0.06                3.55     17.63
2011-05-22       0.0                5.06     22.17
2011-05-23       0.0                5.85     22.92
2011-05-24      0.01                5.41     20.38
2011-05-25      0.68                4.02     17.36
2011-05-26      0.34                2.91     15.75
2011-05-27      9.19                3.92     15.21
2011-05-28       0.0                5.56     19.28
2011-05-29       0.0                6.38     21.52
2011-05-30       0.0                6.11     21.54
2011-05-31      0.63                4.84     18.37
2011-06-01      0.04                3.02     18.47
2011-06-02      9.21                3.63      13.5
2011-06-03      1.04                1.72     16.16
2011-06-04      0.03                5.35     17.51
2011-06-05      0.18                3.47     19.16
2011-06-06       0.0                4.36     21.51
2011-06-07      0.98                4.96     18.44
2011-06-08     13.08                1.94     15.83
2011-06-09      0.59                5.72     18.06
2011-06-10       0.0                4.87     19.92
2011-06-11      0.79                5.29      14.6
2011-06-12      0.11                2.65     13.74
2011-06-13      0.09                3.07      16.5
2011-06-14       2.1                4.15     16.27
2011-06-15       0.0                5.44     15.49
2011-06-16      0.45                2.99     17.97
2011-06-17      0.69                3.04     19.21
2011-06-18      0.16                3.93      21.2
2011-06-19      0.09                3.27     20.89
2011-06-20      3.54                4.49      22.5
2011-06-21      0.42                3.51     21.55
2011-06-22       0.0                5.75     22.19
2011-06-23      9.87                2.19     21.25
2011-06-24      2.09                3.87      24.1
2011-06-25      1.28                4.07     23.12
2011-06-26      0.59                4.01     23.96
2011-06-27      0.98                4.58     24.32
2011-06-28      3.36                1.78     24.22
2011-06-29      1.24                3.63     24.57
2011-06-30      2.42                3.38     24.68
2011-07-01      35.7                 3.8     22.58
2011-07-02     17.88                1.45     22.85
2011-07-03      6.93                4.88     23.96
2011-07-04      4.67                3.93     25.12
2011-07-05      5.84                3.76     23.31
2011-07-06      0.72                2.95     23.95
2011-07-07      0.34                4.73      24.2
2011-07-08     14.61                 4.9     23.72
2011-07-09      3.13                 2.5     24.37
2011-07-10      0.09                5.76     26.86
2011-07-11      1.39                4.65     23.48
2011-07-12      0.26                4.41     24.95
2011-07-13     20.04                4.09     23.34
2011-07-14     38.44                 2.7     25.65
2011-07-15     22.51                4.56     24.91
2011-07-16      8.92                4.35     23.15
2011-07-17      7.54                2.06     24.63
2011-07-18     40.51                4.22     23.88
2011-07-19     14.25                2.62     20.21
2011-07-20      3.91                2.53     22.07
2011-07-21      0.77                4.59     21.51
2011-07-22      1.12                4.02     20.48
2011-07-23      0.27                4.05     24.24
2011-07-24       0.0                5.48     25.54
2011-07-25      0.93                5.26     21.16
2011-07-26      0.05                3.07     19.57
2011-07-27     20.38                1.94     19.65
2011-07-28       7.6                0.99      20.8
2011-07-29      0.27                2.16     20.98
2011-07-30     80.62                2.24     23.14
2011-07-31    121.12                0.99     22.98
2011-08-01      1.72                2.49     24.03
2011-08-02      0.54                4.23      23.7
2011-08-03       1.4                3.62      25.2
