2011-01-01      0.09                0.68     -1.14
2011-01-02      0.37                0.32     -0.35
2011-01-03      0.17                0.28     -3.34
2011-01-04       0.0                0.55     -3.38
2011-01-05      0.06                0.67     -5.61
2011-01-06      0.15                0.47     -8.35
2011-01-07       0.0                 0.6     -6.46
2011-01-08      0.01                0.33     -5.82
2011-01-09      0.02                0.43     -3.41
2011-01-10       1.1                0.92     -7.53
2011-01-11       0.0                0.82     -8.28
2011-01-12      3.49                0.23     -0.56
2011-01-13      0.22                0.78      -2.7
2011-01-14      0.02                0.77    -13.33
2011-01-15      3.23                0.58      0.03
2011-01-16      2.75                 0.5    -13.86
2011-01-17      0.02                0.75    -22.56
2011-01-18      0.74                0.68     -1.68
2011-01-19      0.07                 1.2    -11.92
2011-01-20      0.08                0.85     -6.21
2011-01-21      0.38                1.32    -15.49
2011-01-22       0.0                0.95    -17.49
2011-01-23      0.18                0.53     -5.72
2011-01-24       0.1                0.48     -1.71
2011-01-25      0.02                0.68    -14.47
2011-01-26       0.0                0.62    -13.01
2011-01-27      0.01                0.85    -17.65
2011-01-28       0.0                0.95    -17.31
2011-01-29      0.08                1.03    -15.03
2011-01-30       0.0                0.88    -16.47
2011-01-31      0.02                0.57    -10.53
2011-02-01       0.1                1.19     -18.7
2011-02-02      0.38                0.89    -17.67
2011-02-03       0.0                1.24     -12.9
2011-02-04       0.2                1.52    -10.79
2011-02-05      0.01                1.55    -16.91
2011-02-06      0.04                1.09    -17.18
2011-02-07       0.1                1.22    -16.52
2011-02-08      2.47                1.52     -5.25
2011-02-09      0.73                0.69    -10.01
2011-02-10      0.24                0.58    -14.68
2011-02-11      0.02                1.19    -16.31
2011-02-12       0.0                1.17    -19.31
2011-02-13      0.07                0.89     -8.35
2011-02-14      0.18                0.96    -13.93
2011-02-15       0.0                1.27    -13.66
2011-02-16       0.0                 1.4    -13.75
2011-02-17       0.0                1.57     -9.77
2011-02-18      0.07                 1.9      -9.1
2011-02-19      0.01                1.65     -6.27
2011-02-20      0.02                1.73     -2.85
2011-02-21       0.0                2.28    -14.67
2011-02-22      0.01                 1.4     -4.58
2011-02-23      1.54                1.12     -0.64
2011-02-24      1.46                1.12     -3.08
2011-02-25      1.17                1.09     -7.24
2011-02-26       0.0                1.52      1.33
2011-02-27       0.0                0.91      4.16
2011-02-28       0.0                0.38      0.55
2011-03-01       0.0                1.73      2.68
2011-03-02      2.77                0.97      5.93
2011-03-03      2.63               -1.18       4.5
2011-03-04      0.16                1.71     -5.66
2011-03-05       0.0                1.57    -10.09
2011-03-06       0.0                 1.2     -4.82
2011-03-07      6.61                0.83      3.35
2011-03-08       0.2                2.06     -5.96
2011-03-09      0.73                1.64     -4.86
2011-03-10      0.01                2.15     -6.04
2011-03-11      1.36                0.39      0.78
2011-03-12      0.24                 2.1      -3.3
2011-03-13      0.08                1.41     -4.39
2011-03-14      0.75                1.36      1.32
2011-03-15     17.97               -0.02     -1.23
2011-03-16       0.0                2.24      0.15
2011-03-17      1.82                1.78      8.38
2011-03-18     15.24               -0.23      3.21
2011-03-19      1.72                1.64       0.3
2011-03-20      0.39                1.53      -0.9
2011-03-21       0.0                1.99      1.24
2011-03-22      0.06                1.55      3.02
2011-03-23       0.0                 1.5      4.22
2011-03-24      0.17                1.66      3.18
2011-03-25       0.0                1.87      4.65
2011-03-26       0.0                 1.5      7.29
2011-03-27      0.02                1.02      7.15
2011-03-28      0.67                2.57      7.32
2011-03-29      0.07                2.03      3.67
2011-03-30       0.0                 2.5      4.44
2011-03-31       0.0                1.64      8.65
2011-04-01       0.0                1.97      6.79
2011-04-02       0.0                1.73       6.6
2011-04-03      0.14                1.59      5.15
2011-04-04      0.01                1.81      4.84
2011-04-05      0.21                1.78      8.53
2011-04-06       0.0                2.19      8.72
2011-04-07     23.88                1.95      7.83
2011-04-08     12.54                 0.2      7.96
2011-04-09      0.22                2.14     14.43
2011-04-10       0.0                 3.2     16.22
2011-04-11     26.94                2.58      8.38
2011-04-12      0.56                1.54       5.8
2011-04-13       0.0                3.02      8.35
2011-04-14      0.11                2.95      9.38
2011-04-15       0.0                 3.1     11.16
2011-04-16       0.0                3.44     14.46
2011-04-17      0.05                3.27      7.76
2011-04-18      0.01                2.86      6.54
2011-04-19       0.0                3.17      5.23
2011-04-20       0.0                3.36      9.33
2011-04-21       0.0                3.64     10.17
2011-04-22       0.0                3.81     13.91
2011-04-23      0.07                4.13     16.88
2011-04-24       0.0                4.69     19.21
2011-04-25       0.0                4.68     17.92
2011-04-26       0.0                3.46     16.02
2011-04-27     28.07                2.49      8.86
2011-04-28       0.0                3.81     11.71
2011-04-29       0.0                4.49     15.95
2011-04-30      0.92                4.93     12.41
2011-05-01       7.6                2.28      7.62
2011-05-02      1.69                2.66      9.46
2011-05-03      0.14                4.52     13.16
2011-05-04      0.16                4.78     15.06
2011-05-05       1.9                2.82     10.52
2011-05-06      0.04                4.24     10.77
2011-05-07       0.0                4.31     12.11
2011-05-08       0.0                4.04     14.23
2011-05-09       0.0                4.28     17.41
2011-05-10     13.34                3.11     13.06
2011-05-11       1.2                2.18     12.17
2011-05-12       0.0                4.85     15.57
2011-05-13       0.0                5.16     16.17
2011-05-14       0.0                4.91     15.94
2011-05-15       0.0                4.46     16.72
2011-05-16       0.0                 5.4     18.73
2011-05-17      0.77                4.77     14.14
2011-05-18      2.93                1.61      15.2
2011-05-19       2.7                 3.7     14.35
2011-05-20       0.0                4.33     12.29
2011-05-21      0.24                4.05     13.49
2011-05-22       0.0                4.84     13.75
2011-05-23       0.1                 4.5     16.38
2011-05-24       0.0                5.32     18.18
2011-05-25       0.0                4.78     17.89
2011-05-26       0.0                5.06     19.29
2011-05-27       0.0                5.42     18.76
2011-05-28      0.18                3.85     14.73
2011-05-29      0.52                3.29      15.4
2011-05-30       0.0                 4.8     20.12
2011-05-31      0.07                4.93     17.96
2011-06-01       0.0                3.91     21.69
2011-06-02       0.0                5.69      21.9
2011-06-03       0.0                5.14     20.44
2011-06-04      0.13                4.18     17.45
2011-06-05      0.05                2.59      17.6
2011-06-06      0.09                2.34     18.48
2011-06-07      0.21                3.67     19.65
2011-06-08       0.0                2.68     22.13
2011-06-09      0.06                3.72      18.7
2011-06-10      1.91                3.84     18.12
2011-06-11      7.66                3.97     15.17
2011-06-12      1.88                2.41     16.47
2011-06-13       0.0                3.67     18.03
2011-06-14      0.12                4.46      18.9
2011-06-15       0.0                4.59     18.49
2011-06-16      0.09                4.16     19.84
2011-06-17      0.03                4.27     17.79
2011-06-18     19.14                2.43     19.46
2011-06-19      6.36                3.84     15.12
2011-06-20      6.29                 3.5     14.06
2011-06-21      2.58                2.21     15.25
2011-06-22      0.18                2.37     16.98
2011-06-23       0.3                 3.6     17.86
2011-06-24      0.04                 4.4     18.19
2011-06-25       0.0                4.98     20.49
2011-06-26      0.01                5.73     18.76
2011-06-27      0.22                3.64     17.57
2011-06-28      0.07                3.78     18.02
2011-06-29      0.01                3.81     17.12
2011-06-30      0.01                3.32     16.27
2011-07-01      0.05                 4.5     18.34
2011-07-02      0.04                3.96     19.85
2011-07-03       0.0                4.24     25.24
2011-07-04       0.0                4.57     23.46
2011-07-05       0.0                5.17     25.46
2011-07-06       0.0                4.78     27.71
2011-07-07      0.14                4.73     26.25
2011-07-08      1.96                 3.3     25.02
2011-07-09      4.36                3.14     19.77
2011-07-10      9.05                1.56     24.03
2011-07-11      2.25                3.05     25.79
2011-07-12     15.97                2.72      23.1
2011-07-13       3.2                3.17     24.29
2011-07-14      1.97                 4.5     25.93
2011-07-15      7.07                5.17      27.4
2011-07-16      4.21                4.31     27.28
2011-07-17       0.4                5.26     28.13
2011-07-18     11.44                4.87      26.4
2011-07-19      4.11                 5.0     27.55
2011-07-20      1.57                5.14      25.6
2011-07-21      1.25                4.63     27.16
2011-07-22      1.66                6.06     26.69
2011-07-23      12.1                4.31     24.19
2011-07-24      2.18                4.84     21.65
2011-07-25      9.53                2.51     21.96
2011-07-26     25.15                0.96     24.43
2011-07-27     16.76                1.71     24.93
2011-07-28     28.78                2.69     23.05
2011-07-29     12.62                1.72     25.39
2011-07-30      2.79                 3.0      25.9
2011-07-31      2.51                 4.3     25.36
2011-08-01      38.4                4.92     24.32
2011-08-02      3.87                3.14     22.55
2011-08-03      1.18                 4.2     23.69
