2011-01-01       0.3                0.77     -3.34
2011-01-02       0.6                0.48     -1.98
2011-01-03      0.55                0.42     -6.48
2011-01-04       0.0                0.65     -5.05
2011-01-05       0.0                0.77     -6.41
2011-01-06      0.14                0.63    -12.56
2011-01-07       0.0                0.88    -12.59
2011-01-08      0.02                 0.7     -3.66
2011-01-09      0.06                0.45     -0.68
2011-01-10      3.53                0.85     -5.44
2011-01-11       0.0                0.88     -13.1
2011-01-12      0.38                 0.6    -10.87
2011-01-13      0.36                 0.8     -8.68
2011-01-14      0.01                 1.4    -19.97
2011-01-15       0.0                1.05    -16.06
2011-01-16      0.04                1.18    -11.34
2011-01-17       0.0                0.83    -17.51
2011-01-18       0.0                0.48    -13.77
2011-01-19      0.01                0.53    -16.83
2011-01-20      0.01                0.53    -14.46
2011-01-21       0.0                0.62     -7.56
2011-01-22      0.93                 0.6       3.0
2011-01-23      6.74                 0.3      3.44
2011-01-24      0.06                1.08    -12.11
2011-01-25       0.0                1.05     -9.13
2011-01-26      0.33                 1.0     -9.19
2011-01-27       0.1                0.87    -18.89
2011-01-28      0.03                0.65    -14.84
2011-01-29      0.02                0.63    -17.66
2011-01-30       0.0                0.43     -9.22
2011-01-31      0.21                0.53     -7.99
2011-02-01       0.0                1.19    -20.77
2011-02-02      0.01                0.79    -16.48
2011-02-03       0.0                0.76    -12.94
2011-02-04      0.03                0.76     -6.42
2011-02-05      0.03                1.09    -14.01
2011-02-06       0.2                0.63     -3.08
2011-02-07      0.03                0.66     -7.76
2011-02-08      0.84                0.81      1.75
2011-02-09      7.19                 0.2      2.85
2011-02-10       0.0                1.52    -11.76
2011-02-11      0.03                1.19     -1.37
2011-02-12      0.67                0.61      5.65
2011-02-13      0.04                0.99     -1.79
2011-02-14      0.05                0.89     -4.73
2011-02-15       0.0                1.35     -7.66
2011-02-16       0.0                1.68     -8.99
2011-02-17      0.01                1.52     -6.13
2011-02-18       0.0                0.94     -5.44
2011-02-19      0.08                0.94       2.5
2011-02-20       0.0                1.55     -5.41
2011-02-21       0.0                1.98     -2.17
2011-02-22       0.0                1.57     -2.24
2011-02-23      0.01                1.19     -1.45
2011-02-24      0.07                1.04      3.64
2011-02-25      0.03                0.56      4.85
2011-02-26      0.61                0.89      3.84
2011-02-27       1.5                1.47    -11.01
2011-02-28      0.09                1.24     -8.11
2011-03-01       0.0                1.13     -3.25
2011-03-02      3.56                0.83     -1.79
2011-03-03      0.02                1.71     -3.15
2011-03-04       0.0                1.32     -9.39
2011-03-05       0.0                1.62     -7.54
2011-03-06      0.37                1.39      1.05
2011-03-07      0.54                0.97      0.52
2011-03-08       7.8                0.76     -5.43
2011-03-09      0.99                1.85     -8.75
2011-03-10      0.36                1.04     -8.72
2011-03-11       0.0                0.95      -6.6
2011-03-12      0.02                1.11      6.96
2011-03-13      7.13               -2.17      5.91
2011-03-14      4.73                0.92     -0.34
2011-03-15       0.0                 2.2      0.99
2011-03-16       0.0                1.36      0.56
2011-03-17      0.82                0.53      0.17
2011-03-18      0.02                1.53      3.14
2011-03-19      2.24                1.66       0.7
2011-03-20      1.75                1.53     -3.61
2011-03-21       0.0                2.22     -1.75
2011-03-22      0.15                1.94      -1.1
2011-03-23       0.1                1.92     -1.94
2011-03-24       0.0                1.59     -1.07
2011-03-25       0.0                1.55      4.01
2011-03-26       0.0                1.92      5.43
2011-03-27       0.0                1.46      6.45
2011-03-28      0.11                0.79      5.24
2011-03-29      0.74                1.94       6.4
2011-03-30       0.0                2.08     10.65
2011-03-31       0.0                2.33     12.49
2011-04-01       0.0                1.66      13.6
2011-04-02      0.07                 1.9     15.36
2011-04-03     12.64                2.64      7.86
2011-04-04      0.03                1.46      7.54
2011-04-05       0.0                2.75     11.45
2011-04-06      0.05                2.02      3.83
2011-04-07     46.29                3.02       1.4
2011-04-08       0.0                1.98      2.78
2011-04-09       0.0                2.14      6.39
2011-04-10      0.05                1.44      7.56
2011-04-11       0.0                1.56       6.6
2011-04-12      1.53                2.53      2.86
2011-04-13      0.36                2.47      5.18
2011-04-14      0.42                2.25      6.45
2011-04-15      0.39                2.49      7.82
2011-04-16       0.0                2.76      8.24
2011-04-17       0.0                 2.8      9.09
2011-04-18      0.08                2.02     11.27
2011-04-19      0.33                 3.3     10.67
2011-04-20      0.08                2.85     11.85
2011-04-21      0.05                2.49     12.52
2011-04-22       0.0                3.95     13.26
2011-04-23      1.52                3.68      7.52
2011-04-24      0.63                2.71     11.26
2011-04-25      0.05                3.24     14.72
2011-04-26      0.23                 2.3     16.73
2011-04-27      7.42                0.97     13.31
2011-04-28      0.87                1.88     13.61
2011-04-29      0.69                1.51     11.38
2011-04-30       0.0                4.86     17.75
2011-05-01      3.13                3.74      8.33
2011-05-02       0.0                 3.8     11.97
2011-05-03       0.0                4.24     12.42
2011-05-04      0.43                3.95      13.0
2011-05-05       0.0                4.39     13.97
2011-05-06       0.0                4.11     15.77
2011-05-07       0.0                4.72     15.02
2011-05-08      0.02                4.49     11.77
2011-05-09       0.0                4.05     15.32
2011-05-10       0.0                4.78     17.29
2011-05-11      0.34                4.72     12.34
2011-05-12       0.0                3.19     14.39
2011-05-13       0.0                3.98     21.09
2011-05-14       0.0                4.47     13.53
2011-05-15     29.48                2.37     11.16
2011-05-16      5.45                2.75     13.54
2011-05-17       0.0                5.02     11.76
2011-05-18       0.0                 4.3     15.55
2011-05-19       0.0                4.93     19.31
2011-05-20     14.31                2.65     15.93
2011-05-21      2.61                3.87      16.2
2011-05-22       0.0                6.43     17.73
2011-05-23       0.6                4.69     17.14
2011-05-24       0.0                5.75     17.14
2011-05-25       0.0                6.19      20.9
2011-05-26      1.88                3.67     19.36
2011-05-27       0.0                6.17     24.26
2011-05-28     17.26                5.56     18.92
2011-05-29      0.57                3.36     16.01
2011-05-30       0.0                 5.5     17.09
2011-05-31       0.0                5.42     18.38
2011-06-01     10.47                4.09      11.9
2011-06-02      1.34                 1.2     14.84
2011-06-03      0.77                3.56      15.0
2011-06-04       0.0                4.78     18.27
2011-06-05     21.69                5.27     13.48
2011-06-06     24.24                2.79     15.69
2011-06-07      5.75                5.26     16.18
2011-06-08      3.52                 3.5     14.51
2011-06-09      0.16                2.53     15.18
2011-06-10      16.9                2.95     12.81
2011-06-11      5.02                1.54     11.46
2011-06-12      0.35                2.28     18.24
2011-06-13      1.29                4.25     17.84
2011-06-14      6.05                 3.6     17.59
2011-06-15      1.48                 4.3     17.15
2011-06-16       1.0                4.87     19.56
2011-06-17      0.68                5.64     21.87
2011-06-18       0.0                5.88     21.31
2011-06-19      1.11                 5.7     21.57
2011-06-20      5.22                2.96     21.82
2011-06-21      0.98                4.43     21.31
2011-06-22       0.0                5.47     25.69
2011-06-23     12.72                4.09     23.71
2011-06-24      46.8                3.11     21.06
2011-06-25      5.19                1.02     21.75
2011-06-26      0.27                3.64     21.84
2011-06-27     10.19                1.41     21.17
2011-06-28     15.67                0.41     19.96
2011-06-29     21.43                0.87     20.47
2011-06-30     29.72                 0.9     20.58
2011-07-01     31.93                 2.6     21.27
2011-07-02      0.77                4.56     25.47
2011-07-03      2.44                4.41      19.8
2011-07-04     76.49                1.33      20.8
2011-07-05     19.31                3.51     20.63
2011-07-06     14.64                3.68     18.35
2011-07-07      2.56                2.56     22.77
2011-07-08      4.52                2.86     21.85
2011-07-09      2.32                2.31     24.83
2011-07-10      0.77                4.49      23.8
2011-07-11     15.49                3.07     23.82
2011-07-12      6.47                2.35     24.36
2011-07-13      5.36                2.54     24.16
2011-07-14      0.14                4.18     24.76
2011-07-15      0.68                5.26     24.45
2011-07-16      0.62                4.84     25.47
2011-07-17     26.17                3.33     21.73
2011-07-18      3.88                1.78     22.79
2011-07-19     11.86                2.21     24.04
2011-07-20     22.11                1.64     23.02
2011-07-21     31.93                0.92     23.63
2011-07-22     23.14                1.97     24.55
2011-07-23      1.26                3.62     25.16
2011-07-24      0.15                5.29     24.28
2011-07-25      0.84                4.15      24.0
2011-07-26      6.86                2.79     25.17
2011-07-27      7.39                4.95     24.78
2011-07-28      2.67                4.11     24.81
2011-07-29      4.35                4.43      24.8
2011-07-30      0.29                 4.4      25.3
2011-07-31      0.15                5.57     25.72
2011-08-01       0.0                4.73     27.23
2011-08-02       2.7                4.35     23.55
2011-08-03      0.22                4.55     23.26
