2011-01-01      0.18                0.62     -1.63
2011-01-02      0.79                0.33      0.87
2011-01-03      0.11                0.28     -1.62
2011-01-04      0.01                 0.4     -4.91
2011-01-05      0.02                0.67     -8.79
2011-01-06      0.01                0.52    -10.65
2011-01-07      0.01                0.35      -9.3
2011-01-08       0.1                0.57    -10.73
2011-01-09       0.0                0.42    -10.14
2011-01-10      0.02                 0.3     -3.73
2011-01-11      0.94                0.43      2.28
2011-01-12      0.06                0.78    -10.21
2011-01-13       0.0                 0.7    -16.48
2011-01-14      0.01                0.55    -15.97
2011-01-15       0.0                0.35     -8.73
2011-01-16       0.7                0.37     -7.39
2011-01-17       0.0                0.62    -12.04
2011-01-18       0.0                0.32     -7.63
2011-01-19      0.02                0.15     -4.47
2011-01-20      0.02                0.27      1.13
2011-01-21      1.77                0.47     -1.56
2011-01-22      0.86                0.35    -14.27
2011-01-23       0.0                0.73    -14.84
2011-01-24      0.33                0.45     -3.06
2011-01-25      1.32                0.13      2.71
2011-01-26      0.04                1.45    -17.77
2011-01-27       0.0                0.67    -17.48
2011-01-28       0.0                0.55    -16.63
2011-01-29       0.0                0.72    -15.26
2011-01-30      0.04                0.67    -16.09
2011-01-31      0.56                 0.4     -6.51
2011-02-01      0.13                1.27     -6.93
2011-02-02      0.01                1.37     -8.13
2011-02-03      0.01                1.24     -3.48
2011-02-04       0.0                0.96      -4.0
2011-02-05      4.73                1.04      2.91
2011-02-06      0.04                0.76     -3.61
2011-02-07      0.02                0.69     -2.63
2011-02-08       0.0                1.37     -4.02
2011-02-09       0.3                0.58      0.77
2011-02-10      0.01                 1.4     -2.77
2011-02-11      0.03                 1.4      0.28
2011-02-12       0.0                0.81     -2.06
2011-02-13       0.0                1.35      2.54
2011-02-14       0.0                0.33       1.3
2011-02-15      6.11                1.02      5.22
2011-02-16       7.7                -1.5       7.8
2011-02-17      3.74                0.05      1.39
2011-02-18      0.26                1.73      2.02
2011-02-19      0.36                0.58      1.95
2011-02-20      0.15                0.86     -2.53
2011-02-21       0.0                0.96     -1.42
2011-02-22      0.01                0.69      2.72
2011-02-23      0.13                0.56      4.21
2011-02-24      0.53                0.48      1.67
2011-02-25      0.06                0.69      1.91
2011-02-26      1.83                0.96     -2.03
2011-02-27      2.16                1.14     -9.28
2011-02-28       0.0                1.24     -8.61
2011-03-01      0.01                0.81     -2.78
2011-03-02       0.0                1.27     -4.28
2011-03-03       0.0                 0.9     -2.14
2011-03-04       0.0                1.06      1.75
2011-03-05      1.38                1.32     -6.98
2011-03-06       0.0                1.43     -3.98
2011-03-07       0.0                1.04      -1.0
2011-03-08      0.75                0.88      4.07
2011-03-09       0.0                0.53      3.56
2011-03-10      2.31                1.13      4.95
2011-03-11      8.68               -0.97      6.39
2011-03-12      0.03                1.89      -2.1
2011-03-13       0.0                 1.5      -0.9
2011-03-14       0.0                1.11      3.31
2011-03-15       0.0                0.95       1.6
2011-03-16       0.0                0.51     -0.04
2011-03-17       0.0                0.88      0.32
2011-03-18       0.0                 0.6      3.87
2011-03-19      0.01                0.46      8.57
2011-03-20      0.09                 0.9      4.47
2011-03-21     12.37                0.95      0.96
2011-03-22       0.0                1.53      2.03
2011-03-23       0.0                1.76      4.39
2011-03-24      0.97                1.27      3.26
2011-03-25      0.05                2.89      0.45
2011-03-26      0.04                2.13       3.9
2011-03-27       0.0                2.29      6.07
2011-03-28       0.0                1.87      8.87
2011-03-29      0.01                 2.2      9.62
2011-03-30       0.0                3.81      6.75
2011-03-31      0.22                1.11      5.19
2011-04-01     13.69                0.63      2.54
2011-04-02      5.14                1.58      2.91
2011-04-03      0.46                 2.2      3.67
2011-04-04       0.0                1.98      7.24
2011-04-05       0.0                2.49     10.68
2011-04-06      4.99                1.64     12.12
2011-04-07      4.88                2.08      5.31
2011-04-08     44.38                2.56      1.95
2011-04-09       0.0                1.41      4.49
2011-04-10       0.0                1.81      8.51
2011-04-11       0.0                 2.2      8.49
2011-04-12       0.0                2.37     12.49
2011-04-13      1.49                2.44      5.81
2011-04-14     13.95                1.12       4.8
2011-04-15     41.66                2.08       2.1
2011-04-16      0.34                1.25      4.46
2011-04-17       0.0                1.98      4.84
2011-04-18       0.0                2.05      8.89
2011-04-19      5.87                1.25      9.14
2011-04-20       3.6                0.71      6.96
2011-04-21       0.0                1.83     13.27
2011-04-22      0.39                2.36      7.68
2011-04-23      0.12                4.08      8.32
2011-04-24       0.0                3.71     10.02
2011-04-25       0.0                2.76     11.29
2011-04-26       0.0                3.91     11.13
2011-04-27       0.0                4.59     14.25
2011-04-28       0.0                5.02     16.12
2011-04-29       0.0                4.58     16.64
2011-04-30      5.12                4.69      7.44
2011-05-01     34.24                0.94      5.87
2011-05-02       1.6                1.83      8.75
2011-05-03       0.0                 3.8     13.48
2011-05-04       0.0                3.36     12.21
2011-05-05      0.04                4.25     12.63
2011-05-06      0.04                2.72      10.4
2011-05-07      2.29                 3.6      9.16
2011-05-08       0.0                3.63     15.02
2011-05-09       0.0                4.65     16.24
2011-05-10      0.07                4.81     11.52
2011-05-11       0.0                5.06     11.79
2011-05-12       0.0                5.18     13.43
2011-05-13       0.0                3.13     11.48
2011-05-14       0.0                4.64     16.38
2011-05-15       0.0                4.99     15.69
2011-05-16       0.0                 4.9     18.68
2011-05-17      0.07                4.87     16.07
2011-05-18       0.7                 1.2     11.14
2011-05-19      0.14                0.99      14.5
2011-05-20       1.9                1.54     15.91
2011-05-21      6.15                1.92     18.67
2011-05-22     18.96                 2.3     17.41
2011-05-23      1.61                3.33      19.4
2011-05-24     38.62                1.23     16.92
2011-05-25       0.0                5.44     19.27
2011-05-26     54.94                3.35     12.89
2011-05-27     25.26                2.13     12.42
2011-05-28      0.02                3.93     16.19
2011-05-29      7.54                5.53     15.81
2011-05-30      4.55                 2.3     15.89
2011-05-31       0.0                5.16     16.86
2011-06-01      0.03                5.42     14.85
2011-06-02      0.95                 2.8     16.97
2011-06-03      0.21                2.43     18.27
2011-06-04      0.01                4.25     17.07
2011-06-05      0.04                5.81     18.51
2011-06-06       3.0                5.53     14.16
2011-06-07      7.99                1.47     19.57
2011-06-08      0.95                3.81     17.69
2011-06-09      0.95                3.26     15.73
2011-06-10       0.0                5.54     18.13
2011-06-11       0.0                6.28      18.1
2011-06-12       0.0                4.74     17.93
2011-06-13      0.07                4.56     18.13
2011-06-14     12.95                 4.1      17.3
2011-06-15      2.97                3.02     20.16
2011-06-16      0.28                4.12     19.98
2011-06-17       1.0                3.11      19.7
2011-06-18      9.62                2.15     18.37
2011-06-19      3.59                4.19      16.7
2011-06-20       0.0                5.07     22.28
2011-06-21       0.0                5.78     23.24
2011-06-22     18.48                3.38     16.93
2011-06-23     16.81                2.96     18.23
2011-06-24      0.17                2.99     21.46
2011-06-25      4.88                4.65      20.6
2011-06-26      1.05                1.36      21.6
2011-06-27      0.09                 4.5     23.76
2011-06-28     11.57                2.77     18.06
2011-06-29     14.58                1.42     21.68
2011-06-30     38.34               -0.27     21.44
2011-07-01    101.96                1.27      18.4
2011-07-02      0.45                 3.7     20.38
2011-07-03      1.13                2.48     19.86
2011-07-04      4.76                4.14      22.8
2011-07-05      0.72                4.84     23.16
2011-07-06      0.42                5.16     24.06
2011-07-07       0.0                 6.4     25.82
2011-07-08      1.68                3.35     24.27
2011-07-09      0.29                4.53     26.01
2011-07-10     12.82                3.49     22.99
2011-07-11     34.41                1.45     23.47
2011-07-12      18.5                1.08     21.97
2011-07-13      3.19                3.76     22.33
2011-07-14      1.44                3.57     22.93
2011-07-15      6.41                3.16     18.82
2011-07-16       5.6                2.12     20.89
2011-07-17     10.38                2.21     20.67
2011-07-18      0.66                1.96     20.73
2011-07-19      1.19                1.67     21.84
2011-07-20       0.4                3.16     25.15
2011-07-21      0.82                4.06     26.49
2011-07-22      9.77                5.06     24.63
2011-07-23     19.29                2.95     23.05
2011-07-24      2.89                1.55     22.29
2011-07-25     58.68                2.73      20.5
2011-07-26      27.4                1.39     20.54
2011-07-27      6.93                1.07     22.78
2011-07-28      0.72                4.75     25.37
2011-07-29      1.37                4.92      25.0
2011-07-30      1.83                4.54     26.17
2011-07-31      1.13                5.01     26.55
2011-08-01      0.77                3.16     25.01
2011-08-02      0.26                3.45     26.37
2011-08-03      9.17                4.57     23.31
