2011-01-01      0.22                0.65     -2.08
2011-01-02      0.27                0.32     -1.98
2011-01-03      0.93                0.27     -3.34
2011-01-04      0.02                0.52     -6.72
2011-01-05       0.0                0.63     -6.38
2011-01-06      0.02                 0.5     -9.19
2011-01-07       0.0                0.58     -3.62
2011-01-08      0.04                0.65     -9.53
2011-01-09      0.04                0.52     -7.14
2011-01-10      0.44                0.23      0.91
2011-01-11      0.91                0.77    -12.99
2011-01-12      0.01                0.97    -18.68
2011-01-13       0.0                0.73    -17.09
2011-01-14       0.0                 0.9    -14.04
2011-01-15      0.05                0.72     -7.49
2011-01-16      0.01                 0.5     -7.84
2011-01-17      0.18                 0.5     -7.84
2011-01-18       0.0                0.55     -9.43
2011-01-19       0.0                0.57    -10.98
2011-01-20      0.02                0.62     -7.55
2011-01-21       0.0                 0.6      -7.2
2011-01-22      0.04                0.05      5.04
2011-01-23      1.24                0.38      4.05
2011-01-24       0.0                 0.9     -5.16
2011-01-25       0.0                0.73     -6.69
2011-01-26      0.03                0.83     -6.03
2011-01-27       0.0                0.83     -4.16
2011-01-28       0.0                0.67      -8.6
2011-01-29       0.0                0.47     -9.63
2011-01-30       0.0                0.37     -8.75
2011-01-31      0.03                0.33     -7.01
2011-02-01      0.84                0.61     -4.28
2011-02-02      0.47                0.56     -7.11
2011-02-03       0.0                0.66     -7.52
2011-02-04      0.04                0.63     -4.83
2011-02-05      0.17                0.61      -8.2
2011-02-06       0.0                0.58     -3.43
2011-02-07      0.05                0.15      3.25
2011-02-08      0.14                0.43      3.29
2011-02-09      2.55                 0.1      2.12
2011-02-10       0.0                1.37     -4.18
2011-02-11       0.0                0.63     -1.34
2011-02-12       0.0                0.71      -0.0
2011-02-13      0.82                0.33      2.39
2011-02-14      0.57                0.28      1.74
2011-02-15      0.22                0.66      2.95
2011-02-16      0.18                0.71      3.73
2011-02-17       1.0                0.36      2.73
2011-02-18      0.04                 0.3      4.55
2011-02-19      4.12                0.71      2.06
2011-02-20      0.46                1.02     -3.33
2011-02-21       0.0                0.79      1.59
2011-02-22      0.46                0.79      4.48
2011-02-23      1.81                0.91      5.44
2011-02-24      0.53                2.06      -2.3
2011-02-25       0.0                1.35      0.85
2011-02-26       0.0                 1.4      5.43
2011-02-27     14.25                0.05      0.79
2011-02-28      0.17                2.08     -5.55
2011-03-01       0.0                1.16     -7.04
2011-03-02       0.0                 0.9     -2.53
2011-03-03      0.01                1.06     -0.22
2011-03-04      0.01                0.95     -2.39
2011-03-05       0.0                1.04      0.72
2011-03-06      0.37                1.41     -0.33
2011-03-07      0.16                1.36     -0.32
2011-03-08       0.0                1.46     -4.79
2011-03-09      0.01                1.36     -3.13
2011-03-10      0.16                1.13     -1.73
2011-03-11       0.0                1.06      -0.5
2011-03-12       0.0                1.02       2.2
2011-03-13      0.47                0.55      2.26
2011-03-14      0.96                1.55      0.38
2011-03-15       0.0                1.29      3.84
2011-03-16      0.02                1.02       5.8
2011-03-17       0.0                1.09      8.73
2011-03-18      0.02                1.22      6.06
2011-03-19       0.0                1.04      5.95
2011-03-20       0.0                1.11      4.56
2011-03-21       0.0                 1.8      9.51
2011-03-22       0.0                1.43      5.98
2011-03-23      0.15                1.85      5.14
2011-03-24      2.37                1.48      3.56
2011-03-25      1.34                1.64      3.59
2011-03-26      2.47                1.62      3.62
2011-03-27      2.78                2.63      3.41
2011-03-28       3.8                2.87      3.01
2011-03-29      0.01                2.61      5.72
2011-03-30      0.38                0.81     10.22
2011-03-31      0.91                2.93      4.02
2011-04-01       1.6                2.14      3.87
2011-04-02      2.54                1.88      6.46
2011-04-03      1.63                2.97     -0.42
2011-04-04       0.0                1.58      5.42
2011-04-05       0.0                1.53      7.85
2011-04-06      0.07                1.53      5.38
2011-04-07      0.26                0.81      7.39
2011-04-08      0.01                2.53      9.41
2011-04-09      0.34                2.51       9.1
2011-04-10     13.22                2.41      9.09
2011-04-11     20.43                1.54      5.45
2011-04-12     25.68                1.37       5.1
2011-04-13      0.21                2.07      5.03
2011-04-14      0.07                2.42      6.45
2011-04-15      0.44                3.02       8.6
2011-04-16       0.0                2.93     11.32
2011-04-17      6.36                3.37      7.16
2011-04-18      0.13                2.69     11.16
2011-04-19       0.0                3.66      10.6
2011-04-20       0.0                3.25      10.3
2011-04-21       0.0                3.59      9.56
2011-04-22       0.0                3.56     12.09
2011-04-23       0.0                3.71     12.29
2011-04-24       0.0                4.41      15.5
2011-04-25       0.0                4.58     16.63
2011-04-26       0.0                4.91     19.45
2011-04-27      8.02                4.34     12.92
2011-04-28       0.0                4.49     17.68
2011-04-29       0.0                 5.2     16.27
2011-04-30      0.11                3.68     16.69
2011-05-01      5.05                3.28     15.31
2011-05-02      1.08                2.53     13.58
2011-05-03       0.1                2.82     19.36
2011-05-04      0.43                 3.3     17.95
2011-05-05      0.34                3.26     18.47
2011-05-06      0.15                3.19     17.49
2011-05-07      0.06                4.25     21.75
2011-05-08      1.69                3.36     14.56
2011-05-09     18.33                0.75     17.05
2011-05-10      1.73                2.28     13.22
2011-05-11      0.39                4.01     16.05
2011-05-12       0.0                5.22     15.83
2011-05-13      4.43                4.24     13.76
2011-05-14       0.0                5.37     15.62
2011-05-15       0.0                5.51     15.47
2011-05-16       0.0                5.18     16.23
2011-05-17      0.01                5.37     14.95
2011-05-18      4.88                3.92     12.78
2011-05-19      0.94                1.64     15.31
2011-05-20      0.25                3.61     18.87
2011-05-21      1.27                1.27     16.37
2011-05-22       3.7                1.52     17.08
2011-05-23      6.78                1.43     14.19
2011-05-24      0.02                4.09     20.63
2011-05-25       0.0                 5.8     19.09
2011-05-26       0.0                5.94     18.62
2011-05-27      1.45                3.25     13.71
2011-05-28       0.0                6.05     18.94
2011-05-29       0.0                6.14     21.55
2011-05-30       0.0                6.05     21.19
2011-05-31       0.0                5.54      23.0
2011-06-01      7.55                4.03     18.03
2011-06-02      0.61                 5.1     18.73
2011-06-03       0.0                6.31     20.09
2011-06-04       0.0                 6.4     20.81
2011-06-05       0.0                6.56     18.91
2011-06-06       0.0                6.24     21.59
2011-06-07      0.23                5.66     17.61
2011-06-08      0.34                4.49     19.25
2011-06-09      0.09                4.99     19.99
2011-06-10      0.68                 4.3     21.31
2011-06-11       0.0                4.98     24.97
2011-06-12       0.0                4.99     23.65
2011-06-13      0.05                3.69     20.55
2011-06-14      4.74                3.97     16.98
2011-06-15      2.66                4.83      20.6
2011-06-16       0.0                5.87     21.43
2011-06-17      0.05                4.67      21.4
2011-06-18       0.0                5.21     26.32
2011-06-19       0.0                5.76     27.82
2011-06-20     21.45                 4.5     21.33
2011-06-21      8.01                1.39     21.89
2011-06-22       1.7                2.81     21.62
2011-06-23      0.33                5.16     21.11
2011-06-24       0.0                6.19     24.95
2011-06-25      0.05                 6.0     24.26
2011-06-26      0.95                5.79     20.19
2011-06-27     31.52                2.41     21.05
2011-06-28      0.98                3.04     21.69
2011-06-29       0.0                4.84     24.72
2011-06-30      5.87                5.58     22.39
2011-07-01      3.59                3.79     22.29
2011-07-02      3.62                3.48     22.31
2011-07-03       7.7                2.73     22.15
2011-07-04      3.51                2.62     25.61
2011-07-05       0.0                5.96     27.19
2011-07-06      0.01                5.44     27.53
2011-07-07      2.93                5.92     27.03
2011-07-08       6.1                5.55     25.46
2011-07-09      1.97                4.56     25.73
2011-07-10      2.36                4.91     25.91
2011-07-11      1.12                5.01     26.74
2011-07-12      19.1                4.31     22.94
2011-07-13     10.31                2.43      23.6
2011-07-14      8.92                3.54     25.14
2011-07-15      4.16                4.08     25.41
2011-07-16      2.51                3.95     25.18
2011-07-17       4.3                5.38     25.64
2011-07-18     31.34                3.22     21.83
2011-07-19      48.6                0.89     22.73
2011-07-20     19.66                2.44     23.49
2011-07-21      8.22                3.55     23.91
2011-07-22      2.77                4.65     25.72
2011-07-23      1.13                5.23     25.76
2011-07-24     17.51                5.57      23.6
2011-07-25     44.68                4.81     19.88
2011-07-26     55.48                1.37     20.79
2011-07-27     91.48                2.51     21.54
2011-07-28      2.09                2.84     21.12
2011-07-29      1.23                1.99     20.54
2011-07-30     22.27                2.34     19.18
2011-07-31     16.38                1.36     19.35
2011-08-01      0.13                2.35     25.17
2011-08-02       0.0                4.83      25.5
2011-08-03      0.26                3.97      26.1
