2011-01-01      0.18                 0.7     -1.03
2011-01-02      0.67                0.33      0.53
2011-01-03      0.99                0.33     -1.96
2011-01-04       0.0                0.55     -4.31
2011-01-05      0.36                0.62     -2.11
2011-01-06       0.3                0.63    -11.69
2011-01-07       0.0                 0.6     -7.23
2011-01-08      0.07                0.58      1.32
2011-01-09      0.01                0.68     -5.29
2011-01-10      0.01                0.47     -6.75
2011-01-11      0.01                0.47     -5.62
2011-01-12      0.57                0.47      -5.8
2011-01-13       0.0                1.07    -10.45
2011-01-14       0.0                0.57     -9.73
2011-01-15       0.0                 0.7     -9.59
2011-01-16      0.13                0.63    -12.08
2011-01-17      0.02                0.73    -14.43
2011-01-18       0.0                0.48     -12.3
2011-01-19       0.0                0.45     -9.25
2011-01-20      0.05                0.28     -4.88
2011-01-21       0.0                0.42     -2.53
2011-01-22      0.08                0.55     -9.38
2011-01-23       0.0                 0.7     -4.77
2011-01-24       0.0                0.87    -11.59
2011-01-25       0.0                 0.5     -8.08
2011-01-26       0.0                0.32     -5.25
2011-01-27      0.08                0.27     -3.15
2011-01-28      6.22                0.33     -1.37
2011-01-29      0.23                0.68    -15.72
2011-01-30       0.0                0.55    -12.95
2011-01-31       0.0                0.62    -11.83
2011-02-01      0.01                1.04    -14.38
2011-02-02       0.0                1.02     -2.19
2011-02-03      0.41                1.02       0.9
2011-02-04       0.0                0.99     -1.17
2011-02-05      3.01                0.76      4.22
2011-02-06       2.3                1.37      0.61
2011-02-07      4.28                0.96     -2.32
2011-02-08      3.34                1.02     -5.13
2011-02-09      0.16                1.19    -16.82
2011-02-10       0.0                0.91    -15.72
2011-02-11      0.02                1.35     -4.85
2011-02-12      0.39                1.12     -5.12
2011-02-13      1.11                0.74     -9.94
2011-02-14      0.01                0.96    -11.59
2011-02-15      1.15                0.89     -0.09
2011-02-16       0.8                2.23     -4.79
2011-02-17       0.0                1.88    -11.37
2011-02-18       0.0                1.17     -6.46
2011-02-19      3.76                0.66      2.84
2011-02-20      6.81                0.23       0.9
2011-02-21       0.0                 1.6     -1.44
2011-02-22       0.0                1.17     -1.55
2011-02-23      0.17                0.84     -1.18
2011-02-24      0.01                0.81      2.99
2011-02-25       0.0                1.42     -2.03
2011-02-26      0.09                0.66      1.73
2011-02-27      0.01                0.91      0.91
2011-02-28       0.0                1.42      4.53
2011-03-01       0.0                1.09      5.14
2011-03-02      1.42                 0.9      5.12
2011-03-03       6.5                0.51      2.28
2011-03-04      0.78                1.13     -1.19
2011-03-05       0.1                1.06     -2.81
2011-03-06       0.0                1.57      0.56
2011-03-07      0.94                0.97      3.02
2011-03-08     13.45                0.23       4.5
2011-03-09      0.76                0.67      3.03
2011-03-10      0.08                1.69     -0.56
2011-03-11       0.0                1.43      3.01
2011-03-12      0.07                1.85      3.99
2011-03-13      2.53                2.84     -3.36
2011-03-14      0.06                2.33      3.26
2011-03-15      2.53                1.06       2.1
2011-03-16      0.24                3.65     -1.18
2011-03-17       0.0                2.73     -2.78
2011-03-18      2.48                1.94      0.91
2011-03-19       0.1                1.27      1.27
2011-03-20       0.0                1.59      5.61
2011-03-21      0.89                1.29      8.32
2011-03-22      0.87               -1.13      5.93
2011-03-23      4.47                1.71      5.23
2011-03-24      0.05                1.32      4.44
2011-03-25       0.0                1.59      6.55
2011-03-26       0.0                2.33       5.5
2011-03-27       0.0                1.76      5.21
2011-03-28       0.0                2.36      5.41
2011-03-29      1.27                2.22      4.78
2011-03-30      0.02                2.31      9.96
2011-03-31       0.1                1.96     10.11
2011-04-01      0.76                 1.8      7.03
2011-04-02      6.78                1.02      7.43
2011-04-03      0.43                1.37      8.22
2011-04-04       2.1                1.83      6.12
2011-04-05      5.04                 1.8      6.88
2011-04-06      0.77                1.85      8.66
2011-04-07     13.17                2.78     10.48
2011-04-08      7.08                1.68       7.1
2011-04-09       0.0                2.91      7.98
2011-04-10       0.0                2.85      9.53
2011-04-11       0.0                2.51     12.19
2011-04-12      0.05                 1.9     12.86
2011-04-13     14.49                2.91      8.05
2011-04-14      0.95                4.19       8.2
2011-04-15      5.82                 4.3      5.02
2011-04-16      0.16                3.07      6.34
2011-04-17      0.19                2.97      6.65
2011-04-18       0.0                3.61     13.18
2011-04-19      0.16                3.68      14.6
2011-04-20      2.45                1.46     14.18
2011-04-21     18.53                3.19      4.38
2011-04-22     39.79                1.71      6.08
2011-04-23      0.01                2.37      8.79
2011-04-24       0.0                 3.9      9.29
2011-04-25      11.8                 4.3       3.6
2011-04-26     18.64                0.98      6.75
2011-04-27       0.0                3.32     12.02
2011-04-28      0.08                3.03     11.62
2011-04-29      8.61                2.15     10.54
2011-04-30       0.0                3.41     12.63
2011-05-01      0.01                2.57     11.31
2011-05-02      0.01                4.33     11.37
2011-05-03      0.87                2.05      10.3
2011-05-04      3.42                2.53      7.46
2011-05-05      4.86                 2.3       8.8
2011-05-06     10.64                4.31     12.32
2011-05-07      0.29                4.55     11.19
2011-05-08      0.34                3.38      11.9
2011-05-09      2.92                 3.3     12.22
2011-05-10      0.35                4.72     13.15
2011-05-11      0.11                 4.3     15.14
2011-05-12      0.79                4.25     13.18
2011-05-13      0.15                2.73      17.1
2011-05-14      0.04                3.74     18.64
2011-05-15      0.77                4.39     17.45
2011-05-16     18.61                2.16     14.95
2011-05-17     10.97                4.02     13.36
2011-05-18      7.23                5.12     11.82
2011-05-19      8.56                4.08     12.51
2011-05-20       0.0                5.21     17.74
2011-05-21      0.48                4.96     18.01
2011-05-22     23.05                1.71     16.51
2011-05-23      2.89                1.89     15.12
2011-05-24       0.1                5.47     16.37
2011-05-25       0.0                5.56     18.12
2011-05-26       0.0                 6.0     17.86
2011-05-27       0.0                5.89     18.31
2011-05-28      0.71                3.87     15.62
2011-05-29      1.67                2.51     16.29
2011-05-30      0.04                4.45     19.66
2011-05-31       0.0                5.51     18.77
2011-06-01      11.4                4.09     14.07
2011-06-02      1.36                1.82     15.41
2011-06-03      0.17                4.43     16.58
2011-06-04      0.71                5.32     16.18
2011-06-05       0.0                 5.9      17.4
2011-06-06      0.06                5.11     15.39
2011-06-07       0.0                5.64     18.68
2011-06-08       0.0                5.91     21.52
2011-06-09     10.99                5.85     13.66
2011-06-10      1.39                2.16     16.76
2011-06-11       0.0                5.33     20.39
2011-06-12      0.05                5.91     17.45
2011-06-13       0.2                2.68     15.99
2011-06-14      0.01                3.48     15.62
2011-06-15       0.0                4.18     15.72
2011-06-16      0.01                4.76     14.66
2011-06-17       0.0                5.08     20.87
2011-06-18       0.0                4.78     21.44
2011-06-19      0.69                4.58     18.63
2011-06-20      2.68                1.32     19.13
2011-06-21      0.09                3.72      21.1
2011-06-22       0.0                5.05     19.29
2011-06-23       0.0                5.51     23.88
2011-06-24      0.17                4.93     26.29
2011-06-25      2.52                4.24     22.86
2011-06-26     28.93                 1.7     21.05
2011-06-27      8.05                1.78     21.52
2011-06-28      1.36                4.46     24.02
2011-06-29       1.5                 2.9     22.72
2011-06-30      1.17                 6.1     21.22
2011-07-01     45.16                4.25     20.21
2011-07-02      3.51                1.55     20.25
2011-07-03       3.6                3.26     19.02
2011-07-04     75.64                1.46     20.84
2011-07-05     86.29                0.04     21.94
2011-07-06     24.43                1.49     24.43
2011-07-07     13.62                3.54     23.97
2011-07-08     31.51                1.52     22.04
2011-07-09      8.53                1.39     23.27
2011-07-10      6.96                2.48     24.43
2011-07-11      8.11                1.61     24.63
2011-07-12      5.21                 2.1     24.69
2011-07-13      0.68                4.37     25.15
2011-07-14      0.99                3.19     24.13
2011-07-15       0.0                5.36     22.58
2011-07-16       0.0                5.54      22.7
2011-07-17       0.0                5.54     20.52
2011-07-18       0.0                 5.1     23.77
2011-07-19       0.0                 5.2     23.25
2011-07-20      0.02                4.82     22.52
2011-07-21       0.0                5.55     28.22
2011-07-22       0.0                5.68     29.37
2011-07-23       0.0                5.67     28.77
2011-07-24      0.28                5.25     28.11
2011-07-25      1.65                4.17     27.41
2011-07-26      2.44                3.92     23.71
2011-07-27     17.11                2.85     22.82
2011-07-28      8.47                2.89      20.9
2011-07-29      0.62                2.38     23.66
2011-07-30      2.53                2.22     23.78
2011-07-31      8.26                3.45     25.16
2011-08-01      3.57                3.09     23.82
2011-08-02      0.09                3.02     23.19
2011-08-03       0.0                4.23     26.55
