2011-01-01      0.23                0.58      -1.7
2011-01-02      0.94                 0.3      1.04
2011-01-03      0.44                0.33     -3.79
2011-01-04       0.0                 0.4     -5.77
2011-01-05      0.01                0.63     -7.49
2011-01-06      0.01                 0.4      -9.5
2011-01-07      0.21                 0.4      1.52
2011-01-08       0.4                0.88    -10.59
2011-01-09      0.06                0.57     -3.94
2011-01-10      0.59                0.52     -3.96
2011-01-11       0.0                0.72    -11.95
2011-01-12      0.01                0.42    -11.55
2011-01-13       0.0                 0.4     -8.71
2011-01-14      0.16                0.27      0.36
2011-01-15      2.98                0.85    -11.76
2011-01-16      0.02                0.88    -18.38
2011-01-17      0.01                0.58    -19.86
2011-01-18       0.0                0.67    -15.68
2011-01-19      0.02                0.85    -16.39
2011-01-20       0.0                 0.9    -15.52
2011-01-21       0.0                0.45    -14.27
2011-01-22      0.03                0.57      -8.6
2011-01-23      0.25                0.33     -2.92
2011-01-24      0.02                1.27    -18.57
2011-01-25       0.0                0.53     -15.1
2011-01-26       0.0                0.57    -15.68
2011-01-27      0.02                0.57    -12.49
2011-01-28      0.17                 0.4    -12.24
2011-01-29       0.0                0.67    -15.46
2011-01-30       0.0                 0.6    -16.07
2011-01-31      0.01                0.53    -12.28
2011-02-01       0.0                0.81    -12.89
2011-02-02       0.0                0.69    -11.62
2011-02-03       0.0                0.66     -9.18
2011-02-04      0.53                0.46      3.18
2011-02-05      1.44                1.32     -7.58
2011-02-06       0.0                0.94     -3.87
2011-02-07      0.13                0.69      3.38
2011-02-08       0.1                1.14      1.73
2011-02-09      0.09                0.96     -2.93
2011-02-10      0.01                0.99      2.67
2011-02-11       5.9                1.19     -8.26
2011-02-12      0.16                2.44    -14.24
2011-02-13      0.02                1.78     -8.07
2011-02-14       0.0                1.57     -2.44
2011-02-15      0.14                1.35      2.37
2011-02-16      0.03                0.91     -3.88
2011-02-17      0.01                1.22     -3.51
2011-02-18       0.0                1.65     -5.37
2011-02-19      0.13                1.85     -7.11
2011-02-20       0.0                1.35     -4.63
2011-02-21      3.79                1.32      4.06
2011-02-22      6.66                1.24     -5.66
2011-02-23       0.0                1.95     -7.72
2011-02-24       0.0                1.47     -5.26
2011-02-25       0.0                1.04     -2.41
2011-02-26      5.11                0.89      3.44
2011-02-27      7.66                 0.0      2.15
2011-02-28      0.07                0.74     -1.03
2011-03-01       0.2                0.18     -1.39
2011-03-02      0.07                0.79      0.89
2011-03-03      0.17                1.09      0.63
2011-03-04      0.01                0.95     -1.47
2011-03-05       0.2                0.67     -4.64
2011-03-06       0.0                1.39      0.05
2011-03-07       0.0                1.55      2.23
2011-03-08       0.0                0.42      0.65
2011-03-09       0.0                1.18      0.55
2011-03-10       0.0                1.46      0.95
2011-03-11      0.03                2.08     -0.67
2011-03-12      0.03                 2.1     -0.35
2011-03-13       0.0                1.94      1.71
2011-03-14       0.0                1.04      2.78
2011-03-15       0.0                1.87      3.99
2011-03-16      0.03                1.57      7.35
2011-03-17      1.26                0.58      4.47
2011-03-18      0.97                1.29      4.91
2011-03-19     10.61                0.97       2.7
2011-03-20       0.0                 1.8       4.8
2011-03-21       0.0                1.36      4.68
2011-03-22       1.4                1.06      2.96
2011-03-23      0.56                1.64      5.77
2011-03-24       0.0                1.62      8.98
2011-03-25      1.03                1.09      5.33
2011-03-26       0.0                2.38      4.91
2011-03-27       0.0                1.94      4.57
2011-03-28       0.0                1.39       5.3
2011-03-29       0.0                1.69      6.47
2011-03-30      1.01                2.01      5.03
2011-03-31      0.03                2.98      6.52
2011-04-01       0.0                 1.8      6.36
2011-04-02      0.05                1.91      8.07
2011-04-03      0.08                1.88      11.8
2011-04-04       0.1                1.24      8.44
2011-04-05     10.57                1.51      7.19
2011-04-06      0.23                2.24      5.59
2011-04-07       0.0                2.66      4.41
2011-04-08      0.28                2.41      5.01
2011-04-09      0.58                2.41      5.51
2011-04-10      0.23                2.49       6.8
2011-04-11      1.78                2.47      6.08
2011-04-12       0.0                2.39      9.26
2011-04-13       0.0                2.46     12.87
2011-04-14       0.0                2.63      8.42
2011-04-15      14.7                1.44      7.69
2011-04-16      0.14                1.54      10.4
2011-04-17      0.01                1.76      9.12
2011-04-18     10.69                3.36      5.57
2011-04-19      2.78                1.39      7.18
2011-04-20      0.64                2.54      10.2
2011-04-21       0.0                3.71     13.75
2011-04-22       0.0                4.17      15.4
2011-04-23     11.44                2.83     12.25
2011-04-24     56.83                1.07      7.28
2011-04-25       0.0                2.86      8.39
2011-04-26      4.92                3.36      5.09
2011-04-27     26.62                1.78      6.38
2011-04-28      0.01                2.05     13.05
2011-04-29       0.0                3.37     12.44
2011-04-30       0.0                4.86     11.37
2011-05-01       0.0                 4.3     15.88
2011-05-02       0.0                4.21     14.42
2011-05-03     32.26                2.38      8.52
2011-05-04      0.66                0.85     12.89
2011-05-05      4.65                3.55     12.89
2011-05-06      5.73                0.82     12.59
2011-05-07       0.0                 3.6     13.25
2011-05-08       0.0                 4.2     14.03
2011-05-09      0.43                4.45     15.78
2011-05-10      1.11                1.73     14.81
2011-05-11       0.0                5.47     14.91
2011-05-12       0.0                4.55     12.71
2011-05-13       0.0                5.67     15.51
2011-05-14      0.54                 4.3     15.84
2011-05-15      1.34                1.58     20.82
2011-05-16     11.17                 3.9     19.48
2011-05-17     21.09                1.43      15.3
2011-05-18       0.0                 5.5     15.73
2011-05-19       0.0                 5.5     16.57
2011-05-20       0.0                4.94     16.52
2011-05-21       0.0                4.87     17.49
2011-05-22       0.0                5.21     19.45
2011-05-23      5.46                4.25     15.35
2011-05-24      0.43                3.45     14.86
2011-05-25       0.3                3.04     18.51
2011-05-26     32.16                0.86     16.33
2011-05-27      0.24                5.13     16.95
2011-05-28       0.0                5.61     18.17
2011-05-29       0.0                 5.8     19.88
2011-05-30       0.0                4.62     20.12
2011-05-31       0.0                6.62     18.04
2011-06-01       0.0                4.83      17.6
2011-06-02      0.49                5.35     15.27
2011-06-03      0.01                4.38     13.83
2011-06-04       0.0                4.81     17.27
2011-06-05      0.09                4.64     17.99
2011-06-06     30.42                0.79     14.35
2011-06-07      9.01                1.81      16.3
2011-06-08      0.04                4.83     18.76
2011-06-09      0.12                5.24     17.67
2011-06-10      0.78                 4.9      18.8
2011-06-11      1.77                4.36     17.19
2011-06-12      0.67                4.99      18.2
2011-06-13      0.22                4.34     18.21
2011-06-14      0.12                 5.6     20.79
2011-06-15      1.46                5.39     21.53
2011-06-16      2.36                 4.9     20.86
2011-06-17      5.53                4.52     20.78
2011-06-18      9.91                3.48     18.87
2011-06-19      0.22                5.56     19.85
2011-06-20      0.33                5.69     21.03
2011-06-21      0.17                4.65     21.44
2011-06-22      0.01                4.81     20.94
2011-06-23      0.15                3.98     19.88
2011-06-24      0.45                3.67     20.56
2011-06-25      18.8                2.06     18.51
2011-06-26     14.24                1.01     21.69
2011-06-27     12.29                 0.9     21.74
2011-06-28     18.57                 2.0     21.49
2011-06-29      7.42                4.22     19.45
2011-06-30      56.8                1.54     16.65
2011-07-01      0.15                3.86     23.84
2011-07-02       2.0                5.39     22.63
2011-07-03     88.64                0.77     18.37
2011-07-04      9.31                1.26      17.0
2011-07-05     29.81                1.23     24.11
2011-07-06    143.38                3.29     19.78
2011-07-07     11.65                 2.5      18.3
2011-07-08      36.5                1.94     23.27
2011-07-09      1.07                2.51     21.63
2011-07-10      0.62                4.25     24.38
2011-07-11      1.53                3.26     22.01
2011-07-12     10.63                 2.4     14.98
2011-07-13      93.6                1.78     15.89
2011-07-14      0.33                2.53     16.69
2011-07-15       0.0                4.91     21.92
2011-07-16       0.0                5.25     22.62
2011-07-17      3.56                 5.3     23.82
2011-07-18      0.64                3.98     25.19
2011-07-19      0.29                5.82     25.48
2011-07-20       7.7                3.41     25.44
2011-07-21      5.35                3.92     23.95
2011-07-22      0.14                 4.6     22.79
2011-07-23      0.16                4.59      24.6
2011-07-24       1.1                4.47     25.25
2011-07-25       1.4                4.41     26.09
2011-07-26      1.12                5.06     26.69
2011-07-27      0.14                5.47     25.38
2011-07-28       0.0                5.76     27.43
2011-07-29       0.0                5.51      27.5
2011-07-30      11.3                 5.2     25.77
2011-07-31     27.32                3.62     25.87
2011-08-01     10.19                4.02     26.56
2011-08-02     30.03                3.19     26.93
2011-08-03      6.99                4.02     26.88
