2011-01-01      0.16                0.82     -4.16
2011-01-02      0.29                0.53     -3.52
2011-01-03       0.6                0.38      -6.3
2011-01-04       0.0                0.73     -8.59
2011-01-05       0.0                0.87    -10.59
2011-01-06      0.01                0.63    -15.44
2011-01-07       0.0                0.63     -8.96
2011-01-08       0.0                0.68      -8.1
2011-01-09       1.4                0.42     -0.84
2011-01-10      0.03                0.87    -14.39
2011-01-11       0.0                0.95    -12.54
2011-01-12       0.8                 0.6     -2.15
2011-01-13      2.15                0.22    -12.19
2011-01-14       0.0                1.02    -17.99
2011-01-15       0.0                 0.7     -18.6
2011-01-16      0.02                 0.7    -17.75
2011-01-17       0.0                0.83     -20.4
2011-01-18       0.0                0.48    -14.24
2011-01-19       0.0                0.65    -14.96
2011-01-20      0.01                0.68    -15.71
2011-01-21      0.02                0.58    -18.28
2011-01-22       0.0                0.57    -17.68
2011-01-23       0.0                0.58    -12.61
2011-01-24       0.0                 0.7     -8.35
2011-01-25       2.0                0.68      2.26
2011-01-26      1.75                1.18    -16.44
2011-01-27       0.0                 0.8    -16.71
2011-01-28      0.08                 0.4     -0.46
2011-01-29      0.12                0.43     -2.98
2011-01-30       0.0                0.97     -8.65
2011-01-31      0.32                0.87       5.4
2011-02-01      1.13                0.15     -1.36
2011-02-02      0.21                0.61    -12.64
2011-02-03       0.0                 1.5    -14.33
2011-02-04       0.0                1.29    -12.69
2011-02-05      0.03                 1.4    -14.74
2011-02-06      0.01                1.19    -11.62
2011-02-07       0.0                0.96     -6.04
2011-02-08      0.04                1.14     -6.65
2011-02-09       0.0                1.78    -10.54
2011-02-10      0.46                1.42     -9.77
2011-02-11      0.03                1.88    -10.76
2011-02-12      2.35                1.14     -9.63
2011-02-13      0.01                1.73    -12.77
2011-02-14       0.0                1.37     -6.11
2011-02-15       0.2                1.14     -2.01
2011-02-16      0.21                1.32     -9.69
2011-02-17       0.0                1.83    -10.99
2011-02-18       0.0                1.62     -9.46
2011-02-19       0.0                1.22      -8.4
2011-02-20      0.02                1.62      -5.6
2011-02-21      0.16                1.19     -2.76
2011-02-22      0.23                 1.8      -6.9
2011-02-23       0.0                2.01     -8.22
2011-02-24       0.0                1.52     -7.35
2011-02-25       0.0                1.55     -2.47
2011-02-26      0.07                1.68      3.77
2011-02-27       0.0                0.38      6.44
2011-02-28      0.02                0.36      6.28
2011-03-01       4.5                0.95       1.5
2011-03-02       0.0                 2.4     -3.59
2011-03-03       0.0                0.88      3.34
2011-03-04      5.55                0.58       1.9
2011-03-05       0.0                1.53      0.13
2011-03-06       0.0                1.25       0.3
2011-03-07       0.0                0.97      3.08
2011-03-08       0.0                1.02      4.18
2011-03-09      0.59                1.34      4.83
2011-03-10      25.8                1.34      1.33
2011-03-11      2.47                1.43     -3.62
2011-03-12      0.32                1.83     -7.07
2011-03-13       0.0                1.46     -5.74
2011-03-14      0.07                1.36     -2.65
2011-03-15      0.15                1.48     -6.05
2011-03-16      0.02                0.88      -0.7
2011-03-17      0.43                0.83      2.33
2011-03-18      0.03                0.23       2.8
2011-03-19      0.01                1.76     -0.83
2011-03-20      0.05                2.29     -5.44
2011-03-21      0.02                2.13     -3.16
2011-03-22      0.07                1.76      2.62
2011-03-23      0.05                2.36      3.51
2011-03-24       0.0                2.26       3.1
2011-03-25       0.0                2.98      2.06
2011-03-26      0.74                2.15      2.93
2011-03-27       0.0                1.78      6.76
2011-03-28       0.0                1.36      6.34
2011-03-29      3.06                1.64      6.92
2011-03-30       0.0                0.74      5.52
2011-03-31       0.0                2.15      3.39
2011-04-01       0.0                1.07      3.47
2011-04-02      0.11                0.97      5.86
2011-04-03       0.0                1.85       7.6
2011-04-04       0.0                1.75      10.9
2011-04-05       0.4                1.86      5.95
2011-04-06       0.0                2.02      7.71
2011-04-07      0.46                1.93      7.93
2011-04-08       0.0                2.17      11.7
2011-04-09       0.0                2.66     13.88
2011-04-10       0.0                 2.2     13.25
2011-04-11      0.11                1.08     13.97
2011-04-12      1.02                 1.9     14.21
2011-04-13      5.18                2.71      5.95
2011-04-14      8.06                1.63     10.81
2011-04-15      3.08                0.51     11.87
2011-04-16      0.23                 2.8     15.52
2011-04-17      0.29                3.58     18.48
2011-04-18      4.25                 2.2     15.62
2011-04-19      0.16                1.97     15.86
2011-04-20      7.43                3.27     10.87
2011-04-21       4.5                1.91      6.23
2011-04-22      5.99                5.13      7.08
2011-04-23      0.33                3.66      8.89
2011-04-24      0.46                2.91     14.76
2011-04-25      2.75                3.46     11.49
2011-04-26      2.43                3.03     15.15
2011-04-27      0.63                2.86     17.41
2011-04-28      0.34                 3.1     15.87
2011-04-29      3.45                3.03     15.31
2011-04-30       0.0                4.83     19.23
2011-05-01       0.0                3.86     19.14
2011-05-02      0.04                4.18     18.44
2011-05-03      7.31                3.85      14.3
2011-05-04     14.28                0.53     13.43
2011-05-05      1.32                1.74     10.74
2011-05-06      7.97                3.29      7.92
2011-05-07      3.89                1.86     10.81
2011-05-08      0.39                3.42     13.66
2011-05-09       0.0                4.08     15.02
2011-05-10       0.0                4.45     15.53
2011-05-11       0.0                3.22     19.02
2011-05-12      7.96                3.98     18.25
2011-05-13      9.08                2.18     13.57
2011-05-14       0.1                5.16     13.81
2011-05-15       0.3                4.81     14.21
2011-05-16       0.0                4.28     15.92
2011-05-17       0.0                5.45     20.37
2011-05-18      0.17                5.72     19.82
2011-05-19     10.29                3.48      19.1
2011-05-20      3.35                1.32     18.07
2011-05-21      0.52                2.25     20.17
2011-05-22      6.87                 3.0     17.51
2011-05-23       0.0                5.41     16.91
2011-05-24       0.0                6.51      17.0
2011-05-25       0.0                6.64     18.58
2011-05-26       0.0                5.78     21.09
2011-05-27       0.0                5.89     21.26
2011-05-28       1.7                5.25     17.17
2011-05-29     66.99                1.46     15.58
2011-05-30      1.77                3.38     14.71
2011-05-31      1.11                3.17     14.79
2011-06-01      0.89                2.12     14.41
2011-06-02      0.27                3.94     19.02
2011-06-03      0.85                5.13      20.2
2011-06-04     12.55                3.81     16.69
2011-06-05      0.39                5.45     18.48
2011-06-06      1.26                2.64     15.59
2011-06-07      1.28                3.48     15.42
2011-06-08      0.01                3.73     19.38
2011-06-09      0.04                4.67     19.57
2011-06-10      0.83                5.82     19.83
2011-06-11       0.0                 5.2      20.9
2011-06-12      1.93                4.73     18.17
2011-06-13      4.19                4.13      17.6
2011-06-14      0.39                5.14     22.43
2011-06-15      0.32                5.72     18.07
2011-06-16      4.57                3.63      16.4
2011-06-17      6.95                3.02     13.66
2011-06-18       1.7                 2.3     14.09
2011-06-19       3.1                1.78     14.37
2011-06-20      2.01                1.82     14.48
2011-06-21      1.67                3.27     15.63
2011-06-22       0.0                4.65     16.49
2011-06-23      0.04                5.01     16.31
2011-06-24      0.09                 3.5     16.11
2011-06-25      0.06                3.51     17.38
2011-06-26       0.0                5.23     19.55
2011-06-27      0.06                 5.2     18.85
2011-06-28     15.58                2.77     15.95
2011-06-29      8.97                1.44     19.93
2011-06-30      3.32                2.41     20.19
2011-07-01      1.74                4.78     23.73
2011-07-02      4.82                4.54     23.56
2011-07-03     11.73                2.25     23.34
2011-07-04     16.61                4.05     23.53
2011-07-05     48.05                1.55     20.91
2011-07-06      57.6                2.37      19.3
2011-07-07     25.15                2.66     19.18
2011-07-08     14.88                4.05     18.63
2011-07-09      0.46                3.23     22.89
2011-07-10      8.33                3.65     24.68
2011-07-11      0.14                5.11     25.74
2011-07-12      0.28                4.79     26.46
2011-07-13       0.0                5.29     24.18
2011-07-14      0.49                4.65     22.34
2011-07-15     26.94                2.51     20.52
2011-07-16      30.1                 1.3     19.89
2011-07-17     22.73                 1.9     23.88
2011-07-18     18.96                3.03     23.68
2011-07-19      8.36                4.35     26.16
2011-07-20      0.28                5.35     27.82
2011-07-21       0.4                6.01     25.53
2011-07-22      1.98                4.79     24.95
2011-07-23      4.45                2.76     26.95
2011-07-24      0.54                4.98     27.25
2011-07-25      0.44                4.73      26.9
2011-07-26      1.67                4.25      22.8
2011-07-27      0.01                5.01     22.41
2011-07-28      0.15                5.28     22.03
2011-07-29       0.0                5.74     22.23
2011-07-30      0.01                4.97     24.61
2011-07-31      3.33                3.68     26.39
2011-08-01      8.93                4.75     25.15
2011-08-02       0.4                3.94     25.07
2011-08-03       4.1                3.75     25.07
