2011-01-01      0.22                0.68      -1.0
2011-01-02       0.7                0.35     -0.32
2011-01-03      0.63                0.33     -5.22
2011-01-04       0.0                0.48     -5.57
2011-01-05      0.08                0.47     -2.09
2011-01-06      0.15                0.47     -7.31
2011-01-07       0.0                0.77      -9.8
2011-01-08       0.0                0.72    -13.56
2011-01-09      0.04                0.57     -2.18
2011-01-10      2.14                0.32       2.9
2011-01-11      0.02                0.62      -7.7
2011-01-12      0.04                0.58     -4.61
2011-01-13      1.73                0.55    -10.87
2011-01-14      0.05                0.78    -20.59
2011-01-15      0.01                 1.0    -19.26
2011-01-16      0.02                0.98    -19.28
2011-01-17      0.01                0.52     -13.2
2011-01-18       0.5                0.62     -8.16
2011-01-19      0.17                0.38     -11.6
2011-01-20      0.35                0.45    -11.13
2011-01-21      0.02                0.47    -10.44
2011-01-22       0.0                0.73     -9.21
2011-01-23      0.01                 0.6     -11.6
2011-01-24       0.0                 0.6     -5.96
2011-01-25       0.0                0.02      3.51
2011-01-26      0.08                0.22      7.36
2011-01-27      0.29                0.62      4.04
2011-01-28      4.02                0.28      4.88
2011-01-29      2.11                0.45      -3.6
2011-01-30      0.01                0.65    -16.45
2011-01-31      0.08                0.63     -3.06
2011-02-01       0.0                1.42    -14.86
2011-02-02      0.15                1.12    -17.17
2011-02-03       0.0                1.17     -2.89
2011-02-04      0.96                1.52     -6.09
2011-02-05       0.0                 1.5    -18.84
2011-02-06      0.55                1.29      -5.3
2011-02-07      0.84                1.07    -14.19
2011-02-08      0.33                1.45    -13.67
2011-02-09       0.0                1.42    -19.17
2011-02-10       0.0                1.19    -14.56
2011-02-11      1.07                0.76     -0.03
2011-02-12      1.58                0.76    -12.35
2011-02-13      0.01                1.57     -15.4
2011-02-14       0.0                1.27     -9.72
2011-02-15       0.0                 1.6     -11.2
2011-02-16      0.02                1.42     -8.75
2011-02-17      0.03                0.91     -2.45
2011-02-18       6.3                1.04      1.06
2011-02-19      0.05                1.93     -1.12
2011-02-20       0.4                1.02     -1.81
2011-02-21      0.14                1.19     -8.74
2011-02-22      0.01                2.06    -10.78
2011-02-23      0.86                1.83      2.27
2011-02-24       3.6               -0.05       5.4
2011-02-25      4.69                0.63     -2.04
2011-02-26       0.0                2.46      -4.7
2011-02-27       0.0                1.55     -7.06
2011-02-28       0.0                0.91     -0.57
2011-03-01      0.38                0.83      1.86
2011-03-02      6.32                1.09     -0.58
2011-03-03      2.74                0.99     -0.59
2011-03-04     19.09                1.83       0.7
2011-03-05      0.71                0.92     -5.38
2011-03-06      0.01                0.69     -4.61
2011-03-07      0.09                0.53      0.24
2011-03-08      0.03                0.69     -0.24
2011-03-09       0.0                1.16     -0.71
2011-03-10      0.02                1.04     -1.66
2011-03-11       0.0                1.18      0.36
2011-03-12      2.73                0.86      2.38
2011-03-13      1.38                0.69      1.86
2011-03-14      0.73                 0.6      0.38
2011-03-15      0.51                1.69     -0.77
2011-03-16      0.82                2.03     -2.92
2011-03-17      0.07                1.36     -0.45
2011-03-18       0.0                1.13      2.56
2011-03-19       0.0                 0.9      4.17
2011-03-20      0.07                0.65      3.32
2011-03-21      0.02                0.76      8.24
2011-03-22      0.28                0.76     11.53
2011-03-23      7.12               -0.12      6.13
2011-03-24      0.08                1.16      4.91
2011-03-25       0.0                1.39      6.52
2011-03-26      0.01                1.69      8.19
2011-03-27      0.05                1.22       5.8
2011-03-28      0.17                1.59      3.58
2011-03-29      3.48                1.71      4.23
2011-03-30      0.52                1.43      4.74
2011-03-31      0.08                1.87      3.72
2011-04-01      0.05                1.46      5.88
2011-04-02      2.59                1.75      4.85
2011-04-03      1.25                2.39      4.25
2011-04-04      0.03                1.88      3.38
2011-04-05      0.11                1.58      3.97
2011-04-06       0.0                1.44      5.11
2011-04-07       0.0                1.83      8.44
2011-04-08       0.0                1.27      7.67
2011-04-09       0.0                2.71     10.02
2011-04-10      0.33                2.47      8.16
2011-04-11       0.0                3.08     13.12
2011-04-12       0.0                3.54     13.44
2011-04-13       0.1                2.27      7.46
2011-04-14       0.0                3.29      9.38
2011-04-15       0.0                3.29     15.14
2011-04-16       0.0                3.39      8.52
2011-04-17      0.06                2.32      9.17
2011-04-18       0.0                2.32      8.65
2011-04-19       0.0                3.25     14.01
2011-04-20      0.07                3.37     16.83
2011-04-21       0.0                3.27     15.74
2011-04-22      7.02                2.53     12.99
2011-04-23     10.33                2.66     10.75
2011-04-24      4.57                2.05     12.55
2011-04-25     18.33                0.31     12.53
2011-04-26      0.74                2.98     10.86
2011-04-27      0.11                2.78      9.05
2011-04-28       0.0                4.44     13.14
2011-04-29       0.0                4.39     12.37
2011-04-30       0.0                4.97     15.12
2011-05-01       0.0                4.34     16.14
2011-05-02       0.0                4.09     16.93
2011-05-03     21.36                4.58     12.39
2011-05-04      0.57                1.46      14.3
2011-05-05       0.0                4.58     18.02
2011-05-06      0.51                2.73     12.26
2011-05-07       0.0                3.83     16.39
2011-05-08       0.0                5.32     15.91
2011-05-09      0.04                4.85     15.99
2011-05-10       0.2                4.14      18.3
2011-05-11       0.0                4.96     19.61
2011-05-12      9.97                4.12     16.41
2011-05-13       0.0                5.89     18.71
2011-05-14       0.0                6.38     18.42
2011-05-15       0.0                5.89     15.17
2011-05-16       0.0                4.53     15.94
2011-05-17      0.84                3.42     14.63
2011-05-18      0.01                3.54     17.67
2011-05-19      1.69                4.78     14.47
2011-05-20       0.0                5.59     16.53
2011-05-21       0.1                4.84     17.86
2011-05-22      0.14                3.66     17.94
2011-05-23      0.63                3.42      16.8
2011-05-24      1.75                 4.9     16.93
2011-05-25      0.38                5.04     16.36
2011-05-26       0.0                4.74     21.03
2011-05-27      0.07                5.15     16.63
2011-05-28      0.59                2.41     15.22
2011-05-29      0.52                1.07     16.88
2011-05-30       0.0                4.24     17.92
2011-05-31      0.48                3.79     16.39
2011-06-01      0.82                 4.0     15.36
2011-06-02      0.04                3.87     17.35
2011-06-03      0.89                4.21     18.45
2011-06-04       0.0                5.36     20.62
2011-06-05       1.2                4.67     18.39
2011-06-06       0.0                5.13     22.73
2011-06-07       0.0                4.58     19.53
2011-06-08      0.12                2.83     16.49
2011-06-09      0.01                3.29     18.98
2011-06-10       0.0                3.67     20.19
2011-06-11       0.0                4.61     21.39
2011-06-12      2.57                4.37     14.65
2011-06-13      4.71                2.56     14.29
2011-06-14      0.31                4.19     21.24
2011-06-15      1.28                3.97     18.59
2011-06-16     36.81                2.86     15.98
2011-06-17      0.17                3.75     17.03
2011-06-18      0.39                3.44     17.57
2011-06-19      2.76                 3.3     19.05
2011-06-20      0.35                4.25     21.03
2011-06-21      6.41                5.96     19.17
2011-06-22     22.44                1.53     20.48
2011-06-23      4.21                4.52     21.03
2011-06-24      0.07                5.02     16.11
2011-06-25     12.63                1.64     13.85
2011-06-26       0.4                2.43     14.03
2011-06-27      0.14                2.98     15.25
2011-06-28      0.21                3.19     16.03
2011-06-29      0.04                2.13     14.92
2011-06-30       3.9                3.04     14.75
2011-07-01      0.75                1.68     16.44
2011-07-02       9.8                2.15     15.87
2011-07-03      4.58                1.23     19.26
2011-07-04      0.88                4.56     22.09
2011-07-05      1.59                4.49     22.64
2011-07-06      8.15                4.59     21.98
2011-07-07     49.82                0.29     23.52
2011-07-08     19.64                2.63     22.36
2011-07-09      2.21                2.82      24.5
2011-07-10      2.37                4.38     24.79
2011-07-11      3.05                2.81     23.89
2011-07-12      11.7                1.93      22.8
2011-07-13     18.61                1.56     23.03
2011-07-14     34.72                1.26     24.31
2011-07-15     20.46                1.71     24.81
2011-07-16     10.31                1.58     23.91
2011-07-17     38.13                 2.6      23.2
2011-07-18      0.84                2.78     23.46
2011-07-19     61.93                1.39     23.12
2011-07-20     35.57                1.29     19.95
2011-07-21      0.29                2.28     21.98
2011-07-22      0.26                4.27     22.78
2011-07-23      0.57                 4.0     24.92
2011-07-24      7.19                4.57     24.02
2011-07-25      0.14                6.11     24.96
2011-07-26      6.14                4.87      22.3
2011-07-27     125.5                2.09     18.95
2011-07-28      0.02                3.04     21.64
2011-07-29       0.0                5.61     25.86
2011-07-30      0.28                5.36     23.63
2011-07-31      0.01                5.42     22.13
2011-08-01      0.13                4.47     22.27
2011-08-02      0.02                4.53     21.36
2011-08-03      0.01                3.61     20.53
