2011-01-01      0.21                 0.7      -1.5
2011-01-02      0.43                0.42     -0.69
2011-01-03      0.23                0.35     -4.12
2011-01-04       0.0                0.72     -4.82
2011-01-05      0.13                0.72      -9.7
2011-01-06      0.09                0.55    -13.14
2011-01-07       0.0                0.67     -6.37
2011-01-08       0.0                 0.7     -4.84
2011-01-09      0.99                0.45      2.74
2011-01-10      0.03                0.97    -10.26
2011-01-11      0.01                0.62     -6.71
2011-01-12      0.08                0.72    -10.67
2011-01-13       0.0                0.73     -8.77
2011-01-14      0.02                0.73    -13.61
2011-01-15       0.0                 0.5    -11.98
2011-01-16      0.39                0.63     -3.37
2011-01-17      0.04                0.77    -13.53
2011-01-18       0.0                0.52    -10.78
2011-01-19      0.37                0.43      2.02
2011-01-20      0.58                0.12      3.29
2011-01-21      0.06                 0.7      3.15
2011-01-22      0.04                0.38      1.55
2011-01-23      0.07                0.78      -5.8
2011-01-24      0.06                0.57     -8.83
2011-01-25      0.42                0.58     -3.63
2011-01-26      0.03                0.67      -3.9
2011-01-27      2.47                 0.7     -0.84
2011-01-28      0.01                1.28     -7.85
2011-01-29      0.01                1.03    -15.25
2011-01-30      0.01                0.92    -16.45
2011-01-31      0.02                 0.6     -4.93
2011-02-01      0.38                1.14     -6.34
2011-02-02       0.0                1.93    -11.94
2011-02-03       0.0                 1.5    -15.26
2011-02-04       0.0                1.17     -17.8
2011-02-05      0.57                0.74     -1.05
2011-02-06      0.02                1.85    -16.75
2011-02-07       0.0                1.04    -16.52
2011-02-08      0.05                0.89     -0.27
2011-02-09      0.18                0.18      1.05
2011-02-10       0.0                1.32      2.11
2011-02-11      0.24                0.74       3.3
2011-02-12      0.22                0.05      5.09
2011-02-13       0.5                0.41      5.99
2011-02-14      1.25                0.96     -1.73
2011-02-15      0.91                1.32      0.43
2011-02-16      0.32                0.91      0.65
2011-02-17       0.0                0.63     -0.33
2011-02-18       0.0                0.86      0.58
2011-02-19      0.01                0.63      2.89
2011-02-20      0.06                0.66      3.22
2011-02-21       0.0                0.69      4.98
2011-02-22       0.0                0.66      5.57
2011-02-23      4.11                0.28      6.08
2011-02-24      3.97                2.74      -2.7
2011-02-25      0.17                1.29     -6.51
2011-02-26      0.02                1.19     -2.79
2011-02-27       0.0                1.57     -7.71
2011-02-28       0.0                1.02     -2.58
2011-03-01      0.05                0.67     -3.45
2011-03-02       0.0                0.86     -1.76
2011-03-03      0.15                0.69     -1.55
2011-03-04      0.12                0.83      0.92
2011-03-05      0.68                0.49     -2.19
2011-03-06      0.01                0.76     -2.38
2011-03-07       0.0                1.04      0.36
2011-03-08      0.37                0.81      2.12
2011-03-09      3.46                1.13     -4.43
2011-03-10      0.15                1.29      -4.2
2011-03-11      0.01                1.62     -1.16
2011-03-12      0.63                1.06     -0.45
2011-03-13       0.0                1.99       1.1
2011-03-14       0.0                1.57      5.74
2011-03-15      0.43                1.06      7.14
2011-03-16      0.02                 0.9      5.53
2011-03-17       0.0                 1.8      6.84
2011-03-18       0.0                1.55      9.25
2011-03-19       0.0                1.96      10.4
2011-03-20       0.0                1.36     10.87
2011-03-21      1.26                 2.8     -1.03
2011-03-22      0.16                 1.8      0.02
2011-03-23      0.19                1.39      0.33
2011-03-24       0.0                0.97      3.69
2011-03-25       0.0                1.04      4.87
2011-03-26       0.0                1.22      6.32
2011-03-27      0.07                1.78      4.78
2011-03-28       0.0                2.59      5.15
2011-03-29      0.05                 2.1       4.4
2011-03-30       0.0                2.33      6.81
2011-03-31       0.0                2.22      9.03
2011-04-01      0.04                1.68     12.49
2011-04-02      0.06                1.81      6.67
2011-04-03     32.09                2.91      3.14
2011-04-04     14.12                 1.9      4.22
2011-04-05      0.25                1.58      4.49
2011-04-06      3.16                1.24      4.92
2011-04-07      1.76                 1.8      5.53
2011-04-08      0.16                2.17       7.7
2011-04-09       0.0                2.76      12.2
2011-04-10       0.0                2.93      13.9
2011-04-11     21.15                2.93      5.03
2011-04-12      2.37                2.59      4.53
2011-04-13       0.0                2.15      7.92
2011-04-14      0.75                2.68      8.81
2011-04-15       0.0                3.05     12.31
2011-04-16      1.18                2.68     11.55
2011-04-17      0.05                2.85     15.13
2011-04-18      0.11                3.22     15.97
2011-04-19     18.54                2.83      1.98
2011-04-20      0.54                1.47      6.64
2011-04-21       0.0                3.54      9.81
2011-04-22       0.0                3.85      14.6
2011-04-23       0.0                4.29     16.13
2011-04-24      11.2                2.24     10.18
2011-04-25     16.86                1.08      8.16
2011-04-26     10.14                 1.1     10.26
2011-04-27       0.0                3.76     15.42
2011-04-28       0.0                4.74     16.59
2011-04-29      0.11                4.97     12.93
2011-04-30      0.24                 2.1     14.46
2011-05-01      0.04                2.95     11.74
2011-05-02       0.2                2.02     13.04
2011-05-03       4.6                4.33     11.38
2011-05-04      0.63                3.44     10.58
2011-05-05       0.0                 4.5     10.52
2011-05-06       0.0                4.52     11.33
2011-05-07      0.04                3.49     10.34
2011-05-08      0.04                3.77     16.87
2011-05-09       0.0                4.53     18.57
2011-05-10       0.0                4.74     17.93
2011-05-11      0.06                4.06     15.83
2011-05-12      0.04                3.64     15.57
2011-05-13       0.0                3.16     17.62
2011-05-14      0.16                 3.8     18.03
2011-05-15       0.0                5.47     20.08
2011-05-16      0.01                5.25     18.21
2011-05-17      1.93                 5.1     11.12
2011-05-18      3.52                3.93      9.45
2011-05-19      0.06                3.09     14.75
2011-05-20       0.0                5.07     18.97
2011-05-21      0.14                4.04     18.53
2011-05-22      7.96                3.63     14.71
2011-05-23      0.32                2.27     14.62
2011-05-24       0.0                5.19     20.05
2011-05-25       0.0                5.85     22.52
2011-05-26       0.0                5.28     15.97
2011-05-27      0.04                4.43      13.9
2011-05-28      0.04                3.25     15.48
2011-05-29       0.0                4.45     16.54
2011-05-30       0.0                3.95     16.99
2011-05-31      0.04                4.58     18.24
2011-06-01       0.0                 4.9     19.09
2011-06-02       0.0                 5.2     19.13
2011-06-03      0.38                4.21     20.21
2011-06-04       0.0                4.55     22.37
2011-06-05      0.12                4.64      20.5
2011-06-06       0.0                5.41     21.88
2011-06-07      2.01                5.02     21.49
2011-06-08       0.0                5.23     26.31
2011-06-09       0.0                5.42      25.1
2011-06-10       0.0                5.44     23.72
2011-06-11       0.0                4.68     23.49
2011-06-12      0.09                 4.4     19.62
2011-06-13      1.51                 2.0     18.34
2011-06-14       0.0                3.79     23.48
2011-06-15       0.0                4.27     22.61
2011-06-16      0.05                3.14     19.65
2011-06-17     11.65                1.97     19.29
2011-06-18      9.52                4.84     17.03
2011-06-19       0.0                5.27     19.65
2011-06-20      0.23                4.58     16.39
2011-06-21      0.12                2.96     19.51
2011-06-22      0.32                4.59     20.49
2011-06-23       0.0                4.37     21.32
2011-06-24      0.04                5.07     22.71
2011-06-25      0.43                3.93     24.05
2011-06-26      0.69                4.83     20.47
2011-06-27      1.36                3.13     21.74
2011-06-28      0.17                4.15     21.07
2011-06-29      0.68                3.82     22.48
2011-06-30      0.09                4.47      26.3
2011-07-01      10.3                 4.6      23.4
2011-07-02      2.77                4.94     25.33
2011-07-03      1.24                3.86     22.38
2011-07-04      0.41                3.14     23.26
2011-07-05      1.87                4.22     23.87
2011-07-06      1.12                2.79     23.88
2011-07-07      6.41                 3.3     23.19
2011-07-08      9.44                2.62     22.79
2011-07-09      7.68                0.72     24.21
2011-07-10      4.45                 3.3     23.73
2011-07-11     25.66                 1.3     19.68
2011-07-12     12.98                1.42     22.59
2011-07-13     12.97                2.46     23.55
2011-07-14     16.41                2.51     25.02
2011-07-15     11.59                2.51      24.4
2011-07-16       1.0                3.11     23.97
2011-07-17      0.12                 5.3     26.76
2011-07-18       0.0                5.93     26.92
2011-07-19      0.72                5.51     24.78
2011-07-20      2.77                3.84     25.67
2011-07-21      6.83                5.26     26.21
2011-07-22      3.35                5.25     27.67
2011-07-23      7.79                4.62     26.93
2011-07-24      4.75                4.97     27.07
2011-07-25      5.27                4.57     25.73
2011-07-26       7.0                 4.4      25.9
2011-07-27      1.26                5.29     28.11
2011-07-28      0.28                5.55     28.68
2011-07-29      3.33                5.66     26.81
2011-07-30      1.54                4.66      26.6
2011-07-31       0.0                 5.1     26.76
2011-08-01       0.0                4.87     30.29
2011-08-02      1.79                 4.6     27.76
2011-08-03     40.41                 3.0     24.23
