2011-01-01      0.25                0.62     -0.12
2011-01-02      1.09                 0.3      1.76
2011-01-03      0.77                 0.4     -0.93
2011-01-04      0.01                 0.5     -5.05
2011-01-05       0.0                 0.8     -5.87
2011-01-06      0.06                0.53     -9.86
2011-01-07       0.0                0.68    -11.07
2011-01-08       0.0                0.75    -12.73
2011-01-09      0.02                 0.6    -12.02
2011-01-10      0.02                 0.4     -5.44
2011-01-11      0.69                0.33     -8.85
2011-01-12      0.05                 0.9     -15.0
2011-01-13      0.02                0.93    -17.05
2011-01-14       0.0                 0.7    -12.36
2011-01-15      0.02                0.75    -10.91
2011-01-16       0.0                0.63     -8.62
2011-01-17       0.0                0.58     -8.95
2011-01-18       0.0                 0.7    -13.03
2011-01-19       0.0                 0.7     -13.8
2011-01-20       0.0                0.68    -14.75
2011-01-21      0.04                0.53    -11.17
2011-01-22       0.0                 0.4     -9.93
2011-01-23       0.0                0.53     -7.84
2011-01-24       0.0                0.53     -8.94
2011-01-25      0.02                 0.3     -7.53
2011-01-26       0.1                0.25     -3.54
2011-01-27      0.26                0.27     -5.44
2011-01-28      0.03                0.27     -1.49
2011-01-29      0.39                 0.5     -8.32
2011-01-30       0.0                0.77     -8.57
2011-01-31       0.0                0.65    -13.25
2011-02-01       0.0                0.74    -12.56
2011-02-02       0.0                0.48     -1.21
2011-02-03      0.02                0.48     -4.25
2011-02-04      0.05                0.99     -6.87
2011-02-05       0.0                0.25     -0.43
2011-02-06      5.62                0.71     -0.89
2011-02-07      2.66                1.02     -17.8
2011-02-08       0.0                 1.4    -15.29
2011-02-09      0.03                1.14    -13.77
2011-02-10      0.16                1.29     -6.92
2011-02-11       0.0                1.68      5.35
2011-02-12      4.81                2.89     -6.47
2011-02-13       0.0                2.03    -10.88
2011-02-14       0.0                1.19     -8.74
2011-02-15      0.01                1.35    -18.07
2011-02-16       0.0                1.07    -13.33
2011-02-17       0.0                1.29    -10.78
2011-02-18      0.15                1.57    -11.79
2011-02-19       0.0                1.22     -9.67
2011-02-20       0.0                1.29     -5.18
2011-02-21      0.03                1.62     -6.12
2011-02-22       0.0                1.32     -9.18
2011-02-23       0.0                0.94     -7.47
2011-02-24       0.0                0.96      -3.1
2011-02-25       0.0                1.04      0.74
2011-02-26       0.0                0.18      5.08
2011-02-27      0.08                0.13      3.24
2011-02-28      1.44                1.17      6.78
2011-03-01     12.46                0.88     -2.01
2011-03-02      0.01                1.09      2.37
2011-03-03      1.07                 0.6      1.75
2011-03-04      2.49                0.88     -2.29
2011-03-05      0.14                1.59      -5.6
2011-03-06       0.0                1.18     -3.35
2011-03-07      0.01                1.22      0.63
2011-03-08      0.39                0.86       1.2
2011-03-09       0.0                0.53      5.95
2011-03-10       0.0                0.14      7.33
2011-03-11      0.03                0.02     11.93
2011-03-12      0.11                0.21     10.19
2011-03-13      1.89                0.92     14.41
2011-03-14      4.52                0.53      6.25
2011-03-15      0.23                1.11      3.58
2011-03-16      3.68                1.06      2.31
2011-03-17      0.01                1.32       2.9
2011-03-18      0.08                1.62      6.54
2011-03-19      0.18                0.58      3.22
2011-03-20      1.12                1.11      2.66
2011-03-21      0.39                0.72      3.18
2011-03-22      3.31                1.46      2.15
2011-03-23      1.92                1.96     -0.13
2011-03-24      0.69                1.89     -3.62
2011-03-25      0.12                 2.1      4.55
2011-03-26      1.37               -1.11      7.86
2011-03-27      0.01                 2.1      6.17
2011-03-28      1.51                1.92      3.26
2011-03-29      0.81                0.86      3.96
2011-03-30      3.27                2.24      1.33
2011-03-31       1.2                2.63       2.9
2011-04-01       0.0                1.44      3.84
2011-04-02       0.0                1.86       4.8
2011-04-03       0.0                1.68       6.2
2011-04-04       0.0                2.02      8.19
2011-04-05       0.0                1.93     10.59
2011-04-06       0.0                2.41     12.93
2011-04-07       0.0                2.73     12.21
2011-04-08       0.0                2.27      9.82
2011-04-09       0.0                2.17      9.39
2011-04-10       0.0                 3.0       9.1
2011-04-11       0.0                2.97     11.03
2011-04-12       0.0                2.58      11.8
2011-04-13       0.0                2.61     16.41
2011-04-14      0.01                2.46     12.69
2011-04-15      0.07                1.39     10.63
2011-04-16      0.98                2.03     12.84
2011-04-17     13.13                1.64      5.57
2011-04-18       0.7                2.37      7.38
2011-04-19      1.33                2.83     10.83
2011-04-20     12.32                3.75      6.27
2011-04-21      0.51                2.29      9.26
2011-04-22       0.0                3.49     12.24
2011-04-23       0.0                3.85     13.56
2011-04-24       0.0                3.14     13.46
2011-04-25      2.59                3.19     10.96
2011-04-26      0.42                3.88      12.7
2011-04-27       0.1                2.69     11.88
2011-04-28       0.0                4.24      17.9
2011-04-29      0.11                3.73     15.08
2011-04-30     14.48                3.29       6.1
2011-05-01     26.34                1.89      4.84
2011-05-02      3.42                2.35      6.52
2011-05-03      2.43                1.13      9.14
2011-05-04       0.0                 4.9     16.74
2011-05-05       0.0                4.72     16.32
2011-05-06       0.0                5.03     17.96
2011-05-07      3.53                3.33     14.11
2011-05-08      0.57                2.31     16.16
2011-05-09      6.33                2.43     17.45
2011-05-10     11.97                2.37     15.15
2011-05-11       0.0                 3.2     19.54
2011-05-12      2.54                3.25     17.85
2011-05-13       0.0                4.37     14.34
2011-05-14      0.01                 5.0     15.46
2011-05-15       0.0                4.39     15.17
2011-05-16      0.27                3.76     15.73
2011-05-17      0.01                4.45     13.14
2011-05-18       0.0                 5.4      19.3
2011-05-19      1.51                4.27     19.23
2011-05-20      0.29                4.25     19.46
2011-05-21      5.24                 2.9     14.81
2011-05-22     10.55                2.69     15.54
2011-05-23      4.39                3.63     14.49
2011-05-24      0.54                3.55     16.81
2011-05-25      0.06                4.96     19.76
2011-05-26       0.0                5.16     20.07
2011-05-27       0.0                5.25      16.3
2011-05-28      0.05                4.12     15.18
2011-05-29       0.0                 5.1     16.29
2011-05-30      0.01                5.13     14.37
2011-05-31       0.0                4.21     17.53
2011-06-01      1.07                4.18     18.47
2011-06-02      0.35                2.56      18.1
2011-06-03      0.09                4.68     20.81
2011-06-04       0.0                5.97     22.31
2011-06-05       0.0                5.27     23.16
2011-06-06       0.0                6.03     23.36
2011-06-07      0.25                5.11     20.33
2011-06-08      1.02                3.81     20.08
2011-06-09      7.57                 2.7     17.54
2011-06-10      0.43                3.57     20.43
2011-06-11       0.0                4.21      19.3
2011-06-12      0.19                4.73     15.52
2011-06-13      0.01                 4.1     20.08
2011-06-14      0.04                4.81     20.16
2011-06-15       0.0                5.69     21.83
2011-06-16       0.0                5.73     21.97
2011-06-17       0.0                5.23     20.88
2011-06-18       0.0                5.27     20.73
2011-06-19      9.51                2.68     20.26
2011-06-20     14.32                0.73     20.74
2011-06-21     30.48                2.03     20.53
2011-06-22      0.04                4.77     22.52
2011-06-23      0.06                5.48     21.11
2011-06-24      0.12                4.33     21.22
2011-06-25     13.38                1.87     21.01
2011-06-26     17.06                1.81     16.54
2011-06-27      69.8                3.02     14.18
2011-06-28     31.44                 2.1     14.89
2011-06-29      0.89                2.84      19.0
2011-06-30       1.9                4.31     20.15
2011-07-01       0.0                5.07      19.5
2011-07-02       2.1                4.15     20.86
2011-07-03     19.58                2.51     22.24
2011-07-04      4.21                2.47     21.63
2011-07-05     85.46                1.13     21.92
2011-07-06      5.61                0.67     21.81
2011-07-07     19.87                2.09     20.95
2011-07-08      7.48                1.51     21.78
2011-07-09     27.35                 0.8     21.52
2011-07-10      5.22                1.94     23.28
2011-07-11      0.26                4.03      23.3
2011-07-12      0.38                4.43     24.72
2011-07-13      0.11                4.53     22.96
2011-07-14      2.51                4.75     24.37
2011-07-15    108.24                2.81     21.89
2011-07-16     25.66                4.27     18.78
2011-07-17      5.77                1.45     21.86
2011-07-18      0.27                4.56     23.46
2011-07-19      0.15                4.73     23.16
2011-07-20      0.02                4.43     23.35
2011-07-21       0.0                4.85     28.07
2011-07-22      0.04                5.99     26.36
2011-07-23      0.25                 4.0     21.58
2011-07-24       1.8                 3.6     19.66
2011-07-25      4.51                4.49     22.36
2011-07-26       0.0                 4.9     24.09
2011-07-27       0.0                4.95     24.93
2011-07-28      0.97                5.29     25.08
2011-07-29      1.68                5.07     24.17
2011-07-30      7.07                3.58     23.38
2011-07-31      8.16                1.33     24.52
2011-08-01     10.23                 3.4     24.41
2011-08-02      25.3                0.56     24.82
2011-08-03      9.08                3.22     26.44
