2011-01-01      0.21                0.62     -1.82
2011-01-02      0.46                0.33       0.5
2011-01-03      0.45                0.28     -3.65
2011-01-04      0.01                0.42     -4.85
2011-01-05       0.0                 0.6     -6.67
2011-01-06      0.04                0.43     -9.59
2011-01-07      0.02                0.47     -3.57
2011-01-08       0.0                0.57     -6.53
2011-01-09      0.03                0.32     -2.96
2011-01-10      0.45                0.27     -2.04
2011-01-11      0.82                0.53    -10.76
2011-01-12       0.0                0.42    -11.14
2011-01-13      0.01                0.42     -9.85
2011-01-14      0.02                0.65    -11.88
2011-01-15       0.0                0.65    -12.05
2011-01-16      0.04                0.38     -7.81
2011-01-17      0.42                0.52    -10.46
2011-01-18      0.04                0.35     -7.37
2011-01-19      0.03                0.32     -2.75
2011-01-20      0.16                 0.5      0.07
2011-01-21       0.8                0.17       2.1
2011-01-22      0.15                0.35      -6.7
2011-01-23       0.0                0.85    -15.98
2011-01-24       0.0                0.78      -9.5
2011-01-25       0.0                 0.9    -11.98
2011-01-26      0.02                0.78    -14.49
2011-01-27       0.0                0.53    -13.37
2011-01-28       0.0                0.57     -7.92
2011-01-29      0.06                0.43      0.14
2011-01-30       0.0                0.68    -11.94
2011-01-31       0.0                 0.5    -12.91
2011-02-01      0.03                0.94    -15.65
2011-02-02       0.0                0.63    -13.67
2011-02-03       0.0                0.69     -10.6
2011-02-04      0.01                0.94    -13.59
2011-02-05       0.0                0.69    -13.44
2011-02-06      0.15                0.56     -4.51
2011-02-07       0.2                 0.0      0.14
2011-02-08       0.3                0.81      0.98
2011-02-09      0.03                0.58     -1.22
2011-02-10       0.0                0.71     -5.14
2011-02-11      0.03                 1.4    -11.39
2011-02-12      0.22                0.94     -7.42
2011-02-13      0.03                0.41     -0.49
2011-02-14       0.1                0.71     -0.65
2011-02-15       0.0                0.91     -0.46
2011-02-16       0.0                0.76      5.67
2011-02-17       0.1                 0.0      2.02
2011-02-18      0.49                1.02     -1.85
2011-02-19      0.01                0.56     -2.44
2011-02-20      0.03                0.56      0.78
2011-02-21      1.79                0.25       2.5
2011-02-22      0.43                0.23     -0.41
2011-02-23       0.0                1.17      0.26
2011-02-24       0.0                0.58      2.35
2011-02-25       0.0                0.61      3.76
2011-02-26       0.0                0.46      4.99
2011-02-27      0.05                0.53      5.55
2011-02-28      0.13                 0.3      4.56
2011-03-01      0.01                0.55      1.82
2011-03-02       0.0                0.92      6.64
2011-03-03      0.99                0.79      0.62
2011-03-04      0.18                0.83     -1.87
2011-03-05       0.0                0.62      2.96
2011-03-06       1.1                0.23      3.55
2011-03-07      2.23                0.83      2.29
2011-03-08      0.71                0.81      1.67
2011-03-09      0.48                0.67       1.0
2011-03-10       0.0                1.22      2.92
2011-03-11       0.0                1.18     -3.57
2011-03-12       0.0                 0.6     -0.08
2011-03-13      0.01                0.74      1.78
2011-03-14      0.01                 0.6      3.75
2011-03-15       0.0                0.92      1.45
2011-03-16       0.0                0.74      4.54
2011-03-17       0.0                0.69      8.13
2011-03-18       2.4                0.51      1.69
2011-03-19       0.0                 1.5      2.01
2011-03-20      0.33                0.97      1.69
2011-03-21      0.09                0.58      4.18
2011-03-22       0.0                1.34       4.9
2011-03-23      0.12                1.64      3.06
2011-03-24       0.5                0.81      2.72
2011-03-25      0.05                1.53      5.24
2011-03-26      0.23                1.83      6.78
2011-03-27      6.91                0.69      4.16
2011-03-28      0.01                 1.8       4.5
2011-03-29       0.0                1.89      7.12
2011-03-30      0.01                2.31       7.9
2011-03-31      2.82                1.66      7.07
2011-04-01      0.22                1.25      4.45
2011-04-02      6.21                1.03      2.94
2011-04-03      0.31                1.12      7.13
2011-04-04      0.16                1.73      4.19
2011-04-05      0.47                1.24      3.04
2011-04-06      0.21                1.95      4.29
2011-04-07     11.82                2.25      0.61
2011-04-08       0.0                 2.1      4.91
2011-04-09       0.0                1.59      6.55
2011-04-10       0.0                1.78      6.61
2011-04-11       0.0                2.88      8.59
2011-04-12     14.09                 1.0     10.49
2011-04-13       0.0                2.54      9.31
2011-04-14       0.0                2.63      11.4
2011-04-15     33.38                2.61     10.65
2011-04-16      7.53                0.41     10.59
2011-04-17      0.01                2.07     13.99
2011-04-18      0.06                3.49     16.89
2011-04-19      8.84                3.24     13.54
2011-04-20       1.7                3.39      5.66
2011-04-21      1.92                2.78      8.92
2011-04-22       0.1                3.69     10.74
2011-04-23       0.0                 3.3     12.35
2011-04-24       0.0                4.27      13.2
2011-04-25      6.56                3.25     11.37
2011-04-26     12.18                1.07     13.81
2011-04-27       0.0                4.69     14.15
2011-04-28       0.0                5.02     14.84
2011-04-29       0.0                5.03     17.51
2011-04-30     25.94                3.25     10.34
2011-05-01      3.44                0.23     12.66
2011-05-02      1.53                2.57      6.64
2011-05-03       0.0                3.32     11.32
2011-05-04       0.0                4.05      9.67
2011-05-05      7.11                1.77      8.51
2011-05-06     30.33                0.23      8.68
2011-05-07     30.93                 0.1     10.66
2011-05-08      0.48                1.51      10.2
2011-05-09       0.0                3.51     12.34
2011-05-10       0.0                 3.6     12.76
2011-05-11      4.73                1.46     11.63
2011-05-12     10.55                0.41     12.45
2011-05-13      0.24                4.36     13.85
2011-05-14       0.0                 4.9     16.92
2011-05-15      1.05                5.16     16.19
2011-05-16      2.59                3.64     14.18
2011-05-17       0.0                5.25     16.42
2011-05-18       0.0                5.35     16.55
2011-05-19       0.0                5.63     17.41
2011-05-20      1.11                5.42      16.7
2011-05-21      9.68                2.11     13.85
2011-05-22       0.0                 5.6     18.46
2011-05-23       0.0                6.17     20.31
2011-05-24       0.0                6.11     20.47
2011-05-25      0.57                4.56     20.06
2011-05-26       2.6                2.72     16.03
2011-05-27      1.12                1.46      16.3
2011-05-28       0.0                5.79     18.83
2011-05-29      0.34                3.51     14.09
2011-05-30      1.29                1.94     16.63
2011-05-31       0.0                5.26     17.62
2011-06-01       0.0                4.47     18.93
2011-06-02       0.0                4.73     19.03
2011-06-03       0.0                5.48     18.96
2011-06-04      3.28                3.73     14.79
2011-06-05      4.05                1.51     13.46
2011-06-06      1.62                1.27     15.34
2011-06-07      0.81                1.67     19.01
2011-06-08      0.27                3.29     18.15
2011-06-09       0.0                 4.7      19.8
2011-06-10      0.26                4.47     19.82
2011-06-11      0.01                 3.9     19.22
2011-06-12      0.02                5.01     20.68
2011-06-13       0.0                5.53     23.12
2011-06-14      1.32                4.18     20.71
2011-06-15      0.74                3.66     22.19
2011-06-16      0.71                4.04     20.28
2011-06-17      1.02                6.21     18.25
2011-06-18       0.0                5.61     16.88
2011-06-19      0.05                 3.1     17.67
2011-06-20      0.25                3.45     16.54
2011-06-21       0.0                4.93     22.66
2011-06-22       0.0                4.58     22.51
2011-06-23       0.0                5.39     21.79
2011-06-24      2.93                3.47     19.35
2011-06-25       0.0                4.62     21.32
2011-06-26       0.0                3.61     19.52
2011-06-27      0.12                 3.3     18.69
2011-06-28       0.0                4.96     20.67
2011-06-29       0.0                4.58     23.49
2011-06-30       0.0                4.78     25.24
2011-07-01      0.14                4.35      26.6
2011-07-02      2.24                2.54     22.76
2011-07-03     17.86                2.09     22.12
2011-07-04      10.0                 2.5      22.4
2011-07-05      4.74                1.53      23.1
2011-07-06     33.61                1.97     18.33
2011-07-07      7.49                2.05     21.53
2011-07-08      1.25                1.78     23.29
2011-07-09      0.14                4.22     24.45
2011-07-10      0.28                 4.3     24.96
2011-07-11       1.7                3.29      24.0
2011-07-12      1.28                1.33     25.04
2011-07-13       0.4                4.31     24.53
2011-07-14       0.0                 5.2     26.45
2011-07-15      0.72                4.47     24.35
2011-07-16      2.47                3.89     22.67
2011-07-17      5.97                4.28     21.76
2011-07-18      0.28                2.15     21.59
2011-07-19     27.28                2.82     20.01
2011-07-20      61.0                0.82     21.58
2011-07-21     23.15                0.75     23.98
2011-07-22     20.51                1.23     23.03
2011-07-23     52.11                1.05     18.95
2011-07-24     99.23                1.67     16.83
2011-07-25     37.14                1.42     18.15
2011-07-26      0.73                 2.1     20.92
2011-07-27      0.08                3.32     21.49
2011-07-28      0.01                 4.6     20.56
2011-07-29       0.0                5.38     26.05
2011-07-30       0.0                5.39     26.38
2011-07-31      0.28                5.39     27.47
2011-08-01      0.13                4.27     25.56
2011-08-02     14.73                3.05     23.61
2011-08-03      6.92                3.54     21.33
