2011-01-01      0.19                0.65     -2.13
2011-01-02      0.06                0.33     -3.53
2011-01-03      0.21                0.35     -4.11
2011-01-04      0.11                0.55     -4.41
2011-01-05       0.0                0.68     -7.45
2011-01-06       0.0                0.68    -11.52
2011-01-07       0.0                0.47     -9.57
2011-01-08      0.02                0.37     -4.67
2011-01-09      2.83                0.27     -1.24
2011-01-10      0.04                0.93    -16.56
2011-01-11      0.05                0.57     -8.95
2011-01-12      2.06                0.45      5.16
2011-01-13      0.21                0.77     -12.9
2011-01-14       0.0                0.73    -15.12
2011-01-15      0.26                0.47     -5.59
2011-01-16      0.56                0.58    -20.36
2011-01-17      0.02                0.93    -29.39
2011-01-18       0.0                0.62    -20.98
2011-01-19      0.01                0.57    -15.75
2011-01-20       0.0                0.68    -14.13
2011-01-21      0.04                0.57    -13.29
2011-01-22       0.0                0.45     -15.8
2011-01-23       0.0                0.57     -8.51
2011-01-24      0.14                0.25     -3.07
2011-01-25      0.03                0.85     -8.74
2011-01-26      0.02                0.68    -14.56
2011-01-27      1.42                0.62     -4.34
2011-01-28      0.32                0.43    -10.72
2011-01-29      2.23                0.55     -0.35
2011-01-30      0.14                1.07    -21.79
2011-01-31      0.08                 0.9    -26.48
2011-02-01      0.01                0.74    -21.92
2011-02-02       0.0                0.84    -15.88
2011-02-03      0.02                0.89    -11.32
2011-02-04      1.06                0.81     -0.22
2011-02-05      0.51                0.51     -4.59
2011-02-06      0.88                0.38    -11.86
2011-02-07       0.0                0.89    -14.44
2011-02-08       0.0                0.71      -9.3
2011-02-09      8.04                1.24      7.25
2011-02-10      5.41               -0.79     -0.97
2011-02-11      0.01                1.14     -4.68
2011-02-12      2.14                0.99      1.41
2011-02-13      0.82                0.38     -5.59
2011-02-14      0.46                0.94      0.91
2011-02-15      0.09                1.07     -6.54
2011-02-16      0.07                0.63      0.43
2011-02-17      0.09                1.73     -7.69
2011-02-18       0.0                1.55     -4.39
2011-02-19      0.05                1.27       1.2
2011-02-20       0.0                1.55     -6.19
2011-02-21       0.0                1.55     -7.52
2011-02-22       0.0                1.42     -6.68
2011-02-23      0.01                1.24     -3.75
2011-02-24       0.0                1.07     -0.32
2011-02-25      0.02                0.66      1.97
2011-02-26       0.0                0.53      3.98
2011-02-27      0.08                0.69      8.17
2011-02-28       0.0                0.36      4.93
2011-03-01       0.0                0.55      6.01
2011-03-02       0.0                 0.6      5.55
2011-03-03       0.0                0.99       3.7
2011-03-04      0.03                1.04      0.42
2011-03-05       0.0                0.72      3.52
2011-03-06      2.46                0.42      3.51
2011-03-07      0.26                1.27     -1.14
2011-03-08      0.01                1.32     -0.68
2011-03-09       0.0                0.83      2.03
2011-03-10       0.0                0.67       6.2
2011-03-11       0.0                0.95      5.94
2011-03-12       0.0                0.79      5.67
2011-03-13       0.0                0.55      5.71
2011-03-14      0.04                1.32      4.76
2011-03-15      0.17                0.97      3.36
2011-03-16     10.97                0.74      2.96
2011-03-17      7.42                0.76      2.24
2011-03-18      2.05                1.11      -0.8
2011-03-19       0.1                2.26      -2.1
2011-03-20       0.0                2.03      3.11
2011-03-21       0.0                0.49      3.18
2011-03-22       0.0                1.27      9.05
2011-03-23      0.01                1.64     10.16
2011-03-24      4.68                1.57      3.98
2011-03-25       0.0                2.01      5.66
2011-03-26       0.0                2.03      9.05
2011-03-27       0.0                1.76      3.55
2011-03-28      0.01                2.68      5.07
2011-03-29       0.0                2.33      6.24
2011-03-30       0.0                2.38      8.89
2011-03-31      0.56                2.13      4.29
2011-04-01      1.99                1.58      3.83
2011-04-02      0.08                1.76      4.85
2011-04-03       0.0                1.81      4.65
2011-04-04       0.5                1.71      2.78
2011-04-05      1.79                1.44      5.37
2011-04-06       0.0                1.47      8.64
2011-04-07       0.0                1.85     10.16
2011-04-08       0.0                2.37      9.37
2011-04-09      3.88                2.36      3.85
2011-04-10      3.44                0.97      7.76
2011-04-11       0.0                 2.0     10.81
2011-04-12      0.11                3.19     11.11
2011-04-13       0.0                2.97     11.76
2011-04-14      0.28                 2.2     11.54
2011-04-15      0.78                1.68      9.34
2011-04-16       0.0                3.08      4.28
2011-04-17       0.0                2.85      7.29
2011-04-18      1.02                2.59      8.21
2011-04-19      0.17                2.78      8.03
2011-04-20       0.0                3.71      9.78
2011-04-21       0.0                3.19     11.34
2011-04-22       0.0                3.36     14.84
2011-04-23      0.28                3.27     12.37
2011-04-24      0.07                2.95     16.38
2011-04-25      0.06                3.98     15.77
2011-04-26      0.46                3.27     17.55
2011-04-27     12.49                2.56     15.15
2011-04-28     22.51                0.25     15.65
2011-04-29     10.66                0.29      11.9
2011-04-30       0.0                4.54     15.45
2011-05-01       0.0                4.99      19.7
2011-05-02      1.24                4.27     16.21
2011-05-03       0.1                 3.2     15.59
2011-05-04      4.71                4.81     10.18
2011-05-05       0.0                4.15     13.45
2011-05-06       0.0                4.52     14.69
2011-05-07      0.82                4.97     14.34
2011-05-08       4.2                4.11      8.54
2011-05-09      0.26                 4.2     12.27
2011-05-10       0.0                5.16     14.63
2011-05-11       7.1                4.52     10.96
2011-05-12      2.07                2.13     12.94
2011-05-13      1.31                3.74     10.15
2011-05-14       0.0                 4.4      13.2
2011-05-15      0.06                4.77     14.21
2011-05-16      7.83                 4.8     14.78
2011-05-17      0.58                3.61     12.43
2011-05-18      0.43                4.18     13.12
2011-05-19       0.0                5.32     18.11
2011-05-20      0.33                4.97     14.93
2011-05-21      0.03                2.46     14.38
2011-05-22       7.5                3.14     11.81
2011-05-23       0.1                3.33     12.95
2011-05-24       0.0                3.44     15.19
2011-05-25       0.0                5.04     19.07
2011-05-26     26.38                4.05     16.98
2011-05-27     20.81                2.11     14.93
2011-05-28      0.06                4.31      17.4
2011-05-29       0.0                6.13     17.05
2011-05-30       0.0                 6.3      16.8
2011-05-31       0.0                4.84     18.22
2011-06-01       0.0                6.47     18.16
2011-06-02       0.0                6.27     20.13
2011-06-03       0.0                5.76     19.64
2011-06-04       0.0                5.97     20.19
2011-06-05      0.89                5.45     15.13
2011-06-06      0.04                5.44     16.68
2011-06-07       0.0                5.79      20.1
2011-06-08      2.73                5.72     19.14
2011-06-09     68.95                1.39     14.06
2011-06-10      0.09                4.71     19.06
2011-06-11       0.0                6.49     20.48
2011-06-12       0.0                5.26      17.2
2011-06-13      1.01                3.93      19.5
2011-06-14      0.14                4.76     20.21
2011-06-15      0.39                2.84      20.5
2011-06-16       0.0                6.43     24.01
2011-06-17      0.01                6.15     20.49
2011-06-18      0.03                 5.9      21.4
2011-06-19       0.1                5.23      17.2
2011-06-20      6.28                2.62     15.14
2011-06-21      7.45                3.08      17.3
2011-06-22       0.0                4.61     23.48
2011-06-23     14.32                3.97      20.0
2011-06-24     10.82                0.73     22.45
2011-06-25     13.43                1.07     21.39
2011-06-26     80.19                0.04     21.95
2011-06-27     74.69                1.69     16.41
2011-06-28     39.11                3.19     14.26
2011-06-29      0.19                2.01     16.99
2011-06-30       0.0                4.28     15.72
2011-07-01      7.39                 4.9     15.78
2011-07-02      1.93                1.94     17.75
2011-07-03      1.01                1.78     20.27
2011-07-04      7.66                1.67     22.44
2011-07-05      6.76                1.81     24.81
2011-07-06     27.25                5.14     22.25
2011-07-07     45.54                2.15      21.7
2011-07-08     40.29                1.05     23.04
2011-07-09     18.26                3.57     20.86
2011-07-10      1.25                2.89     21.87
2011-07-11     26.25                3.05     21.36
2011-07-12     95.81               -0.04     21.92
2011-07-13     25.19                3.33      20.8
2011-07-14     95.01                1.37     23.78
2011-07-15       6.7                2.91     22.19
2011-07-16      88.2               -0.35     22.79
2011-07-17     11.53                1.18     22.35
2011-07-18     10.98                3.81     22.73
2011-07-19     15.46                3.52     24.77
2011-07-20      3.58                4.59     24.53
2011-07-21      10.5                1.87     24.23
2011-07-22      0.72                4.62     26.47
2011-07-23      0.98                3.71     27.03
2011-07-24       0.0                4.88     26.14
2011-07-25      0.28                5.51     27.01
2011-07-26      0.01                5.66      28.2
2011-07-27       0.0                6.06     27.59
2011-07-28      0.33                4.81     22.78
2011-07-29      0.02                4.33     24.29
2011-07-30      0.14                4.28     28.01
2011-07-31      2.84                4.82      26.8
2011-08-01      7.45                3.66     25.48
2011-08-02      7.76                3.24      19.0
2011-08-03     16.95                3.06      20.0
