2011-01-01      0.15                0.83     -5.66
2011-01-02      0.44                 0.6     -2.78
2011-01-03      0.04                0.47     -8.56
2011-01-04       0.0                0.55     -7.31
2011-01-05      0.03                 0.8    -10.73
2011-01-06      0.06                0.55     -13.6
2011-01-07       0.0                0.58     -8.27
2011-01-08      0.99                0.55      2.02
2011-01-09      2.98                0.65    -12.59
2011-01-10      0.16                0.77     -6.65
2011-01-11       0.0                0.85    -18.25
2011-01-12       0.0                0.57     -16.6
2011-01-13      0.01                0.38     -5.13
2011-01-14      0.08                 0.6      0.56
2011-01-15      3.73                0.63      4.04
2011-01-16      3.09                0.35     -9.23
2011-01-17       0.0                0.68    -16.98
2011-01-18       0.0                0.65    -19.79
2011-01-19      0.33                0.67    -16.82
2011-01-20      6.77                 0.4      3.04
2011-01-21      0.81                0.53      -4.4
2011-01-22      4.92                0.33      0.44
2011-01-23      0.33                0.43     -7.09
2011-01-24       1.9                0.22     -2.15
2011-01-25      0.12                0.82     -15.0
2011-01-26      0.03                0.92    -24.59
2011-01-27       0.0                0.43    -18.46
2011-01-28      0.13                0.37    -13.11
2011-01-29       0.0                0.55     -14.6
2011-01-30       0.0                0.45     -9.25
2011-01-31      0.02                0.43     -4.28
2011-02-01      0.13                0.46     -8.31
2011-02-02       0.0                0.94    -12.01
2011-02-03       0.0                0.58    -11.19
2011-02-04      0.23                0.56      2.41
2011-02-05      1.61                0.71       0.6
2011-02-06      0.03                0.56     -8.66
2011-02-07      0.17                0.43     -1.87
2011-02-08      0.01                0.63     -7.25
2011-02-09       0.0                1.52    -12.94
2011-02-10       0.0                0.94     -10.6
2011-02-11      1.84                0.76       0.5
2011-02-12      4.04                1.04    -15.14
2011-02-13      0.03                0.71    -19.09
2011-02-14      0.05                0.46     -9.98
2011-02-15       0.2                0.86    -11.53
2011-02-16      0.03                0.71    -13.74
2011-02-17       0.0                0.84     -8.78
2011-02-18       0.0                0.86     -6.71
2011-02-19      0.07                0.94      0.13
2011-02-20      0.05                 0.0      2.88
2011-02-21      0.27                1.09     -4.79
2011-02-22       0.0                1.47     -1.27
2011-02-23       0.0                0.28       5.2
2011-02-24      0.08               -0.13      5.14
2011-02-25      0.26                0.33       1.7
2011-02-26      5.86                1.07     -0.96
2011-02-27       0.2                1.07     -5.53
2011-02-28      0.02                1.02     -1.14
2011-03-01       2.1                0.53      2.88
2011-03-02      9.82                0.05      4.26
2011-03-03      9.75               -0.76     10.17
2011-03-04      1.56               -1.22      3.96
2011-03-05      0.36                0.51      3.17
2011-03-06      0.02                0.58      0.39
2011-03-07       0.0                2.22     -5.56
2011-03-08       0.0                 2.2     -11.4
2011-03-09       0.0                1.57      -6.2
2011-03-10       0.0                1.48     -5.51
2011-03-11      0.03                2.08     -0.93
2011-03-12      0.01                1.32      0.59
2011-03-13       0.0                1.96     -2.16
2011-03-14       0.0                1.41     -0.84
2011-03-15       0.0                1.46       1.0
2011-03-16       0.0                0.92      2.86
2011-03-17       0.0                1.27      4.63
2011-03-18       0.0                0.97      2.84
2011-03-19       0.0                0.74      5.82
2011-03-20       0.0                1.32      5.67
2011-03-21       0.0                1.46      6.94
2011-03-22      0.01                1.22      5.02
2011-03-23     15.63                0.74      3.75
2011-03-24      4.99               -0.25       2.7
2011-03-25      0.05                0.51      5.54
2011-03-26      0.07                0.23      5.22
2011-03-27      0.08                 2.1      5.16
2011-03-28      0.05                 1.8       2.7
2011-03-29      0.38                1.06      3.86
2011-03-30       0.0                1.43      6.35
2011-03-31      1.23                 2.8      3.56
2011-04-01      4.86                0.85       4.3
2011-04-02      0.05                2.24      4.56
2011-04-03       0.0                2.42      3.74
2011-04-04       0.0                2.17       6.8
2011-04-05       0.0                2.36      9.79
2011-04-06       0.0                2.88      8.67
2011-04-07       0.0                2.66      8.93
2011-04-08      0.44                2.73      6.94
2011-04-09       0.0                2.49      8.66
2011-04-10       0.0                2.98     11.41
2011-04-11      1.62                3.05      3.11
2011-04-12      3.11                1.95       2.9
2011-04-13      0.11                1.69       6.6
2011-04-14       0.0                2.53      7.86
2011-04-15      3.58                3.05      8.02
2011-04-16       0.0                3.22      5.59
2011-04-17     44.39                1.63      2.16
2011-04-18      2.29                 1.3      5.31
2011-04-19       0.0                3.76      8.89
2011-04-20       0.0                3.41     10.95
2011-04-21      0.05                2.32     13.68
2011-04-22      3.18                2.42      9.77
2011-04-23      0.87                0.86     12.82
2011-04-24      0.83                3.86     12.15
2011-04-25       0.0                4.22     15.75
2011-04-26       4.8                4.71      8.24
2011-04-27     10.03                4.85      7.81
2011-04-28       0.0                1.56     10.02
2011-04-29       0.0                3.93     12.99
2011-04-30      1.15                 3.3      9.17
2011-05-01       0.0                4.01     13.03
2011-05-02       0.0                3.95     14.02
2011-05-03      0.07                2.98     14.85
2011-05-04       0.0                3.86     15.56
2011-05-05       0.0                4.59     16.65
2011-05-06       0.0                4.01      17.1
2011-05-07       0.0                4.64      19.4
2011-05-08       0.0                3.44     21.12
2011-05-09      0.07                4.87     13.71
2011-05-10       0.0                5.07      13.8
2011-05-11      1.75                4.74     11.11
2011-05-12      1.58                3.64     11.73
2011-05-13      0.16                2.78     11.65
2011-05-14      0.54                3.73     12.39
2011-05-15      5.28                3.42     13.73
2011-05-16      5.14                3.23     11.58
2011-05-17      0.38                2.56     14.03
2011-05-18      2.12                2.85     18.04
2011-05-19      2.82                2.73     16.78
2011-05-20     16.32                1.55     16.75
2011-05-21      0.59                2.02     19.32
2011-05-22      1.21                3.36      18.8
2011-05-23      0.75                1.56     22.17
2011-05-24      0.67                4.55     15.68
2011-05-25       0.0                5.92     19.42
2011-05-26       0.0                6.27     21.03
2011-05-27      0.64                5.89     18.38
2011-05-28       0.0                5.69     17.85
2011-05-29     11.96                 5.6     11.84
2011-05-30      1.62                2.49     12.58
2011-05-31       3.2                 3.6     15.37
2011-06-01      0.09                4.43     18.78
2011-06-02      0.09                4.74     18.03
2011-06-03       0.0                 5.3     21.69
2011-06-04      6.89                 2.8     18.24
2011-06-05      1.33                1.67     18.43
2011-06-06     23.36                5.47      18.1
2011-06-07       4.4                 2.1     19.99
2011-06-08       0.0                6.55     21.15
2011-06-09       0.0                6.09     19.94
2011-06-10       0.0                5.48     18.91
2011-06-11     14.85                3.94     15.42
2011-06-12     24.05                0.81     21.14
2011-06-13      1.92                3.21      22.6
2011-06-14       4.4                0.79     22.54
2011-06-15      6.51                 2.0     20.59
2011-06-16     14.62                1.29     20.17
2011-06-17      5.83                0.67     23.12
2011-06-18      1.31                4.52     24.15
2011-06-19      1.66                4.86     24.46
2011-06-20      1.92                5.51     23.49
2011-06-21      48.6                3.87     21.08
2011-06-22     22.12                1.39     22.37
2011-06-23       0.3                5.07     26.27
2011-06-24      0.27                6.18     25.63
2011-06-25      3.78                4.49     23.81
2011-06-26      3.65                3.94      23.0
2011-06-27     15.81                3.76      22.0
2011-06-28      1.62                4.25     23.02
2011-06-29     82.15                0.87     19.55
2011-06-30     31.46                1.38     19.87
2011-07-01      1.28                1.21     20.85
2011-07-02       0.0                4.56     22.51
2011-07-03      9.33                3.04     21.91
2011-07-04      5.93                1.59     21.29
2011-07-05      0.08                 5.2     24.47
2011-07-06       0.0                6.24     26.43
2011-07-07       0.0                 6.2     28.07
2011-07-08     15.28                3.67     23.61
2011-07-09      0.48                4.35     24.29
2011-07-10      1.48                3.64     20.73
2011-07-11      0.86                2.46     18.92
2011-07-12      0.41                2.86     21.75
2011-07-13      0.09                4.98     20.65
2011-07-14     10.44                2.15     21.66
2011-07-15     10.39                 2.1     24.18
2011-07-16      5.03                2.59     25.35
2011-07-17      6.96                4.15     25.12
2011-07-18      0.72                4.27     25.02
2011-07-19      0.77                4.71     24.84
2011-07-20      1.39                5.03     23.13
2011-07-21      0.18                3.83     21.88
2011-07-22      0.71                4.28     27.09
2011-07-23      0.15                5.32     25.48
2011-07-24      0.15                5.32     24.62
2011-07-25       0.2                4.38     24.44
2011-07-26       0.0                4.44     26.15
2011-07-27       0.0                5.41     27.46
2011-07-28      2.23                5.42     28.27
2011-07-29     18.93                5.36      27.5
2011-07-30      6.86                4.46     27.28
2011-07-31     12.63                4.56     22.51
2011-08-01      0.39                3.85     27.33
2011-08-02       0.0                4.96     27.44
2011-08-03      0.19                5.01      25.4
