2011-01-01      0.24                0.72     -4.14
2011-01-02      0.43                0.52     -3.38
2011-01-03      0.51                0.43     -8.04
2011-01-04      0.04                0.67     -6.26
2011-01-05      0.02                0.82     -9.77
2011-01-06      0.02                0.77    -15.48
2011-01-07       0.0                0.57     -8.12
2011-01-08       0.0                0.67    -10.72
2011-01-09       0.0                0.53     -4.72
2011-01-10     10.77                 0.3     -0.55
2011-01-11      0.12                0.78     -7.01
2011-01-12       0.3                1.27    -11.91
2011-01-13      0.04                0.87    -14.62
2011-01-14      2.09                0.77    -13.59
2011-01-15      0.35                0.72    -15.16
2011-01-16      0.99                0.52    -13.95
2011-01-17      0.03                0.68     -6.55
2011-01-18       0.1                0.88    -13.64
2011-01-19      0.09                0.72    -16.36
2011-01-20       0.0                0.33     -2.48
2011-01-21      1.39                0.25      1.83
2011-01-22      0.03                0.45     -12.1
2011-01-23      0.01                0.33    -13.61
2011-01-24       0.0                0.45     -9.73
2011-01-25      0.09                0.77    -20.76
2011-01-26      0.03                0.47     -4.47
2011-01-27      0.03                0.93     -9.41
2011-01-28      0.01                1.05    -17.71
2011-01-29      0.01                0.53    -20.26
2011-01-30       0.0                0.45    -13.43
2011-01-31      5.61                0.82     -2.51
2011-02-01      0.65                0.96    -21.18
2011-02-02       0.0                0.74    -20.02
2011-02-03       0.0                0.61    -16.55
2011-02-04       0.0                0.53    -14.34
2011-02-05      0.01                0.33     -4.58
2011-02-06     15.74                0.48      3.91
2011-02-07      0.18                0.53     -1.81
2011-02-08      0.03                1.17    -18.95
2011-02-09       0.0                0.91    -18.96
2011-02-10      0.03                0.61    -13.32
2011-02-11       0.0                1.04    -20.58
2011-02-12       0.0                0.84    -18.55
2011-02-13       0.0                0.48    -12.83
2011-02-14       0.0                0.74    -11.26
2011-02-15       0.0                0.76     -7.05
2011-02-16       0.0                1.22    -13.12
2011-02-17       0.0                0.74     -13.5
2011-02-18      0.19                0.63     -4.97
2011-02-19      0.11                0.69     -2.13
2011-02-20       0.0                2.18     -8.63
2011-02-21      0.05                1.27     -6.02
2011-02-22       0.0                1.42     -6.22
2011-02-23       0.0                1.24      2.04
2011-02-24      0.15                1.37     -0.16
2011-02-25      0.01                0.63     -1.48
2011-02-26      0.02                0.89     -1.84
2011-02-27       0.0                0.84     -1.54
2011-02-28      0.73                 1.4      3.33
2011-03-01     19.18                0.46      1.88
2011-03-02      0.86                0.86     -0.22
2011-03-03       0.0                0.74     -4.52
2011-03-04      0.12                0.83     -1.22
2011-03-05      0.04                1.18     -5.86
2011-03-06       0.0                1.27     -6.02
2011-03-07       0.0                1.02     -1.96
2011-03-08       0.0                0.49     -0.27
2011-03-09      0.63                1.36       0.3
2011-03-10      0.02                 2.1      -2.0
2011-03-11      0.05                1.59      0.56
2011-03-12      0.01                1.53     -2.77
2011-03-13       0.0                 1.8      0.05
2011-03-14      0.66                1.36      4.22
2011-03-15      1.13                0.81      1.04
2011-03-16      0.02                0.81      4.67
2011-03-17      0.36               -0.07     -0.94
2011-03-18      0.09                2.33     -1.52
2011-03-19      0.01                2.36     -0.51
2011-03-20      0.12                1.99     -0.68
2011-03-21      0.59                1.96      -1.1
2011-03-22       0.0                2.24     -0.25
2011-03-23       0.0                1.66      1.15
2011-03-24      0.01                1.41      1.25
2011-03-25       0.0                 1.8       3.0
2011-03-26      0.14                0.99      2.86
2011-03-27      0.24               -0.05      5.65
2011-03-28       0.0                1.27      1.25
2011-03-29       0.0                2.59       2.7
2011-03-30       0.0                2.13      7.91
2011-03-31      7.22                1.27      3.62
2011-04-01      2.43               -0.36      4.24
2011-04-02       0.0                0.73      8.54
2011-04-03      0.26                1.12      7.51
2011-04-04      1.61                 0.8      10.0
2011-04-05      1.49                0.46      5.76
2011-04-06       0.0                1.85     10.88
2011-04-07      0.07                2.66     13.51
2011-04-08      7.72                1.15     10.63
2011-04-09      4.13                0.73      4.94
2011-04-10       0.0                2.86      8.72
2011-04-11       1.7                2.83     11.11
2011-04-12      0.68                2.58     14.91
2011-04-13     33.27                0.69      4.86
2011-04-14     20.15                 2.2       3.5
2011-04-15     16.66                0.53      5.64
2011-04-16       0.0                2.39     13.27
2011-04-17       0.0                3.97     12.38
2011-04-18       0.0                4.03     11.85
2011-04-19      4.92                2.58      8.26
2011-04-20      1.99                0.66      9.44
2011-04-21      0.01                2.44      9.28
2011-04-22      2.56                3.81       7.6
2011-04-23       4.1                4.02      6.48
2011-04-24       0.0                3.68       9.4
2011-04-25       0.0                3.56      9.29
2011-04-26       0.0                1.91     13.42
2011-04-27      0.26                4.27      12.3
2011-04-28      2.42                1.19     13.87
2011-04-29      6.95                0.29     11.33
2011-04-30      0.16                2.85      12.5
2011-05-01       0.0                4.36     12.13
2011-05-02      0.12                1.55      9.12
2011-05-03       0.0                3.42     12.79
2011-05-04      0.74                3.33     13.66
2011-05-05      0.04                5.03     16.83
2011-05-06      1.61                2.88      15.8
2011-05-07      0.44                2.79     13.07
2011-05-08      9.51                2.13     14.79
2011-05-09       0.0                5.26     13.85
2011-05-10       0.0                4.84      15.7
2011-05-11       0.0                3.44     17.37
2011-05-12       0.0                4.93     18.71
2011-05-13      0.11                4.87     13.39
2011-05-14      2.52                5.16     10.23
2011-05-15      4.29                3.03     12.13
2011-05-16      1.72                3.63     11.07
2011-05-17      2.37                3.38     11.16
2011-05-18      0.71                2.69     12.14
2011-05-19      0.04                3.74     11.77
2011-05-20     17.29                4.53     14.81
2011-05-21       0.0                5.61     19.14
2011-05-22      9.88                7.14     14.08
2011-05-23      0.38                4.99     15.48
2011-05-24       0.0                5.53     18.95
2011-05-25      0.19                5.47     14.71
2011-05-26      9.21                2.56     11.46
2011-05-27      2.13                1.78     14.08
2011-05-28      0.44                2.27     12.03
2011-05-29      0.01                2.95     16.83
2011-05-30      0.04                4.33     16.76
2011-05-31       0.1                3.49     17.64
2011-06-01       0.0                5.33     18.06
2011-06-02       0.3                5.29     17.09
2011-06-03       0.3                5.29     18.33
2011-06-04      0.38                4.36     18.11
2011-06-05       0.0                5.32     20.32
2011-06-06       0.0                 6.0      17.9
2011-06-07      0.01                5.45      16.1
2011-06-08       0.0                6.01     21.14
2011-06-09       0.0                 5.5     22.96
2011-06-10       0.0                6.07     25.24
2011-06-11       0.0                 4.4     23.65
2011-06-12      0.09                3.75     24.19
2011-06-13      0.27                4.89     20.08
2011-06-14       0.0                5.08     21.49
2011-06-15       0.0                5.58     23.28
2011-06-16      0.04                5.08      22.8
2011-06-17      0.05                4.38     21.95
2011-06-18     16.54                2.22     22.47
2011-06-19       0.0                6.18     23.43
2011-06-20      0.01                6.18     23.61
2011-06-21      0.09                5.11     23.06
2011-06-22      0.01                5.24     23.24
2011-06-23       0.0                 5.6      25.5
2011-06-24       0.0                5.13     24.89
2011-06-25      0.66                4.25     23.71
2011-06-26     21.78                 2.8      22.2
2011-06-27      8.07                2.36     21.97
2011-06-28     31.72                2.98      20.8
2011-06-29      1.62                1.61     21.51
2011-06-30      4.52                5.32     22.28
2011-07-01     19.52                1.27     24.12
2011-07-02     11.42                3.13     24.47
2011-07-03      8.64                4.63     19.24
2011-07-04       0.6                2.76     20.72
2011-07-05     77.47                1.11     22.12
2011-07-06      1.54                4.27     26.76
2011-07-07      5.43                5.25     24.37
2011-07-08      0.42                3.57     25.04
2011-07-09      0.28                4.91     26.28
2011-07-10      0.15                6.06     23.42
2011-07-11      1.65                2.54     24.05
2011-07-12      4.45                4.28     26.24
2011-07-13      0.28                 4.0     26.81
2011-07-14      2.09                5.28     27.01
2011-07-15       0.0                5.16     25.64
2011-07-16      0.01                5.33     24.28
2011-07-17      0.16                4.91     23.78
2011-07-18      0.18                4.68     23.66
2011-07-19      0.16                4.68     23.83
2011-07-20       0.0                5.26     25.13
2011-07-21      0.84                4.25     24.43
2011-07-22      0.02                5.39     24.76
2011-07-23      0.04                4.91     23.42
2011-07-24      0.08                4.14     22.41
2011-07-25      0.82                2.86     23.47
2011-07-26      2.83                3.19     23.65
2011-07-27      4.63                4.12     24.84
2011-07-28     17.28                4.11     24.11
2011-07-29     11.56                4.71     25.68
2011-07-30      0.58                5.47     26.34
2011-07-31      2.21                5.76     26.52
2011-08-01      1.32                5.12     26.06
2011-08-02       0.0                5.36      25.3
2011-08-03      0.77                4.81      25.0
