2011-01-01      0.22                0.82     -3.14
2011-01-02      0.32                0.42     -2.42
2011-01-03       0.6                0.37     -3.59
2011-01-04       0.0                0.63     -3.69
2011-01-05      1.04                0.78     -2.24
2011-01-06      0.11                0.73    -14.58
2011-01-07       0.0                0.65     -7.28
2011-01-08       0.0                0.72     -6.84
2011-01-09      0.03                0.45     -0.99
2011-01-10      2.58                0.48      -0.4
2011-01-11      0.11                0.63     -12.5
2011-01-12      0.15                0.87     -9.68
2011-01-13       0.0                 1.1    -18.63
2011-01-14      0.01                0.83    -21.31
2011-01-15      0.01                 0.8    -18.73
2011-01-16       0.0                0.77    -16.88
2011-01-17       0.0                0.75    -12.42
2011-01-18       0.0                 0.5    -11.86
2011-01-19      0.08                0.55     -4.82
2011-01-20      0.78                0.95    -15.15
2011-01-21      0.02                0.92    -18.98
2011-01-22       0.0                0.75    -16.89
2011-01-23       0.0                0.65    -12.24
2011-01-24      0.01                0.65     -6.21
2011-01-25      0.71                0.67     -3.95
2011-01-26      0.06                 1.2    -13.58
2011-01-27       0.0                0.78    -17.41
2011-01-28       0.0                0.72    -15.26
2011-01-29      0.01                0.65     -5.66
2011-01-30      0.53                0.55       5.8
2011-01-31      0.11                0.12      5.78
2011-02-01       0.0                1.29      2.06
2011-02-02      1.58                0.99      2.25
2011-02-03      4.72                0.18      4.64
2011-02-04      0.36                0.13     -2.37
2011-02-05      0.08                1.17     -0.29
2011-02-06      0.06                1.73     -8.29
2011-02-07       0.0                1.55      -3.9
2011-02-08      0.33                1.88     -1.59
2011-02-09       0.0                2.28    -13.79
2011-02-10       0.0                1.42    -11.99
2011-02-11      0.07                1.55     -1.57
2011-02-12       0.0                1.52     -7.02
2011-02-13       0.0                1.24     -3.18
2011-02-14     24.45                1.19      3.87
2011-02-15      4.12                0.89      -4.0
2011-02-16       0.0                0.61     -1.91
2011-02-17      0.32                0.96     -0.34
2011-02-18      0.77                0.33     -3.12
2011-02-19      0.01                0.71     -4.09
2011-02-20      0.99                0.99      2.19
2011-02-21      0.58                 1.8    -10.34
2011-02-22      0.08                1.02     -1.57
2011-02-23      0.01                 1.5     -3.42
2011-02-24      0.35                1.27      -4.6
2011-02-25       0.2                1.07     -8.98
2011-02-26       0.0                1.19     -6.68
2011-02-27       0.0                1.19      -3.0
2011-02-28       0.2                1.32     -2.59
2011-03-01       0.0                0.97     -1.56
2011-03-02       0.0                1.22     -3.44
2011-03-03       0.0                1.83     -6.97
2011-03-04      0.24                1.55     -3.22
2011-03-05      0.02                1.55     -6.43
2011-03-06      0.05                1.76     -5.07
2011-03-07      0.32                0.79     -4.47
2011-03-08      0.02                1.48     -3.82
2011-03-09       0.0                1.46     -2.39
2011-03-10      0.03                 1.5      0.43
2011-03-11       0.0                 2.1     -5.51
2011-03-12      0.02                1.71     -3.35
2011-03-13      0.01                1.11     -0.47
2011-03-14       0.0                1.16     -0.97
2011-03-15       0.0                0.88      2.36
2011-03-16      0.68                 0.6      -1.1
2011-03-17      0.01                2.47     -1.99
2011-03-18       0.0                1.29      1.62
2011-03-19       0.0                1.62      1.26
2011-03-20       0.0                 1.2      2.59
2011-03-21      0.11                 0.6      2.29
2011-03-22      0.05                0.53      5.87
2011-03-23       0.0                0.97      8.62
2011-03-24      0.14                1.59     10.88
2011-03-25     21.68               -1.34      6.66
2011-03-26      0.37                2.89     -5.27
2011-03-27      0.51                1.96     -0.62
2011-03-28      0.05                1.39      2.96
2011-03-29      3.89                1.16      2.37
2011-03-30      0.05                0.95      3.49
2011-03-31       0.0                2.38      3.57
2011-04-01       0.0                 1.3      4.21
2011-04-02       0.0                1.42      6.75
2011-04-03      0.01                0.22      7.35
2011-04-04      0.44                0.59      7.26
2011-04-05       0.0                1.59      9.45
2011-04-06       0.0                2.36      6.93
2011-04-07      6.25                1.63       2.7
2011-04-08      1.06                 1.3       5.9
2011-04-09      0.03                1.91      6.51
2011-04-10      2.13                1.93      7.01
2011-04-11      0.88                2.37      9.42
2011-04-12      0.52                1.85      7.63
2011-04-13       0.0                2.44     12.39
2011-04-14       0.0                2.68     10.19
2011-04-15      2.72                2.86      6.97
2011-04-16      2.71                3.27      7.35
2011-04-17      0.39                3.12      9.37
2011-04-18       0.0                2.97     11.24
2011-04-19       3.8                1.83     10.84
2011-04-20      0.21                2.86      9.67
2011-04-21      1.84                3.63       9.3
2011-04-22       0.0                3.37     10.23
2011-04-23      0.05                3.85     12.46
2011-04-24      0.67                3.73     14.82
2011-04-25      1.53                4.34     15.58
2011-04-26      1.69                4.03     12.21
2011-04-27      4.27                1.88      9.67
2011-04-28     11.15                1.68      9.44
2011-04-29      4.61                4.05     13.23
2011-04-30       0.0                4.76     17.28
2011-05-01      0.34                4.52     17.78
2011-05-02     16.65                1.37     10.68
2011-05-03       0.0                4.81     15.89
2011-05-04      0.01                5.18     20.63
2011-05-05     20.87                4.91       8.3
2011-05-06      0.26                2.97     11.57
2011-05-07      0.06                4.59     13.74
2011-05-08       0.0                5.13      14.1
2011-05-09       0.0                4.71     14.38
2011-05-10       0.0                5.09     15.73
2011-05-11      0.04                3.73     14.98
2011-05-12       0.0                4.72     18.06
2011-05-13       0.0                3.95     21.71
2011-05-14       0.0                4.31     20.35
2011-05-15       5.5                4.66     16.22
2011-05-16      0.14                3.35     16.11
2011-05-17       0.0                5.51     20.71
2011-05-18       0.0                5.54     17.94
2011-05-19       0.0                3.86     16.72
2011-05-20       0.0                4.99     16.81
2011-05-21      0.14                2.21     15.69
2011-05-22       0.0                5.09     18.62
2011-05-23      1.75                3.64     14.64
2011-05-24     15.33                 1.9     17.43
2011-05-25      1.38                2.22     14.98
2011-05-26       0.0                5.61     18.35
2011-05-27      0.03                4.84     16.62
2011-05-28       0.0                5.83      20.3
2011-05-29      4.45                4.97     18.53
2011-05-30       0.1                5.69     17.78
2011-05-31       0.0                 5.7     17.44
2011-06-01       0.0                5.24     16.09
2011-06-02       0.0                6.31     19.86
2011-06-03       0.0                 5.2     20.54
2011-06-04       0.0                5.27     22.11
2011-06-05       0.0                 6.4      23.4
2011-06-06       0.0                5.85     19.89
2011-06-07      0.06                4.59     14.54
2011-06-08      0.17                2.89     14.32
2011-06-09      0.87                3.26     13.96
2011-06-10      0.06                3.24     13.83
2011-06-11      0.04                2.74     14.45
2011-06-12      0.02                2.62     15.29
2011-06-13      3.56                4.04     14.88
2011-06-14      1.18                3.76     16.65
2011-06-15      0.53                4.28     18.66
2011-06-16      0.59                3.82     16.58
2011-06-17      0.49                4.28      18.7
2011-06-18      0.21                4.21     22.47
2011-06-19       0.0                5.17     23.95
2011-06-20       0.0                5.69     23.19
2011-06-21       0.0                 5.3     23.88
2011-06-22      9.38                4.19     20.78
2011-06-23      2.92                1.99     20.45
2011-06-24      0.48                3.64     19.79
2011-06-25     11.41                2.31     17.77
2011-06-26      3.82                1.45      21.1
2011-06-27      2.04                4.55     23.53
2011-06-28      1.88                4.59     22.74
2011-06-29      1.36                 3.3      25.1
2011-06-30      3.33                5.51     26.16
2011-07-01     11.62                5.66     25.74
2011-07-02      0.01                5.16     23.79
2011-07-03      0.46                4.71     23.57
2011-07-04      0.01                4.78     23.85
2011-07-05       0.0                5.17      26.9
2011-07-06       0.0                4.47     25.45
2011-07-07      1.83                4.27     23.29
2011-07-08      0.01                 4.9     22.36
2011-07-09       0.2                4.57     22.68
2011-07-10      0.46                3.87     20.63
2011-07-11      1.26                 1.9     21.22
2011-07-12      1.04                1.23     25.66
2011-07-13     21.98                2.84      23.1
2011-07-14     64.42                0.35     23.57
2011-07-15      45.5                0.51     24.69
2011-07-16      1.93                4.09     26.43
2011-07-17       5.3                4.57     26.42
2011-07-18      3.05                4.21     26.04
2011-07-19     11.14                4.85     23.99
2011-07-20      0.14                4.37     26.19
2011-07-21      0.14                3.04     26.81
2011-07-22      1.24                3.89     26.23
2011-07-23       1.0                3.51     26.11
2011-07-24     25.63                3.22     22.39
2011-07-25     89.86                1.07     22.78
2011-07-26     39.64                0.91     23.91
2011-07-27      1.45                5.03     24.21
2011-07-28       7.1                2.53     25.36
2011-07-29      6.79                3.76     25.19
2011-07-30      1.51                3.42     25.27
2011-07-31      0.71                3.83      27.3
2011-08-01      3.29                4.91     25.05
2011-08-02       2.6                3.12     26.61
2011-08-03      7.39                2.99     26.93
