2011-01-01      0.31                0.78     -1.71
2011-01-02       0.6                0.52     -1.81
2011-01-03      0.64                0.43     -7.23
2011-01-04       0.0                0.73     -7.01
2011-01-05       0.0                0.73    -11.65
2011-01-06      0.03                0.63      -8.2
2011-01-07       0.0                1.02    -13.37
2011-01-08       0.0                0.58    -13.19
2011-01-09      0.03                 0.7     -3.49
2011-01-10      2.02                 0.5    -10.69
2011-01-11       0.0                0.98    -20.29
2011-01-12      0.36                0.63     -7.06
2011-01-13      0.47                1.02    -20.12
2011-01-14      0.01                0.97    -19.78
2011-01-15       0.0                0.52    -15.11
2011-01-16       0.0                0.48    -11.42
2011-01-17      0.05                0.57     -8.95
2011-01-18       0.0                0.73    -10.66
2011-01-19      1.03                0.75     -8.12
2011-01-20      0.01                0.92    -15.51
2011-01-21       0.0                0.72    -19.45
2011-01-22       0.0                0.57    -15.47
2011-01-23       0.0                0.62    -13.43
2011-01-24      0.15                0.43     -1.44
2011-01-25      0.18                0.45     -7.69
2011-01-26      2.82                0.78     -6.79
2011-01-27       0.0                1.13    -18.99
2011-01-28       0.0                0.62    -13.45
2011-01-29      0.01                0.62     -6.96
2011-01-30      0.22                0.57       5.4
2011-01-31      0.24                 0.7     -3.97
2011-02-01      0.71                1.29      0.57
2011-02-02       0.0                1.98    -10.01
2011-02-03       0.0                1.57    -14.79
2011-02-04      1.33                1.27      -0.1
2011-02-05      1.07                1.22    -10.87
2011-02-06       0.0                0.89    -14.87
2011-02-07       0.0                0.79    -10.97
2011-02-08      0.41                1.45     -2.48
2011-02-09       0.8                0.61     -0.65
2011-02-10      0.06                0.91     -7.43
2011-02-11       0.0                0.76     -4.44
2011-02-12      0.03                1.29    -10.18
2011-02-13       0.0                1.42     -15.1
2011-02-14       0.0                1.55    -10.12
2011-02-15      0.02                1.78    -11.67
2011-02-16       0.0                1.29    -11.29
2011-02-17       0.0                1.47     -7.22
2011-02-18       0.0                 1.8     -5.88
2011-02-19      0.16                1.65     -4.83
2011-02-20      1.11                0.86     -10.4
2011-02-21       0.0                1.42     -9.49
2011-02-22       0.0                1.37     -5.33
2011-02-23      0.53                0.74     -3.72
2011-02-24      0.01                1.65     -5.13
2011-02-25      2.04                0.66     -1.39
2011-02-26      1.37                2.11    -10.36
2011-02-27      0.01                1.78    -14.62
2011-02-28       0.4                1.14      0.04
2011-03-01      0.07                0.92     -6.48
2011-03-02       0.0                1.36     -0.99
2011-03-03      0.52                1.76      2.78
2011-03-04      2.25                0.21      4.65
2011-03-05      2.44                0.18     -0.65
2011-03-06       0.0                2.93    -10.68
2011-03-07       0.0                2.73     -8.84
2011-03-08      0.07                1.46      0.08
2011-03-09      0.41                1.41     -0.88
2011-03-10       0.0                2.08     -3.13
2011-03-11      0.01                1.43     -4.34
2011-03-12      0.11                1.41     -5.11
2011-03-13       0.0                1.36     -0.84
2011-03-14      0.26                0.72      3.62
2011-03-15      2.34                1.09      3.75
2011-03-16       0.0                0.81      2.48
2011-03-17      0.07                0.46      3.73
2011-03-18      0.01                0.88      3.01
2011-03-19      0.05                1.85      1.05
2011-03-20      0.01                1.11      2.07
2011-03-21      0.48                1.18       2.4
2011-03-22      0.14                0.32      4.15
2011-03-23      0.65                0.81       4.0
2011-03-24      8.32                0.74      3.32
2011-03-25      0.03                1.18      4.07
2011-03-26       0.0                1.99      4.36
2011-03-27      0.06                 2.1       0.7
2011-03-28      0.01                2.61      1.08
2011-03-29       0.0                1.89      0.55
2011-03-30       0.0                1.59      3.76
2011-03-31       0.0                1.25      4.49
2011-04-01      5.65                1.47      2.08
2011-04-02      3.58                1.69      2.47
2011-04-03      0.73                1.53      4.88
2011-04-04      0.01                1.24      5.92
2011-04-05       0.0                1.25      7.27
2011-04-06       0.8                1.44      5.64
2011-04-07       1.7                2.19      9.02
2011-04-08       0.0                1.95      7.78
2011-04-09      0.42                2.07      4.25
2011-04-10      4.73                1.47      2.73
2011-04-11      1.56                1.86      1.87
2011-04-12      3.83                1.91      2.06
2011-04-13      4.31                0.24      6.02
2011-04-14      0.35                1.86      6.03
2011-04-15      0.36                2.47      6.46
2011-04-16       0.0                2.56      9.84
2011-04-17       0.0                2.64     11.74
2011-04-18      0.33                2.15     13.96
2011-04-19       0.9                1.61     11.53
2011-04-20       0.0                 4.0     18.36
2011-04-21       3.6                2.91     10.37
2011-04-22       0.0                3.49     13.69
2011-04-23      0.35                3.66     10.49
2011-04-24      3.67                2.08       8.9
2011-04-25       0.0                3.86      9.24
2011-04-26       0.0                3.78     11.61
2011-04-27      0.34                4.05     14.92
2011-04-28       0.0                4.42     16.52
2011-04-29      0.01                3.98     11.74
2011-04-30      0.05                1.59     11.71
2011-05-01       0.0                3.68     14.72
2011-05-02       0.0                3.11     16.02
2011-05-03       0.4                1.86     15.38
2011-05-04      0.07                3.16     12.39
2011-05-05       0.0                4.11     13.01
2011-05-06       0.0                4.25     16.37
2011-05-07      6.19                3.57     10.68
2011-05-08      0.17                2.92     18.35
2011-05-09       0.0                4.49     16.77
2011-05-10       0.0                 4.4     17.34
2011-05-11       0.0                4.08     17.86
2011-05-12      0.61                3.77     17.24
2011-05-13      0.59                2.28     18.69
2011-05-14      0.14                2.84     20.33
2011-05-15       0.0                4.56     20.51
2011-05-16     11.46                3.64     15.49
2011-05-17      0.29                4.02     14.28
2011-05-18      0.19                4.69     16.14
2011-05-19       0.0                5.09      19.9
2011-05-20      0.72                4.81      14.8
2011-05-21      3.41                1.84     15.61
2011-05-22       0.0                5.48     19.03
2011-05-23       0.0                5.22     20.04
2011-05-24       0.0                4.64     18.23
2011-05-25       0.0                4.77     20.83
2011-05-26       0.0                5.07     24.76
2011-05-27      5.86                5.16     19.91
2011-05-28     19.37                2.09     14.95
2011-05-29       0.0                 5.5     18.11
2011-05-30      2.79                3.22     16.15
2011-05-31      0.14                 3.3     15.61
2011-06-01       0.0                4.86     15.89
2011-06-02       0.0                5.85     19.22
2011-06-03       0.0                 5.5     20.55
2011-06-04      0.12                3.81     17.07
2011-06-05      0.01                3.48     15.62
2011-06-06       0.0                4.92     17.45
2011-06-07      0.15                4.92     17.16
2011-06-08      0.09                3.19     18.35
2011-06-09      2.96                1.44     16.77
2011-06-10      1.31                3.44      18.1
2011-06-11      0.05                5.23     22.47
2011-06-12       0.0                5.79     27.66
2011-06-13       0.0                5.18     24.71
2011-06-14      0.01                 4.1     25.37
2011-06-15      0.04                5.17     25.46
2011-06-16      0.01                5.54     22.93
2011-06-17       0.0                5.36     23.49
2011-06-18       0.0                4.67     22.49
2011-06-19       0.0                4.99     25.53
2011-06-20       0.0                 4.5      26.3
2011-06-21     16.23                4.34     23.76
2011-06-22     11.03                3.53     21.63
2011-06-23      2.97                2.18     22.75
2011-06-24      0.05                4.59     26.73
2011-06-25      0.33                 5.2     25.54
2011-06-26     11.42                4.67     23.02
2011-06-27     13.19                2.56     22.36
2011-06-28     12.73                0.93     24.13
2011-06-29     37.26                2.37     23.64
2011-06-30      7.81                1.91     23.14
2011-07-01     12.05                1.13     24.25
2011-07-02     16.85                2.31     24.11
2011-07-03      2.36                5.04     24.45
2011-07-04       0.0                4.06     23.93
2011-07-05      1.26                4.18     25.91
2011-07-06      7.81                5.26     24.19
2011-07-07     40.28                3.42     23.69
2011-07-08     48.07                2.66     20.62
2011-07-09       0.0                5.76     21.04
2011-07-10       0.0                6.05     23.04
2011-07-11      0.16                4.82     19.78
2011-07-12      0.02                3.67     18.62
2011-07-13       0.0                5.11     20.25
2011-07-14      1.12                5.52     19.84
2011-07-15      2.64                 4.4      19.8
2011-07-16     31.98                1.81     20.85
2011-07-17      1.11                2.79     22.79
2011-07-18      9.52                5.13     21.94
2011-07-19     24.52                4.02      18.1
2011-07-20     44.51                2.43     18.71
2011-07-21     35.86                1.46     16.82
2011-07-22     15.52                1.93     16.44
2011-07-23      33.2                1.23      17.9
2011-07-24      6.13                0.99     22.89
2011-07-25      4.59                2.05     23.74
2011-07-26      4.44                2.81     26.08
2011-07-27      9.06                3.92     25.96
2011-07-28     16.72                1.84     23.93
2011-07-29     36.18                0.75     23.61
2011-07-30      7.08                2.24     24.65
2011-07-31     21.79                3.52     22.72
2011-08-01      3.57                 1.9     24.33
2011-08-02     14.39                2.14     25.32
2011-08-03      9.14                3.99     21.07
