2011-01-01      0.11                0.57     -2.28
2011-01-02       0.6                0.37      0.33
2011-01-03      0.08                0.22     -4.19
2011-01-04       0.0                0.35     -5.23
2011-01-05       0.0                0.43     -5.83
2011-01-06      0.03                0.33     -8.34
2011-01-07       0.0                0.58     -9.36
2011-01-08      0.01                0.38     -5.45
2011-01-09      0.04                0.42     -6.28
2011-01-10      0.02                0.55    -14.05
2011-01-11       0.0                0.55    -13.26
2011-01-12      0.23                0.38      -4.7
2011-01-13       0.0                0.72    -11.62
2011-01-14       0.0                0.45     -10.4
2011-01-15      0.01                0.55     -9.21
2011-01-16      0.01                0.67     -17.4
2011-01-17      0.17                 0.5     -2.71
2011-01-18      0.09                0.47     -6.93
2011-01-19      0.01                0.63    -13.58
2011-01-20       0.0                0.33    -11.43
2011-01-21      0.02                0.27     -7.65
2011-01-22      0.01                0.37     -8.18
2011-01-23       0.0                0.27     -4.45
2011-01-24      0.01                0.18      1.48
2011-01-25      2.15                 0.2      2.52
2011-01-26      0.13                0.48     -7.45
2011-01-27      0.17                 0.5     -1.82
2011-01-28      1.01                 0.1      2.24
2011-01-29      3.94                0.32     -9.46
2011-01-30      0.62                1.27     -6.11
2011-01-31      0.01                 1.0    -14.36
2011-02-01       0.0                0.96    -10.74
2011-02-02      0.84                0.63     -5.01
2011-02-03      0.12                1.42     -20.8
2011-02-04      0.01                0.89    -22.53
2011-02-05       0.0                0.86    -20.94
2011-02-06       0.0                1.07    -17.11
2011-02-07       0.0                0.89    -10.12
2011-02-08       0.0                0.86     -9.64
2011-02-09      5.67                0.89      3.88
2011-02-10      0.66                1.22     -9.57
2011-02-11       0.0                1.29    -10.26
2011-02-12      0.02                1.04     -8.44
2011-02-13      0.81                0.89     -3.44
2011-02-14       0.2                1.93     -17.9
2011-02-15       0.0                1.29    -17.83
2011-02-16       0.0                1.14    -12.36
2011-02-17       0.0                1.22     -11.3
2011-02-18      0.44                1.19     -5.18
2011-02-19      0.39                0.69    -11.81
2011-02-20       0.0                1.35      1.42
2011-02-21      3.15               -0.81      5.22
2011-02-22       0.5                0.81      1.87
2011-02-23      2.82                1.04      1.27
2011-02-24      0.24                0.63     -2.53
2011-02-25      0.01                 1.9     -0.19
2011-02-26      5.64                0.81     -1.11
2011-02-27      1.33                0.74     -1.09
2011-02-28      0.94                0.91     -2.18
2011-03-01       0.0                1.53    -10.56
2011-03-02      0.05                1.16     -3.93
2011-03-03      0.19                0.83     -3.02
2011-03-04      0.16                1.43     -1.99
2011-03-05      0.34                0.92      2.85
2011-03-06       1.7                0.76     -0.89
2011-03-07      0.05                1.04      -2.3
2011-03-08      7.28                0.86     -0.12
2011-03-09      1.72                0.62     -6.51
2011-03-10      0.12                1.25     -0.04
2011-03-11      0.58                0.37      2.28
2011-03-12      0.22                0.65     -4.39
2011-03-13       0.0                1.18       0.8
2011-03-14       0.0                 1.5      2.07
2011-03-15       0.4                0.14      3.46
2011-03-16      0.06                1.69     -3.55
2011-03-17      0.09                1.11     -0.36
2011-03-18       0.0                1.64      3.13
2011-03-19      7.35                0.23      5.03
2011-03-20       0.0                0.62      5.49
2011-03-21       0.0                0.83      0.64
2011-03-22      0.12                1.71       2.9
2011-03-23      0.08                1.27      6.25
2011-03-24       0.0                1.48      6.89
2011-03-25       0.0                1.34       8.5
2011-03-26     14.71                0.46      4.87
2011-03-27      2.62                 1.5      6.23
2011-03-28       0.0                 2.1      7.26
2011-03-29      2.63                1.78      5.85
2011-03-30      1.38                3.14      4.49
2011-03-31      9.15                 0.6       3.2
2011-04-01     11.09                0.75      1.91
2011-04-02      1.83                0.92      2.51
2011-04-03      0.16                0.97      5.16
2011-04-04       0.0                1.27      8.52
2011-04-05      2.77                1.51     10.38
2011-04-06     10.57                0.69     10.23
2011-04-07      0.86                0.85     11.42
2011-04-08      8.64                1.07       4.8
2011-04-09       0.0                2.22      5.13
2011-04-10      0.31                1.75      7.44
2011-04-11      0.26                2.15      7.91
2011-04-12       0.0                2.76      9.85
2011-04-13      2.19                 1.9     10.17
2011-04-14      0.17                2.29     13.02
2011-04-15       0.0                3.24     12.21
2011-04-16       0.0                2.61     11.67
2011-04-17       0.0                1.93      8.21
2011-04-18      0.11                 3.1      7.34
2011-04-19      0.06                3.17     10.52
2011-04-20      0.37                3.22      9.43
2011-04-21       0.0                 3.1     13.81
2011-04-22       0.0                 3.8     17.08
2011-04-23      0.52                4.08     13.68
2011-04-24       0.0                3.32     13.33
2011-04-25       0.0                 4.2     14.78
2011-04-26      0.11                4.08     10.24
2011-04-27      0.99                3.51     12.97
2011-04-28       0.0                4.13     14.69
2011-04-29      0.76                3.54     10.52
2011-04-30      1.18                 2.2     13.69
2011-05-01       0.0                3.89     13.83
2011-05-02       0.0                4.24     14.81
2011-05-03       0.0                4.24     17.22
2011-05-04      4.96                4.37     12.61
2011-05-05     27.61                0.64     14.66
2011-05-06      0.84                2.78     14.41
2011-05-07      0.05                3.42     15.87
2011-05-08      0.12                3.87     11.67
2011-05-09      0.29                4.31     13.91
2011-05-10       0.0                5.19     15.56
2011-05-11       0.0                4.77     17.21
2011-05-12       0.0                4.27     17.44
2011-05-13      0.44                 2.4     12.76
2011-05-14      0.92                 1.8     10.38
2011-05-15      4.55                1.16      8.91
2011-05-16      0.72                2.06     13.74
2011-05-17      0.02                3.95     10.49
2011-05-18      0.06                2.27     10.37
2011-05-19       0.0                3.28     12.95
2011-05-20      0.01                3.64     16.27
2011-05-21       0.0                4.83     20.23
2011-05-22       0.0                5.76      20.5
2011-05-23       0.1                5.28     18.38
2011-05-24       0.0                 4.3     15.44
2011-05-25      2.89                2.66     15.49
2011-05-26      4.83                2.65     17.06
2011-05-27      15.8                3.73     10.05
2011-05-28      4.56                3.76     13.34
2011-05-29       0.0                 4.9      16.6
2011-05-30       0.0                5.02     17.05
2011-05-31      1.92                4.75     13.62
2011-06-01      0.06                4.49     15.26
2011-06-02     20.43                3.29     10.71
2011-06-03      0.18                3.19     16.57
2011-06-04      0.05                4.49     18.35
2011-06-05      3.32                5.17     17.56
2011-06-06       0.0                6.12     18.62
2011-06-07       0.0                6.78     21.16
2011-06-08       0.0                5.14     22.09
2011-06-09      0.19                4.76     13.34
2011-06-10     13.57                2.07     11.35
2011-06-11      7.51                1.93     15.64
2011-06-12       0.0                3.78     15.53
2011-06-13      0.09                5.01     19.28
2011-06-14      0.42                4.28     17.32
2011-06-15      0.44                4.98     16.51
2011-06-16      6.36                6.31     16.19
2011-06-17       0.0                5.29     20.36
2011-06-18       0.0                5.39     21.86
2011-06-19      0.04                 5.7     20.31
2011-06-20     10.46                5.11     15.82
2011-06-21     10.84                 2.3     16.69
2011-06-22      1.12                 3.6     19.66
2011-06-23      0.92                 4.9     18.64
2011-06-24      0.01                5.36     23.11
2011-06-25      0.25                4.37     21.04
2011-06-26       2.6                5.04     20.12
2011-06-27      0.63                 4.1     18.67
2011-06-28       0.0                5.76     21.21
2011-06-29      0.26                5.45     20.95
2011-06-30      0.04                5.21     22.17
2011-07-01     35.35                4.87     17.43
2011-07-02       1.6                1.86     21.18
2011-07-03      0.68                4.31     22.02
2011-07-04      2.51                2.18     21.76
2011-07-05       3.9                3.84     22.84
2011-07-06     12.04                2.69     22.78
2011-07-07      28.4                3.65     20.35
2011-07-08       8.4                2.82     18.53
2011-07-09      6.54                 1.8     20.71
2011-07-10      1.26                2.82     21.83
2011-07-11      0.42                4.97      23.7
2011-07-12     21.63                3.38     24.31
2011-07-13     21.63                3.49     23.69
2011-07-14     27.52                 0.5     23.51
2011-07-15     16.76                1.01     24.88
2011-07-16     15.15                2.97     25.38
2011-07-17      2.37                2.63     25.97
2011-07-18      3.48                4.09     25.54
2011-07-19      6.53                3.76     25.59
2011-07-20     54.23                4.08     23.31
2011-07-21     11.62                 1.2     23.09
2011-07-22      7.36                3.29      25.5
2011-07-23      4.34                4.17     25.53
2011-07-24       7.5                3.98     24.63
2011-07-25      0.73                4.71     26.19
2011-07-26      0.68                4.92     26.44
2011-07-27      0.14                5.52     25.26
2011-07-28       0.0                5.11     27.74
2011-07-29       0.0                6.28     24.83
2011-07-30       0.0                5.93     22.29
2011-07-31       0.0                5.89     27.55
2011-08-01      2.59                4.21     25.37
2011-08-02     13.06                3.26      25.2
2011-08-03     36.51                 3.3     23.75
