99000   10.0001   23  -13    0

            2.0        2.00000        2.00001      K1
           20.0       20.00000       20.00001      K2
         0.3185            0.0            0.9      A2
         0.0789            0.0            0.5      A1
         0.1824            0.0            0.5      A0
         0.0500            0.0            0.3      B1
         0.0406            0.0            0.3      B0
         0.0064            0.0            0.2      C1
         0.0048            0.0            0.2      C0
         0.0005      0.0002182      0.0002183      D1
           25.0       40.00000       40.00001      HA2
           15.0       15.00000       15.00001      HA1
           15.0       0.000000       0.000001      HB
           10.0       0.000000       0.000001      HC
            0.6       0.000000       0.999999      U1
            0.3       0.000000       0.999999      U2
           10.0            0.0           10.0 SNOSTOR0
            2.0            4.0           15.0   TRAIN
           -1.0          -10.0            4.0   TSNOW
            0.5           0.00            1.0 MELTMAX
            1.0            1.0            5.0   ALPHA
