2011-01-01      0.39                 0.5     -9.04
2011-01-02      1.14                 0.3     -9.47
2011-01-03       1.0                0.26    -12.62
2011-01-04      0.02                 0.4    -10.29
2011-01-05      0.13                0.52    -16.86
2011-01-06      0.01                 0.5    -21.07
2011-01-07      0.03                 0.4     -13.3
2011-01-08       0.0                0.43    -16.16
2011-01-09       0.0                0.38    -13.73
2011-01-10      6.49                0.33     -9.63
2011-01-11      0.03                0.47    -21.72
2011-01-12       0.0                 0.4    -14.45
2011-01-13      1.45                0.52     -8.81
2011-01-14      0.07                0.57    -22.62
2011-01-15      0.02                0.47    -25.58
2011-01-16      0.01                0.38    -22.32
2011-01-17      0.01                0.37    -24.56
2011-01-18      0.02                0.34    -22.89
2011-01-19      0.29                0.32    -13.05
2011-01-20      0.22                0.56    -13.05
2011-01-21      0.42                0.54      -7.2
2011-01-22       0.0                 0.7    -23.01
2011-01-23       0.0                0.53    -21.49
2011-01-24       0.0                0.49    -21.39
2011-01-25      0.25                0.54     -24.5
2011-01-26       0.0                0.49     -24.7
2011-01-27       0.0                0.56    -19.83
2011-01-28       0.0                0.53    -20.24
2011-01-29      0.02                0.45    -19.85
2011-01-30       0.0                0.37     -20.2
2011-01-31       0.0                0.39    -18.52
2011-02-01       0.0                0.46    -19.21
2011-02-02       0.0                0.42    -21.13
2011-02-03       0.0                0.43    -21.66
2011-02-04      0.01                0.43    -22.51
2011-02-05       0.0                0.37    -21.78
2011-02-06       0.0                0.37    -17.07
2011-02-07      0.05                0.37    -15.55
2011-02-08       0.0                0.35    -13.76
2011-02-09      0.01                0.36    -11.79
2011-02-10      0.08                0.36     -5.91
2011-02-11      3.16                0.29     -6.09
2011-02-12      0.15                0.45    -12.03
2011-02-13       0.0                0.52     -9.81
2011-02-14      0.72                0.37     -4.94
2011-02-15      1.26                0.71    -16.34
2011-02-16      0.78                0.79    -20.89
2011-02-17       0.0                 0.4    -14.38
2011-02-18      0.61                0.54     -14.4
2011-02-19       0.0                0.62      -8.5
2011-02-20      0.02                0.69    -10.17
2011-02-21       0.0                0.48     -6.59
2011-02-22      0.22                0.33     -1.67
2011-02-23      0.35                0.49     -4.82
2011-02-24      9.16                0.07     -7.49
2011-02-25      0.43                0.51    -11.68
2011-02-26       0.0                0.76    -15.61
2011-02-27      0.03                0.55     -6.78
2011-02-28      0.05                0.36     -2.42
2011-03-01      0.05                0.33       0.5
2011-03-02     15.59                0.34      0.57
2011-03-03      4.82                1.03     -1.76
2011-03-04      0.05                0.65     -8.58
2011-03-05       0.0                0.75      0.76
2011-03-06       0.0                0.01      2.08
2011-03-07       0.0                1.45     -3.87
2011-03-08      0.02                0.88      0.76
2011-03-09      4.21                0.51      4.94
2011-03-10      0.12                0.36      2.06
2011-03-11       0.0                0.47      3.55
2011-03-12       0.0                0.49      4.58
2011-03-13       0.0                0.48      7.74
2011-03-14      0.86                 0.9     -0.31
2011-03-15       0.0                0.92      3.38
2011-03-16       0.0                0.62       9.5
2011-03-17      2.87                0.48      2.15
2011-03-18     12.21                 0.3      1.66
2011-03-19      0.27                1.25     -0.05
2011-03-20       0.0                 0.5      1.67
2011-03-21      1.84                0.76       2.2
2011-03-22       2.6                0.45      0.21
2011-03-23       0.0                 1.0      3.58
2011-03-24       0.0                0.65      4.65
2011-03-25       0.0                0.83      1.82
2011-03-26       0.0                0.66       2.1
2011-03-27       0.0                0.86      6.34
2011-03-28      0.12                1.12      7.67
2011-03-29      0.41                0.35      7.48
2011-03-30      0.08                0.61      6.66
2011-03-31       0.0                 1.0      6.07
2011-04-01      3.91                1.11      2.28
2011-04-02      4.37                1.07      4.05
2011-04-03       0.0                1.59      5.99
2011-04-04       0.0                1.34      6.77
2011-04-05       0.0                1.32      5.56
2011-04-06      2.33                1.43      7.65
2011-04-07       0.0                1.68      5.14
2011-04-08      1.36                 1.6      4.88
2011-04-09      1.38                1.65      3.61
2011-04-10       0.0                1.55      5.53
2011-04-11      0.25                1.49      8.88
2011-04-12      8.51                1.87       2.9
2011-04-13      0.05                1.51      4.04
2011-04-14      7.02                1.74      7.18
2011-04-15      1.89                1.37      5.65
2011-04-16      4.02                1.81      6.54
2011-04-17       0.0                 1.8      5.31
2011-04-18       0.0                 1.6      6.62
2011-04-19       0.0                1.61      7.73
2011-04-20      0.04                1.88      4.86
2011-04-21       0.0                1.78       8.1
2011-04-22      4.99                1.83      1.11
2011-04-23       0.3                 1.6      4.21
2011-04-24      0.25                1.79      6.24
2011-04-25      0.05                2.05      7.18
2011-04-26      0.29                1.67      9.57
2011-04-27       0.0                2.24     11.66
2011-04-28      0.07                2.05     13.74
2011-04-29      8.17                1.63     11.13
2011-04-30      2.16                 1.2     12.62
2011-05-01      0.07                1.23     11.23
2011-05-02      0.34                1.77      9.51
2011-05-03      4.89                1.66      13.2
2011-05-04      6.97                0.92     11.43
2011-05-05      0.72                2.55      9.77
2011-05-06      4.14                1.01      11.7
2011-05-07     11.84                1.27      7.54
2011-05-08     27.95                0.45      8.88
2011-05-09      1.04                3.25     10.36
2011-05-10      1.89                3.11     10.58
2011-05-11       0.0                3.16     13.04
2011-05-12       0.0                3.51     15.41
2011-05-13      0.58                2.84     13.72
2011-05-14     16.48                1.53     11.37
2011-05-15       0.0                3.21     16.08
2011-05-16      0.05                2.33      13.1
2011-05-17       0.0                3.65     12.86
2011-05-18       0.0                3.93     16.19
2011-05-19      0.07                3.52      13.8
2011-05-20       0.0                2.97     18.79
2011-05-21      0.01                3.38     16.33
2011-05-22       0.0                3.44     19.39
2011-05-23      0.46                2.53     17.14
2011-05-24       0.0                3.34      22.3
2011-05-25      2.59                3.75     17.84
2011-05-26     13.11                2.17      13.8
2011-05-27      0.29                4.06     13.85
2011-05-28      0.05                3.54     15.67
2011-05-29       0.0                 3.9     18.32
2011-05-30       0.0                4.02     20.84
2011-05-31       0.0                3.85      17.8
2011-06-01      19.7                2.07     13.26
2011-06-02      48.5                1.39     13.69
2011-06-03      0.86                2.04     16.01
2011-06-04      0.53                3.91     17.19
2011-06-05      0.17                3.08     16.33
2011-06-06      0.14                2.94     15.41
2011-06-07      1.13                2.68     16.11
2011-06-08     39.17                2.83     17.27
2011-06-09      0.74                3.23     16.98
2011-06-10       0.4                 2.3     14.91
2011-06-11      2.57                1.59     15.64
2011-06-12      1.64                2.62     17.62
2011-06-13       1.0                3.08     21.06
2011-06-14      0.24                3.65     22.91
2011-06-15      0.13                3.97     19.05
2011-06-16       0.0                 4.0      19.6
2011-06-17       0.0                3.53     17.36
2011-06-18      0.17                2.07     16.54
2011-06-19      0.31                2.29     15.64
2011-06-20      2.95                1.27     15.88
2011-06-21      0.56                1.71     20.74
2011-06-22      0.65                3.61     19.76
2011-06-23      4.14                2.95     20.91
2011-06-24     17.35                1.93     18.36
2011-06-25       0.0                4.62     19.61
2011-06-26       0.0                4.77     20.27
2011-06-27       0.0                4.17     23.42
2011-06-28       0.0                 4.7     25.64
2011-06-29      0.09                3.72     20.16
2011-06-30      5.33                0.66     19.49
2011-07-01     17.81                0.76     21.08
2011-07-02     14.45                 2.7     20.42
2011-07-03      6.49                2.28     21.56
2011-07-04      2.83                2.83     22.69
2011-07-05      2.98                 2.1     23.87
2011-07-06       0.0                3.94      26.0
2011-07-07       0.0                 4.0     22.78
2011-07-08      0.18                3.66     20.51
2011-07-09       0.0                3.21     20.18
2011-07-10      0.03                3.78     19.95
2011-07-11      0.01                3.41     22.45
2011-07-12      1.42                3.47     23.92
2011-07-13       0.0                3.57     22.97
2011-07-14      4.84                3.75     20.58
2011-07-15      4.37                1.78     20.59
2011-07-16      0.12                3.26     20.56
2011-07-17      0.29                3.33     21.12
2011-07-18      0.95                3.02     18.73
2011-07-19      3.99                2.87     18.44
2011-07-20      0.01                2.88     18.78
2011-07-21       0.0                3.36     21.75
2011-07-22      0.12                3.31     23.83
2011-07-23       0.0                 3.5     23.14
2011-07-24      2.22                 3.4      21.5
2011-07-25     44.91                1.17     22.44
2011-07-26      1.52                2.65     23.27
2011-07-27      1.07                3.09     23.31
2011-07-28      2.95                2.06     24.01
2011-07-29      12.5                1.77     22.39
2011-07-30      3.44                2.53     24.83
2011-07-31      1.18                3.07     23.94
2011-08-01       5.3                3.83     23.09
2011-08-02       5.8                3.03     18.12
2011-08-03      18.4                1.71     19.64
