2011-01-01      0.31                0.45     -8.72
2011-01-02      2.02                0.31     -5.96
2011-01-03      0.41                0.28    -12.62
2011-01-04       0.0                0.38     -11.8
2011-01-05      0.17                0.37     -14.4
2011-01-06      1.01                 0.4    -19.68
2011-01-07      0.02                 0.4    -14.48
2011-01-08       0.0                 0.4     -7.87
2011-01-09       0.0                0.38     -7.65
2011-01-10      0.76                0.26     -4.98
2011-01-11      2.14                0.27     -14.6
2011-01-12      0.53                0.45     -13.4
2011-01-13      0.31                0.51     -22.1
2011-01-14      0.05                0.36    -22.15
2011-01-15       0.0                0.34    -18.31
2011-01-16       0.9                0.39    -19.77
2011-01-17      0.02                0.35    -19.88
2011-01-18      0.77                0.34     -7.88
2011-01-19      1.03                0.19    -15.38
2011-01-20       0.0                0.61    -19.35
2011-01-21      0.05                0.33     -5.88
2011-01-22      0.05                0.14     -0.59
2011-01-23      0.21               -0.04      0.11
2011-01-24      2.27                0.31      0.64
2011-01-25      0.17                0.92    -12.94
2011-01-26      0.05                0.69    -16.61
2011-01-27       0.0                0.43    -18.48
2011-01-28       0.0                 0.3    -19.41
2011-01-29       0.0                0.34    -16.56
2011-01-30       0.0                0.31    -14.66
2011-01-31      1.72                 0.2     -6.39
2011-02-01       0.0                0.49     -10.6
2011-02-02       0.0                0.28     -9.39
2011-02-03      0.02                0.33      -4.0
2011-02-04      1.48                0.81    -17.04
2011-02-05       0.0                0.68    -17.28
2011-02-06       0.0                0.62    -16.68
2011-02-07       0.0                0.53     -20.1
2011-02-08      0.03                0.34    -19.29
2011-02-09       0.0                0.24    -15.75
2011-02-10       0.0                 0.3    -14.57
2011-02-11      0.22                0.38    -11.97
2011-02-12      0.98                0.36    -19.28
2011-02-13       0.0                0.37    -11.36
2011-02-14      0.02                0.18     -2.09
2011-02-15       0.0                0.48     -3.03
2011-02-16       1.7                0.52      0.22
2011-02-17      0.43                 0.3     -4.32
2011-02-18      1.79                0.46     -7.95
2011-02-19      1.74                0.29     -13.7
2011-02-20       0.0                0.49    -11.76
2011-02-21      0.12                0.37     -5.79
2011-02-22      0.35                0.37     -8.48
2011-02-23       0.0                0.46     -0.76
2011-02-24      0.02               -0.14      4.04
2011-02-25      0.24                0.72      -5.4
2011-02-26      3.19                0.28     -4.17
2011-02-27      1.65                0.42    -12.96
2011-02-28       0.0                0.55    -10.88
2011-03-01      0.44                0.54     -8.99
2011-03-02       0.1                0.59    -11.12
2011-03-03      0.15                0.38     -8.29
2011-03-04       0.0                0.33     -6.35
2011-03-05       0.0                 0.4     -0.16
2011-03-06     13.53                0.01       3.2
2011-03-07     14.68                0.13     -6.23
2011-03-08       0.0                0.67     -4.19
2011-03-09      1.45                0.47     -2.44
2011-03-10      2.14                 0.1     -0.32
2011-03-11       0.0                0.69      1.82
2011-03-12       0.0                0.44      3.32
2011-03-13     42.83                 0.7     -0.29
2011-03-14      1.09                0.53      -5.1
2011-03-15      0.02                 0.9     -4.81
2011-03-16       0.0                0.63     -4.66
2011-03-17      0.03                0.72     -2.43
2011-03-18      0.01                0.75     -1.53
2011-03-19       0.0                0.64      2.64
2011-03-20      0.09                0.37      0.55
2011-03-21      0.12                0.29      0.35
2011-03-22      0.44                0.33      2.52
2011-03-23      0.12                0.46      8.08
2011-03-24     10.82                0.05      3.75
2011-03-25      0.06                0.75      3.46
2011-03-26       0.0                0.73      3.53
2011-03-27      0.34                0.84      2.55
2011-03-28       0.0                1.15      4.19
2011-03-29       0.0                1.01      3.74
2011-03-30       0.0                1.04      7.13
2011-03-31      0.92                1.13      3.13
2011-04-01      0.09                 0.7      2.65
2011-04-02       1.5                1.47      5.01
2011-04-03      7.77                0.51      2.41
2011-04-04      0.48                1.52      5.22
2011-04-05      4.87                1.89      5.66
2011-04-06      6.07                1.94      9.92
2011-04-07      4.71                1.53      4.72
2011-04-08      0.09                1.64      7.05
2011-04-09       0.7                1.67      5.85
2011-04-10       0.0                1.72      3.57
2011-04-11       0.0                1.67      5.98
2011-04-12       0.0                1.79      8.38
2011-04-13       0.0                1.88     11.86
2011-04-14      0.29                1.74     13.64
2011-04-15     10.77                1.52      6.63
2011-04-16       0.0                1.72       5.5
2011-04-17      1.19                1.63      6.23
2011-04-18      0.84                1.84      8.08
2011-04-19       0.0                2.05     10.02
2011-04-20     10.72                1.64      5.06
2011-04-21     30.64                1.18      3.13
2011-04-22      6.22                1.64      6.14
2011-04-23      1.31                1.75      8.64
2011-04-24      21.9                1.73      6.54
2011-04-25      0.17                0.95      9.28
2011-04-26       0.0                 2.4     11.76
2011-04-27      1.72                2.68      9.63
2011-04-28      3.05                1.48      5.76
2011-04-29      0.01                1.23      7.97
2011-04-30       0.3                1.83     13.59
2011-05-01      0.87                1.23      9.23
2011-05-02       0.0                3.31      9.17
2011-05-03       0.0                3.19      9.31
2011-05-04       0.0                3.01      9.22
2011-05-05      0.41                1.35     10.03
2011-05-06      2.69                1.02      9.02
2011-05-07      0.61                2.76      7.68
2011-05-08       0.0                2.82      8.11
2011-05-09       0.0                3.41       9.2
2011-05-10      1.05                3.35     11.24
2011-05-11       0.0                2.42     12.58
2011-05-12      9.67                2.01      8.87
2011-05-13      3.02                1.88      6.73
2011-05-14      0.34                1.23      9.19
2011-05-15      0.19                3.18     12.49
2011-05-16       0.0                2.55      11.7
2011-05-17      0.41                2.81     13.54
2011-05-18      1.77                1.69     13.88
2011-05-19      1.89                 1.6     14.32
2011-05-20      0.41                2.48     14.05
2011-05-21      0.07                2.43     16.04
2011-05-22       0.0                3.46     20.58
2011-05-23       0.0                 4.0     21.33
2011-05-24      0.01                 3.7     18.79
2011-05-25      0.83                2.75     15.77
2011-05-26      0.42                1.99     14.16
2011-05-27     11.21                2.68     13.62
2011-05-28       0.0                 3.8     17.69
2011-05-29       0.0                4.36     19.93
2011-05-30       0.0                4.18     19.95
2011-05-31      0.77                3.31     16.78
2011-06-01      0.06                2.04     17.47
2011-06-02     12.76                2.45      12.5
2011-06-03      1.44                1.16     15.16
2011-06-04      0.04                3.61     16.51
2011-06-05      0.25                2.34     18.16
2011-06-06       0.0                2.94     20.51
2011-06-07      1.36                3.35     17.44
2011-06-08     18.13                1.31     14.83
2011-06-09      0.82                3.86     17.06
2011-06-10       0.0                3.29     18.92
2011-06-11      1.09                3.57      13.6
2011-06-12      0.15                1.79     12.74
2011-06-13      0.12                2.07      15.5
2011-06-14      2.91                 2.8     15.27
2011-06-15       0.0                3.67     14.49
2011-06-16      0.62                2.02     16.97
2011-06-17      0.95                2.05     18.21
2011-06-18      0.22                2.65      20.2
2011-06-19      0.12                2.21     19.89
2011-06-20      4.91                3.03      21.5
2011-06-21      0.58                2.37     20.55
2011-06-22       0.0                3.88     21.19
2011-06-23     13.68                1.48     20.25
2011-06-24       2.9                2.61      23.1
2011-06-25      1.77                2.75     22.12
2011-06-26      0.82                2.71     22.96
2011-06-27      1.36                3.09     23.32
2011-06-28      4.66                 1.2     23.22
2011-06-29      1.72                2.45     23.57
2011-06-30      3.36                2.28     23.68
2011-07-01      30.3                 2.6      21.2
2011-07-02     15.18                0.99     21.47
2011-07-03      5.88                3.34     22.58
2011-07-04      3.96                2.69     23.74
2011-07-05      4.96                2.57     21.93
2011-07-06      0.61                2.02     22.57
2011-07-07      0.29                3.24     22.82
2011-07-08      12.4                3.35     22.34
2011-07-09      2.66                1.71     22.99
2011-07-10      0.08                3.94     25.48
2011-07-11      1.18                3.18      22.1
2011-07-12      0.22                3.02     23.57
2011-07-13     17.01                 2.8     21.96
2011-07-14     32.63                1.85     24.27
2011-07-15     19.11                3.12     23.53
2011-07-16      7.57                2.98     21.77
2011-07-17       6.4                1.41     23.25
2011-07-18     34.39                2.89      22.5
2011-07-19      12.1                1.79     18.83
2011-07-20      3.32                1.73     20.69
2011-07-21      0.65                3.14     20.13
2011-07-22      0.95                2.75      19.1
2011-07-23      0.23                2.77     22.86
2011-07-24       0.0                3.75     24.16
2011-07-25      0.79                 3.6     19.78
2011-07-26      0.04                 2.1     18.19
2011-07-27      17.3                1.33     18.27
2011-07-28      6.45                0.68     19.42
2011-07-29      0.23                1.48      19.6
2011-07-30     68.43                1.53     21.76
2011-07-31    102.81                0.68      21.6
2011-08-01      1.57                1.99     22.57
2011-08-02      0.49                3.39     22.24
2011-08-03      1.28                 2.9     23.74
