2011-01-01      0.41                0.39      -8.4
2011-01-02       0.5                0.19      -8.3
2011-01-03      1.72                0.16     -9.66
2011-01-04      0.03                0.31    -13.04
2011-01-05       0.0                0.38     -12.7
2011-01-06      0.03                 0.3    -15.51
2011-01-07       0.0                0.35     -9.94
2011-01-08      0.07                0.39    -15.85
2011-01-09      0.08                0.31    -13.46
2011-01-10      0.82                0.14     -5.41
2011-01-11      1.68                0.46    -19.31
2011-01-12      0.01                0.58     -25.0
2011-01-13       0.0                0.44    -23.41
2011-01-14       0.0                0.54    -20.36
2011-01-15       0.1                0.43    -13.81
2011-01-16      0.02                 0.3    -14.16
2011-01-17      0.34                 0.3    -14.16
2011-01-18       0.0                0.33    -15.75
2011-01-19       0.0                0.34     -17.3
2011-01-20      0.03                0.37    -13.87
2011-01-21       0.0                0.36    -13.52
2011-01-22      0.07                0.03     -1.28
2011-01-23       2.3                0.23     -2.27
2011-01-24       0.0                0.54    -11.48
2011-01-25       0.0                0.44    -13.01
2011-01-26      0.05                 0.5    -12.35
2011-01-27       0.0                 0.5    -10.48
2011-01-28       0.0                 0.4    -14.92
2011-01-29       0.0                0.28    -15.95
2011-01-30       0.0                0.22    -15.07
2011-01-31      0.05                 0.2    -13.33
2011-02-01      1.28                0.24     -8.35
2011-02-02      0.72                0.22    -11.18
2011-02-03       0.0                0.26    -11.59
2011-02-04      0.06                0.25      -8.9
2011-02-05      0.26                0.24    -12.27
2011-02-06       0.0                0.23      -7.5
2011-02-07      0.07                0.06     -0.82
2011-02-08      0.21                0.17     -0.78
2011-02-09      3.86                0.04     -1.95
2011-02-10       0.0                0.54     -8.25
2011-02-11       0.0                0.25     -5.41
2011-02-12       0.0                0.28     -4.07
2011-02-13      1.25                0.13     -1.68
2011-02-14      0.86                0.11     -2.33
2011-02-15      0.34                0.26     -1.12
2011-02-16      0.27                0.28     -0.34
2011-02-17      1.51                0.14     -1.34
2011-02-18      0.06                0.12      0.48
2011-02-19      6.25                0.28     -2.01
2011-02-20      0.69                 0.4      -7.4
2011-02-21       0.0                0.31     -2.48
2011-02-22       0.7                0.31      0.41
2011-02-23      2.74                0.36      1.37
2011-02-24       0.8                0.81     -6.37
2011-02-25       0.0                0.53     -3.22
2011-02-26       0.0                0.55      1.36
2011-02-27     21.61                0.02     -3.28
2011-02-28      0.26                0.82     -9.62
2011-03-01       0.0                 0.5     -9.55
2011-03-02       0.0                0.39     -5.04
2011-03-03      0.01                0.46     -2.73
2011-03-04      0.01                0.41      -4.9
2011-03-05       0.0                0.45     -1.79
2011-03-06      0.66                0.61     -2.84
2011-03-07      0.29                0.59     -2.83
2011-03-08       0.0                0.63      -7.3
2011-03-09      0.01                0.59     -5.64
2011-03-10      0.28                0.49     -4.24
2011-03-11       0.0                0.46     -3.01
2011-03-12       0.0                0.44     -0.31
2011-03-13      0.84                0.24     -0.25
2011-03-14       1.7                0.67     -2.13
2011-03-15       0.0                0.56      1.33
2011-03-16      0.03                0.44      3.29
2011-03-17       0.0                0.47      6.22
2011-03-18      0.03                0.53      3.55
2011-03-19       0.0                0.45      3.44
2011-03-20       0.0                0.48      2.05
2011-03-21       0.0                0.78       7.0
2011-03-22       0.0                0.62      3.47
2011-03-23      0.26                 0.8      2.63
2011-03-24       4.2                0.64      1.05
2011-03-25      2.37                0.71      1.08
2011-03-26      4.38                 0.7      1.11
2011-03-27      4.93                1.14       0.9
2011-03-28      6.74                1.24       0.5
2011-03-29      0.02                1.13      3.21
2011-03-30      0.68                0.35      7.71
2011-03-31      1.62                1.27      1.51
2011-04-01      1.67                1.26      2.01
2011-04-02      2.66                1.11       4.6
2011-04-03      1.71                1.75     -2.28
2011-04-04       0.0                0.93      3.56
2011-04-05       0.0                 0.9      5.99
2011-04-06      0.07                 0.9      3.52
2011-04-07      0.27                0.48      5.53
2011-04-08      0.01                1.49      7.55
2011-04-09      0.36                1.48      7.24
2011-04-10     13.83                1.42      7.23
2011-04-11     21.37                0.91      3.59
2011-04-12     26.86                0.81      3.24
2011-04-13      0.22                1.22      3.17
2011-04-14      0.07                1.43      4.59
2011-04-15      0.46                1.78      6.74
2011-04-16       0.0                1.73      9.46
2011-04-17      6.65                1.99       5.3
2011-04-18      0.14                1.59       9.3
2011-04-19       0.0                2.16      8.74
2011-04-20       0.0                1.92      8.44
2011-04-21       0.0                2.12       7.7
2011-04-22       0.0                 2.1     10.23
2011-04-23       0.0                2.19     10.43
2011-04-24       0.0                 2.6     13.64
2011-04-25       0.0                 2.7     14.77
2011-04-26       0.0                 2.9     17.59
2011-04-27      8.39                2.56     11.06
2011-04-28       0.0                2.65     15.82
2011-04-29       0.0                3.07     14.41
2011-04-30      0.11                2.17     14.83
2011-05-01      6.16                2.24     13.72
2011-05-02      1.32                1.73     11.99
2011-05-03      0.12                1.93     17.77
2011-05-04      0.53                2.26     16.36
2011-05-05      0.42                2.23     16.88
2011-05-06      0.18                2.18      15.9
2011-05-07      0.07                2.91     20.16
2011-05-08      2.06                 2.3     12.97
2011-05-09     22.37                0.51     15.46
2011-05-10      2.11                1.56     11.63
2011-05-11      0.47                2.74     14.46
2011-05-12       0.0                3.57     14.24
2011-05-13      5.41                 2.9     12.17
2011-05-14       0.0                3.67     14.03
2011-05-15       0.0                3.77     13.88
2011-05-16       0.0                3.54     14.64
2011-05-17      0.01                3.67     13.36
2011-05-18      5.95                2.68     11.19
2011-05-19      1.15                1.12     13.72
2011-05-20      0.31                2.47     17.28
2011-05-21      1.55                0.87     14.78
2011-05-22      4.52                1.04     15.49
2011-05-23      8.28                0.98      12.6
2011-05-24      0.02                 2.8     19.04
2011-05-25       0.0                3.97      17.5
2011-05-26       0.0                4.06     17.03
2011-05-27      1.77                2.22     12.12
2011-05-28       0.0                4.14     17.35
2011-05-29       0.0                 4.2     19.96
2011-05-30       0.0                4.14      19.6
2011-05-31       0.0                3.79     21.41
2011-06-01     10.46                2.72     17.03
2011-06-02      0.84                3.44     17.73
2011-06-03       0.0                4.26     19.09
2011-06-04       0.0                4.32     19.81
2011-06-05       0.0                4.43     17.91
2011-06-06       0.0                4.21     20.59
2011-06-07      0.32                3.82     16.61
2011-06-08      0.47                3.03     18.25
2011-06-09      0.12                3.37     18.99
2011-06-10      0.94                 2.9     20.31
2011-06-11       0.0                3.36     23.97
2011-06-12       0.0                3.37     22.65
2011-06-13      0.07                2.49     19.55
2011-06-14      6.57                2.68     15.98
2011-06-15      3.68                3.26      19.6
2011-06-16       0.0                3.96     20.43
2011-06-17      0.07                3.15      20.4
2011-06-18       0.0                3.52     25.32
2011-06-19       0.0                3.89     26.82
2011-06-20     29.73                3.04     20.33
2011-06-21      11.1                0.94     20.89
2011-06-22      2.35                 1.9     20.62
2011-06-23      0.46                3.48     20.11
2011-06-24       0.0                4.18     23.95
2011-06-25      0.07                4.05     23.26
2011-06-26      1.32                3.91     19.19
2011-06-27     43.68                1.63     20.05
2011-06-28      1.36                2.05     20.69
2011-06-29       0.0                3.27     23.72
2011-06-30      8.13                3.77     21.39
2011-07-01      3.05                2.59     20.91
2011-07-02      3.07                2.38     20.93
2011-07-03      6.54                1.87     20.77
2011-07-04      2.98                1.79     24.23
2011-07-05       0.0                4.08     25.81
2011-07-06      0.01                3.72     26.15
2011-07-07      2.49                4.05     25.65
2011-07-08      5.18                 3.8     24.08
2011-07-09      1.67                3.12     24.35
2011-07-10       2.0                3.36     24.53
2011-07-11      0.95                3.43     25.36
2011-07-12     16.21                2.95     21.56
2011-07-13      8.75                1.66     22.22
2011-07-14      7.57                2.42     23.76
2011-07-15      3.53                2.79     24.03
2011-07-16      2.13                 2.7      23.8
2011-07-17      3.65                3.68     24.26
2011-07-18      26.6                 2.2     20.45
2011-07-19     41.25                0.61     21.35
2011-07-20     16.69                1.67     22.11
2011-07-21      6.98                2.43     22.53
2011-07-22      2.35                3.18     24.34
2011-07-23      0.96                3.58     24.38
2011-07-24     14.86                3.81     22.22
2011-07-25     37.93                3.29      18.5
2011-07-26     47.09                0.94     19.41
2011-07-27     77.65                1.72     20.16
2011-07-28      1.77                1.94     19.74
2011-07-29      1.04                1.36     19.16
2011-07-30      18.9                 1.6      17.8
2011-07-31      13.9                0.93     17.97
2011-08-01      0.12                1.88     23.71
2011-08-02       0.0                3.87     24.04
2011-08-03      0.24                3.18     24.64
