2011-01-01      0.38                0.37     -8.14
2011-01-02      0.85                 0.2     -5.82
2011-01-03      0.84                0.17     -9.97
2011-01-04      0.02                0.25    -11.17
2011-01-05       0.0                0.36    -12.99
2011-01-06      0.07                0.26    -15.91
2011-01-07      0.03                0.28     -9.89
2011-01-08       0.0                0.34    -12.85
2011-01-09      0.05                0.19     -9.28
2011-01-10      0.84                0.16     -8.36
2011-01-11      1.52                0.32    -17.08
2011-01-12       0.0                0.25    -17.46
2011-01-13      0.02                0.25    -16.17
2011-01-14      0.03                0.39     -18.2
2011-01-15       0.0                0.39    -18.37
2011-01-16      0.07                0.23    -14.13
2011-01-17      0.78                0.31    -16.78
2011-01-18      0.07                0.21    -13.69
2011-01-19      0.05                0.19     -9.07
2011-01-20       0.3                 0.3     -6.25
2011-01-21      1.48                 0.1     -4.22
2011-01-22      0.27                0.21    -13.02
2011-01-23       0.0                0.51     -22.3
2011-01-24       0.0                0.47    -15.82
2011-01-25       0.0                0.54     -18.3
2011-01-26      0.03                0.47    -20.81
2011-01-27       0.0                0.32    -19.69
2011-01-28       0.0                0.34    -14.24
2011-01-29      0.12                0.26     -6.18
2011-01-30       0.0                0.41    -18.26
2011-01-31       0.0                 0.3    -19.23
2011-02-01      0.05                0.37    -19.72
2011-02-02       0.0                0.25    -17.74
2011-02-03       0.0                0.27    -14.67
2011-02-04      0.01                0.37    -17.66
2011-02-05       0.0                0.27    -17.51
2011-02-06      0.22                0.22     -8.58
2011-02-07      0.31                 0.0     -3.93
2011-02-08      0.45                0.32     -3.09
2011-02-09      0.05                0.23     -5.29
2011-02-10       0.0                0.28     -9.21
2011-02-11      0.05                0.55    -15.46
2011-02-12      0.33                0.37    -11.49
2011-02-13      0.05                0.16     -4.56
2011-02-14      0.15                0.28     -4.72
2011-02-15       0.0                0.36     -4.53
2011-02-16       0.0                 0.3       1.6
2011-02-17      0.15                 0.0     -2.05
2011-02-18      0.74                 0.4     -5.92
2011-02-19      0.01                0.22     -6.51
2011-02-20      0.04                0.22     -3.29
2011-02-21      2.72                 0.1     -1.57
2011-02-22      0.65                0.09     -4.48
2011-02-23       0.0                0.46     -3.81
2011-02-24       0.0                0.23     -1.72
2011-02-25       0.0                0.24     -0.31
2011-02-26       0.0                0.18      0.92
2011-02-27      0.08                0.21      1.48
2011-02-28       0.2                0.12      0.49
2011-03-01      0.02                0.24     -0.69
2011-03-02       0.0                 0.4      4.13
2011-03-03      1.76                0.34     -1.89
2011-03-04      0.32                0.36     -4.38
2011-03-05       0.0                0.27      0.45
2011-03-06      1.95                 0.1      1.04
2011-03-07      3.96                0.36     -0.22
2011-03-08      1.25                0.35     -0.84
2011-03-09      0.85                0.29     -1.51
2011-03-10       0.0                0.53      0.41
2011-03-11       0.0                0.51     -6.08
2011-03-12       0.0                0.26     -2.59
2011-03-13      0.02                0.32     -0.73
2011-03-14      0.01                0.26      1.24
2011-03-15       0.0                 0.4     -1.06
2011-03-16       0.0                0.32      2.03
2011-03-17       0.0                 0.3      5.62
2011-03-18      4.26                0.22     -0.82
2011-03-19       0.0                0.65      -0.5
2011-03-20      0.59                0.42     -0.82
2011-03-21      0.16                0.25      1.67
2011-03-22       0.0                0.58      2.39
2011-03-23      0.22                0.71      0.55
2011-03-24      0.89                0.35      0.21
2011-03-25      0.09                0.66      2.73
2011-03-26      0.41                0.79      4.27
2011-03-27     12.24                 0.3      1.65
2011-03-28      0.01                0.78      1.99
2011-03-29       0.0                0.82      4.61
2011-03-30      0.02                 1.0      5.39
2011-03-31       5.0                0.72      4.56
2011-04-01      0.23                0.74      2.59
2011-04-02      6.49                0.61      1.08
2011-04-03      0.32                0.66      5.27
2011-04-04      0.17                1.02      2.33
2011-04-05      0.49                0.73      1.18
2011-04-06      0.22                1.15      2.43
2011-04-07     12.36                1.33     -1.25
2011-04-08       0.0                1.24      3.05
2011-04-09       0.0                0.94      4.69
2011-04-10       0.0                1.05      4.75
2011-04-11       0.0                 1.7      6.73
2011-04-12     14.74                0.59      8.63
2011-04-13       0.0                 1.5      7.45
2011-04-14       0.0                1.55      9.54
2011-04-15     34.91                1.54      8.79
2011-04-16      7.88                0.24      8.73
2011-04-17      0.01                1.22     12.13
2011-04-18      0.06                2.06     15.03
2011-04-19      9.25                1.91     11.68
2011-04-20      1.78                 2.0       3.8
2011-04-21      2.01                1.64      7.06
2011-04-22       0.1                2.18      8.88
2011-04-23       0.0                1.95     10.49
2011-04-24       0.0                2.52     11.34
2011-04-25      6.86                1.92      9.51
2011-04-26     12.74                0.63     11.95
2011-04-27       0.0                2.77     12.29
2011-04-28       0.0                2.96     12.98
2011-04-29       0.0                2.97     15.65
2011-04-30     27.13                1.92      8.48
2011-05-01       4.2                0.16     11.07
2011-05-02      1.87                1.76      5.05
2011-05-03       0.0                2.27      9.73
2011-05-04       0.0                2.77      8.08
2011-05-05      8.68                1.21      6.92
2011-05-06     37.02                0.16      7.09
2011-05-07     37.75                0.07      9.07
2011-05-08      0.58                1.03      8.61
2011-05-09       0.0                 2.4     10.75
2011-05-10       0.0                2.46     11.17
2011-05-11      5.77                 1.0     10.04
2011-05-12     12.88                0.28     10.86
2011-05-13      0.29                2.98     12.26
2011-05-14       0.0                3.35     15.33
2011-05-15      1.28                3.53      14.6
2011-05-16      3.16                2.49     12.59
2011-05-17       0.0                3.59     14.83
2011-05-18       0.0                3.66     14.96
2011-05-19       0.0                3.85     15.82
2011-05-20      1.35                3.71     15.11
2011-05-21     11.82                1.44     12.26
2011-05-22       0.0                3.83     16.87
2011-05-23       0.0                4.22     18.72
2011-05-24       0.0                4.18     18.88
2011-05-25       0.7                3.12     18.47
2011-05-26      3.17                1.86     14.44
2011-05-27      1.37                 1.0     14.71
2011-05-28       0.0                3.96     17.24
2011-05-29      0.42                 2.4      12.5
2011-05-30      1.58                1.33     15.04
2011-05-31       0.0                 3.6     16.03
2011-06-01       0.0                3.02     17.93
2011-06-02       0.0                3.19     18.03
2011-06-03       0.0                 3.7     17.96
2011-06-04      4.55                2.52     13.79
2011-06-05      5.61                1.02     12.46
2011-06-06      2.25                0.86     14.34
2011-06-07      1.12                1.13     18.01
2011-06-08      0.37                2.22     17.15
2011-06-09       0.0                3.17      18.8
2011-06-10      0.36                3.02     18.82
2011-06-11      0.01                2.63     18.22
2011-06-12      0.03                3.38     19.68
2011-06-13       0.0                3.73     22.12
2011-06-14      1.83                2.82     19.71
2011-06-15      1.02                2.47     21.19
2011-06-16      0.99                2.73     19.28
2011-06-17      1.41                4.19     17.25
2011-06-18       0.0                3.79     15.88
2011-06-19      0.07                2.09     16.67
2011-06-20      0.34                2.33     15.54
2011-06-21       0.0                3.33     21.66
2011-06-22       0.0                3.09     21.51
2011-06-23       0.0                3.64     20.79
2011-06-24      4.06                2.34     18.35
2011-06-25       0.0                3.12     20.32
2011-06-26       0.0                2.44     18.52
2011-06-27      0.17                2.23     17.69
2011-06-28       0.0                3.35     19.67
2011-06-29       0.0                3.09     22.49
2011-06-30       0.0                3.23     24.24
2011-07-01      0.12                2.98     25.22
2011-07-02       1.9                1.74     21.38
2011-07-03     15.16                1.43     20.74
2011-07-04      8.49                1.71     21.02
2011-07-05      4.02                1.05     21.72
2011-07-06     28.53                1.35     16.95
2011-07-07      6.36                 1.4     20.15
2011-07-08      1.06                1.22     21.91
2011-07-09      0.12                2.89     23.07
2011-07-10      0.24                2.94     23.58
2011-07-11      1.44                2.25     22.62
2011-07-12      1.09                0.91     23.66
2011-07-13      0.34                2.95     23.15
2011-07-14       0.0                3.56     25.07
2011-07-15      0.61                3.06     22.97
2011-07-16       2.1                2.66     21.29
2011-07-17      5.07                2.93     20.38
2011-07-18      0.24                1.47     20.21
2011-07-19     23.16                1.93     18.63
2011-07-20     51.78                0.56      20.2
2011-07-21     19.65                0.51      22.6
2011-07-22     17.41                0.84     21.65
2011-07-23     44.23                0.72     17.57
2011-07-24     84.23                1.14     15.45
2011-07-25     31.53                0.97     16.77
2011-07-26      0.62                1.44     19.54
2011-07-27      0.07                2.27     20.11
2011-07-28      0.01                3.15     19.18
2011-07-29       0.0                3.68     24.67
2011-07-30       0.0                3.69      25.0
2011-07-31      0.24                3.69     26.09
2011-08-01      0.12                3.42      24.1
2011-08-02     13.46                2.44     22.15
2011-08-03      6.32                2.83     19.87
