2011-01-01      0.37                0.45     -8.81
2011-01-02      1.85                0.28     -5.89
2011-01-03      0.64                0.27    -13.05
2011-01-04       0.0                0.33    -12.88
2011-01-05       0.0                 0.4    -15.92
2011-01-06       0.0                0.39    -15.88
2011-01-07       0.0                0.44    -15.16
2011-01-08      0.05                0.34      -5.5
2011-01-09       0.0                0.47    -17.53
2011-01-10       0.1                0.29     -8.52
2011-01-11      0.24                0.26     -4.28
2011-01-12      1.89                 0.3      -6.4
2011-01-13       0.0                0.57    -17.75
2011-01-14      0.95                0.32     -6.38
2011-01-15      3.69                0.28     -6.08
2011-01-16      1.04                0.43    -23.46
2011-01-17       0.0                0.51    -22.56
2011-01-18       0.0                0.49    -18.59
2011-01-19      0.41                0.26     -13.4
2011-01-20       0.0                0.73    -21.91
2011-01-21       0.0                0.71    -21.36
2011-01-22      0.04                0.36     -22.4
2011-01-23      0.28                0.32    -18.79
2011-01-24       0.1                0.25    -17.73
2011-01-25      1.78                0.32     -9.45
2011-01-26      0.41                0.26    -15.46
2011-01-27      1.78                0.55    -10.46
2011-01-28      0.08                0.82     -20.4
2011-01-29       0.0                0.38     -22.4
2011-01-30      2.48                0.35     -8.02
2011-01-31      1.62                0.46    -25.44
2011-02-01       0.0                0.37     -24.7
2011-02-02       0.0                0.52    -20.96
2011-02-03      0.36                0.36    -13.33
2011-02-04      0.03                0.46    -17.56
2011-02-05       0.0                0.58    -24.34
2011-02-06      0.01                 0.4     -22.6
2011-02-07      0.54                0.46     -8.34
2011-02-08     18.62                0.36    -13.05
2011-02-09     11.73                0.09    -14.69
2011-02-10      0.01                0.31    -15.56
2011-02-11      0.08                0.08     -8.59
2011-02-12      2.23                0.11     -10.6
2011-02-13       0.0                0.32    -15.17
2011-02-14       0.0                0.36     -17.4
2011-02-15      0.05                0.33    -14.58
2011-02-16      0.02                0.36    -14.38
2011-02-17       0.0                0.32     -9.98
2011-02-18      0.03                0.21     -5.77
2011-02-19      2.61                0.34     -3.74
2011-02-20      0.78                0.49     -8.18
2011-02-21      0.01                0.32    -13.98
2011-02-22      0.02                0.21     -5.72
2011-02-23       0.0                0.31     -6.09
2011-02-24       0.0                0.37     -1.57
2011-02-25      0.85                0.79    -14.61
2011-02-26       0.0                0.36    -12.17
2011-02-27       0.0                0.47     -7.38
2011-02-28       0.0                0.11     -5.07
2011-03-01       0.0                0.37     -1.24
2011-03-02     12.82                0.42      1.89
2011-03-03     13.39                0.31      0.66
2011-03-04      17.7                0.18      0.25
2011-03-05      0.33                0.24     -0.58
2011-03-06       0.0                 0.3     -4.93
2011-03-07       0.0                0.44     -1.15
2011-03-08      0.14                 0.5      2.26
2011-03-09      0.01                0.54      0.41
2011-03-10       0.0                0.29      1.15
2011-03-11      1.17                 0.3      1.34
2011-03-12      0.23                0.35     -0.47
2011-03-13      3.27                1.08     -3.97
2011-03-14      0.01                0.97     -2.96
2011-03-15       0.0                0.65     -1.18
2011-03-16       0.0                0.49      1.41
2011-03-17       0.0                0.45      4.54
2011-03-18       0.0                0.46      2.86
2011-03-19       0.0                 0.5      1.79
2011-03-20       0.0                0.56      1.28
2011-03-21       0.0                0.61       3.0
2011-03-22      0.09                 0.7      5.54
2011-03-23      16.4                0.67      3.38
2011-03-24     13.67                0.55      1.54
2011-03-25       0.0                1.07      0.71
2011-03-26       0.0                0.85      3.61
2011-03-27      1.35                1.11      1.14
2011-03-28      0.01                1.12     -0.05
2011-03-29       0.0                0.66      3.48
2011-03-30       0.0                0.87      4.25
2011-03-31      0.01                0.62      4.39
2011-04-01      2.07                1.04      3.53
2011-04-02       0.2                0.92      4.13
2011-04-03      2.01                1.58     -1.33
2011-04-04      0.32                0.67      0.62
2011-04-05      1.24                0.63      1.58
2011-04-06      1.31                0.83       4.3
2011-04-07       0.0                0.95      4.47
2011-04-08      0.05                0.84      6.33
2011-04-09     13.19                1.68      0.12
2011-04-10       0.0                1.44      8.23
2011-04-11      7.03                1.32      5.74
2011-04-12       0.0                1.82      7.98
2011-04-13       0.0                1.61      8.02
2011-04-14      3.88                1.23      5.01
2011-04-15      2.44                1.58      4.88
2011-04-16      5.73                2.16       4.8
2011-04-17       0.0                1.58      4.84
2011-04-18      4.11                1.37       6.7
2011-04-19      4.35                 0.7      6.43
2011-04-20       0.0                2.24      6.95
2011-04-21       0.0                2.06      9.67
2011-04-22       0.0                2.18      10.8
2011-04-23      7.51                1.18      5.38
2011-04-24      0.08                1.72      7.69
2011-04-25     19.01                0.97       8.8
2011-04-26      0.05                2.09     10.64
2011-04-27       0.0                1.77     14.49
2011-04-28       0.0                2.36     13.69
2011-04-29       0.0                 2.8     17.89
2011-04-30      1.72                2.92      8.51
2011-05-01      2.12                1.02      9.47
2011-05-02      0.07                2.21      9.42
2011-05-03       0.0                3.17     14.79
2011-05-04       0.0                 3.6     17.74
2011-05-05       0.0                3.63     18.14
2011-05-06      0.17                3.25     17.78
2011-05-07     13.02                 1.9      9.97
2011-05-08       0.0                2.64      9.15
2011-05-09      0.08                2.14     12.25
2011-05-10      0.05                2.87     10.52
2011-05-11       0.0                 3.2     11.97
2011-05-12      0.53                2.55     11.93
2011-05-13      3.43                2.38     12.97
2011-05-14       0.0                3.75      14.6
2011-05-15       0.0                3.89     13.92
2011-05-16       0.0                3.32     14.41
2011-05-17       0.0                2.31     17.35
2011-05-18       0.0                3.44     19.34
2011-05-19      0.01                3.03     18.18
2011-05-20      0.15                3.28     16.29
2011-05-21       0.0                4.11     16.66
2011-05-22       0.0                3.87     17.16
2011-05-23       0.0                3.77     16.79
2011-05-24       0.0                3.36     16.33
2011-05-25       0.0                3.58     18.17
2011-05-26       0.0                3.51     18.06
2011-05-27       0.0                3.37     18.86
2011-05-28       0.0                3.46      18.9
2011-05-29       0.0                3.43     16.97
2011-05-30      0.05                 2.7      14.8
2011-05-31      0.05                2.75      17.2
2011-06-01       0.0                2.14     16.23
2011-06-02      1.34                2.89      15.4
2011-06-03       0.0                2.72     16.25
2011-06-04       0.0                3.13     18.71
2011-06-05       0.0                3.31     14.63
2011-06-06       0.0                2.67     18.37
2011-06-07       0.0                3.27     18.73
2011-06-08       0.0                 3.0     19.62
2011-06-09       0.0                2.95     16.87
2011-06-10      3.89                1.14     13.87
2011-06-11       0.2                2.21     20.85
2011-06-12       0.0                3.13     24.63
2011-06-13       0.0                3.17     24.13
2011-06-14       0.0                2.94     21.98
2011-06-15      0.82                2.38     21.37
2011-06-16       0.0                3.25     18.79
2011-06-17       0.0                2.72      21.6
2011-06-18       0.0                2.78     22.69
2011-06-19       0.0                2.68     20.95
2011-06-20      7.84                 2.0     16.78
2011-06-21     55.39                1.26     19.18
2011-06-22      2.81                1.84      17.7
2011-06-23      0.05                2.06     17.61
2011-06-24       0.0                3.79     20.99
2011-06-25      2.44                3.71     15.85
2011-06-26     14.85                0.86     14.77
2011-06-27      0.06                2.94     20.54
2011-06-28     14.35                2.92      18.1
2011-06-29       0.3                1.96     18.74
2011-06-30     49.56                2.19     19.64
2011-07-01    103.38                0.11     18.07
2011-07-02     53.16                0.52     18.41
2011-07-03     13.19                0.33     20.25
2011-07-04     14.47                0.24     20.77
2011-07-05      6.21                1.57     20.89
2011-07-06      2.74                0.72      21.7
2011-07-07      1.52                 1.7     22.39
2011-07-08      0.13                3.16     22.77
2011-07-09      0.34                3.88     25.47
2011-07-10      4.15                3.75     25.09
2011-07-11     19.84                3.04     20.72
2011-07-12      5.73                2.49     22.79
2011-07-13      8.49                2.44     22.59
2011-07-14      4.03                3.34     24.72
2011-07-15      4.24                2.95     22.98
2011-07-16      9.23                1.62     23.01
2011-07-17       0.7                2.54     23.75
2011-07-18      1.67                2.68     23.67
2011-07-19      5.06                3.02     21.91
2011-07-20      2.86                2.12     24.64
2011-07-21      0.22                3.68     24.91
2011-07-22      0.48                3.15     23.87
2011-07-23      35.5                1.09     21.52
2011-07-24      7.63                0.83      20.0
2011-07-25      1.56                1.67     19.16
2011-07-26      3.37                0.83     18.73
2011-07-27      8.27                1.28     19.08
2011-07-28      3.55                2.43     22.15
2011-07-29      0.36                3.02     23.17
2011-07-30      0.24                3.13     23.12
2011-07-31      0.25                3.41     23.98
2011-08-01       6.7                2.97     21.54
2011-08-02      0.62                2.56     19.71
2011-08-03       0.0                4.14     23.75
