2011-01-01      0.34                0.42     -7.35
2011-01-02      1.25                 0.2     -5.79
2011-01-03      1.83                 0.2     -8.28
2011-01-04       0.0                0.33    -10.63
2011-01-05      0.67                0.37     -8.43
2011-01-06      0.56                0.38    -18.01
2011-01-07       0.0                0.36    -13.55
2011-01-08      0.13                0.35      -5.0
2011-01-09      0.02                0.41    -11.61
2011-01-10      0.01                0.28    -13.07
2011-01-11      0.01                0.28    -11.94
2011-01-12      1.06                0.28    -12.12
2011-01-13       0.0                0.64    -16.77
2011-01-14       0.0                0.34    -16.05
2011-01-15       0.0                0.42    -15.91
2011-01-16      0.24                0.38     -18.4
2011-01-17      0.04                0.44    -20.75
2011-01-18       0.0                0.29    -18.62
2011-01-19       0.0                0.27    -15.57
2011-01-20       0.1                0.17     -11.2
2011-01-21       0.0                0.25     -8.85
2011-01-22      0.14                0.33     -15.7
2011-01-23       0.0                0.42    -11.09
2011-01-24       0.0                0.52    -17.91
2011-01-25       0.0                 0.3     -14.4
2011-01-26       0.0                0.19    -11.57
2011-01-27      0.15                0.16     -9.47
2011-01-28     11.53                 0.2     -7.69
2011-01-29      0.42                0.41    -22.04
2011-01-30       0.0                0.33    -19.27
2011-01-31       0.0                0.37    -18.15
2011-02-01      0.01                0.41    -18.45
2011-02-02       0.0                 0.4     -6.26
2011-02-03      0.62                 0.4     -3.17
2011-02-04       0.0                0.39     -5.24
2011-02-05      4.57                 0.3      0.15
2011-02-06      3.49                0.54     -3.46
2011-02-07      6.49                0.38     -6.39
2011-02-08      5.06                 0.4      -9.2
2011-02-09      0.24                0.47    -20.89
2011-02-10       0.0                0.36    -19.79
2011-02-11      0.03                0.53     -8.92
2011-02-12      0.59                0.44     -9.19
2011-02-13      1.69                0.29    -14.01
2011-02-14      0.01                0.38    -15.66
2011-02-15      1.74                0.35     -4.16
2011-02-16      1.22                0.88     -8.86
2011-02-17       0.0                0.74    -15.44
2011-02-18       0.0                0.46    -10.53
2011-02-19       5.7                0.26     -1.23
2011-02-20     10.33                0.09     -3.17
2011-02-21       0.0                0.63     -5.51
2011-02-22       0.0                0.46     -5.62
2011-02-23      0.26                0.33     -5.25
2011-02-24      0.01                0.32     -1.08
2011-02-25       0.0                0.56      -6.1
2011-02-26      0.13                0.26     -2.34
2011-02-27      0.01                0.36     -3.16
2011-02-28       0.0                0.56      0.46
2011-03-01       0.0                0.47      2.63
2011-03-02      2.51                0.39      2.61
2011-03-03     11.53                0.22     -0.23
2011-03-04      1.38                0.49      -3.7
2011-03-05      0.17                0.46     -5.32
2011-03-06       0.0                0.68     -1.95
2011-03-07      1.67                0.42      0.51
2011-03-08     23.84                 0.1      1.99
2011-03-09      1.35                0.29      0.52
2011-03-10      0.14                0.73     -3.07
2011-03-11       0.0                0.62       0.5
2011-03-12      0.13                 0.8      1.48
2011-03-13      4.48                1.23     -5.87
2011-03-14       0.1                1.01      0.75
2011-03-15      4.48                0.46     -0.41
2011-03-16      0.43                1.58     -3.69
2011-03-17       0.0                1.18     -5.29
2011-03-18      4.39                0.84      -1.6
2011-03-19      0.17                0.55     -1.24
2011-03-20       0.0                0.69       3.1
2011-03-21      1.57                0.56      5.81
2011-03-22      1.55               -0.49      3.42
2011-03-23      7.92                0.74      2.72
2011-03-24      0.09                0.57      1.93
2011-03-25       0.0                0.69      4.04
2011-03-26       0.0                1.01      2.99
2011-03-27       0.0                0.76       2.7
2011-03-28       0.0                1.02       2.9
2011-03-29      2.25                0.96      2.27
2011-03-30      0.04                 1.0      7.45
2011-03-31      0.17                0.85       7.6
2011-04-01       0.8                1.06      5.17
2011-04-02      7.09                 0.6      5.57
2011-04-03      0.45                0.81      6.36
2011-04-04       2.2                1.08      4.26
2011-04-05      5.27                1.06      5.02
2011-04-06      0.81                1.09       6.8
2011-04-07     13.77                1.64      8.62
2011-04-08      7.41                0.99      5.24
2011-04-09       0.0                1.72      6.12
2011-04-10       0.0                1.68      7.67
2011-04-11       0.0                1.48     10.33
2011-04-12      0.05                1.12      11.0
2011-04-13     15.15                1.72      6.19
2011-04-14      0.99                2.47      6.34
2011-04-15      6.09                2.54      3.16
2011-04-16      0.17                1.81      4.48
2011-04-17       0.2                1.75      4.79
2011-04-18       0.0                2.13     11.32
2011-04-19      0.17                2.17     12.74
2011-04-20      2.56                0.86     12.32
2011-04-21     19.38                1.88      2.52
2011-04-22     41.62                1.01      4.22
2011-04-23      0.01                 1.4      6.93
2011-04-24       0.0                 2.3      7.43
2011-04-25     12.34                2.54      1.74
2011-04-26      19.5                0.58      4.89
2011-04-27       0.0                1.96     10.16
2011-04-28      0.08                1.79      9.76
2011-04-29      9.01                1.27      8.68
2011-04-30       0.0                2.01     10.77
2011-05-01      0.01                1.76      9.72
2011-05-02      0.01                2.96      9.78
2011-05-03      1.06                 1.4      8.71
2011-05-04      4.17                1.73      5.87
2011-05-05      5.93                1.57      7.21
2011-05-06     12.99                2.95     10.73
2011-05-07      0.36                3.11       9.6
2011-05-08      0.41                2.31     10.31
2011-05-09      3.56                2.26     10.63
2011-05-10      0.43                3.23     11.56
2011-05-11      0.13                2.94     13.55
2011-05-12      0.97                2.91     11.59
2011-05-13      0.18                1.87     15.51
2011-05-14      0.05                2.56     17.05
2011-05-15      0.94                 3.0     15.86
2011-05-16     22.71                1.48     13.36
2011-05-17     13.39                2.75     11.77
2011-05-18      8.82                 3.5     10.23
2011-05-19     10.45                2.79     10.92
2011-05-20       0.0                3.56     16.15
2011-05-21      0.58                3.39     16.42
2011-05-22     28.13                1.17     14.92
2011-05-23      3.53                1.29     13.53
2011-05-24      0.12                3.74     14.78
2011-05-25       0.0                 3.8     16.53
2011-05-26       0.0                 4.1     16.27
2011-05-27       0.0                4.03     16.72
2011-05-28      0.87                2.65     14.03
2011-05-29      2.04                1.72      14.7
2011-05-30      0.05                3.04     18.07
2011-05-31       0.0                3.77     17.18
2011-06-01      15.8                2.76     13.07
2011-06-02      1.88                1.23     14.41
2011-06-03      0.24                2.99     15.58
2011-06-04      0.99                3.59     15.18
2011-06-05       0.0                3.98      16.4
2011-06-06      0.09                3.45     14.39
2011-06-07       0.0                3.81     17.68
2011-06-08       0.0                3.99     20.52
2011-06-09     15.23                3.95     12.66
2011-06-10      1.92                1.46     15.76
2011-06-11       0.0                 3.6     19.39
2011-06-12      0.07                3.99     16.45
2011-06-13      0.28                1.81     14.99
2011-06-14      0.02                2.35     14.62
2011-06-15       0.0                2.82     14.72
2011-06-16      0.01                3.21     13.66
2011-06-17       0.0                3.43     19.87
2011-06-18       0.0                3.23     20.44
2011-06-19      0.95                3.09     17.63
2011-06-20      3.71                0.89     18.13
2011-06-21      0.13                2.51      20.1
2011-06-22       0.0                3.41     18.29
2011-06-23       0.0                3.72     22.88
2011-06-24      0.24                3.33     25.29
2011-06-25      3.49                2.86     21.86
2011-06-26      40.1                1.15     20.05
2011-06-27     11.16                 1.2     20.52
2011-06-28      1.88                3.01     23.02
2011-06-29      2.08                1.96     21.72
2011-06-30      1.62                4.12     20.22
2011-07-01     38.33                2.91     18.83
2011-07-02      2.98                1.06     18.87
2011-07-03      3.06                2.23     17.64
2011-07-04     64.21                 1.0     19.46
2011-07-05     73.25                0.03     20.56
2011-07-06     20.74                1.02     23.05
2011-07-07     11.56                2.42     22.59
2011-07-08     26.75                1.04     20.66
2011-07-09      7.24                0.95     21.89
2011-07-10      5.91                 1.7     23.05
2011-07-11      6.88                 1.1     23.25
2011-07-12      4.42                1.44     23.31
2011-07-13      0.58                2.99     23.77
2011-07-14      0.84                2.18     22.75
2011-07-15       0.0                3.67      21.2
2011-07-16       0.0                3.79     21.32
2011-07-17       0.0                3.79     19.14
2011-07-18       0.0                3.49     22.39
2011-07-19       0.0                3.56     21.87
2011-07-20      0.02                 3.3     21.14
2011-07-21       0.0                 3.8     26.84
2011-07-22       0.0                3.89     27.99
2011-07-23       0.0                3.88     27.39
2011-07-24      0.24                3.59     26.73
2011-07-25       1.4                2.85     26.03
2011-07-26      2.07                2.68     22.33
2011-07-27     14.52                1.95     21.44
2011-07-28      7.19                1.98     19.52
2011-07-29      0.53                1.63     22.28
2011-07-30      2.15                1.52      22.4
2011-07-31      7.01                2.36     23.78
2011-08-01      3.26                2.47     22.36
2011-08-02      0.08                2.42     21.73
2011-08-03       0.0                3.39     25.09
