2011-01-01      0.56                0.46     -9.66
2011-01-02      1.11                0.29      -8.3
2011-01-03      1.02                0.25     -12.8
2011-01-04       0.0                0.39    -11.37
2011-01-05       0.0                0.46    -12.73
2011-01-06      0.26                0.38    -18.88
2011-01-07       0.0                0.53    -18.91
2011-01-08      0.03                0.42     -9.98
2011-01-09      0.12                0.27      -7.0
2011-01-10      6.54                0.51    -11.76
2011-01-11       0.0                0.53    -19.42
2011-01-12       0.7                0.36    -17.19
2011-01-13      0.67                0.48     -15.0
2011-01-14      0.01                0.84    -26.29
2011-01-15       0.0                0.63    -22.38
2011-01-16      0.07                0.71    -17.66
2011-01-17       0.0                 0.5    -23.83
2011-01-18       0.0                0.29    -20.09
2011-01-19      0.01                0.32    -23.15
2011-01-20      0.01                0.32    -20.78
2011-01-21       0.0                0.37    -13.88
2011-01-22      1.72                0.36     -3.32
2011-01-23     12.49                0.18     -2.88
2011-01-24      0.12                0.65    -18.43
2011-01-25       0.0                0.63    -15.45
2011-01-26      0.61                 0.6    -15.51
2011-01-27      0.19                0.52    -25.21
2011-01-28      0.05                0.39    -21.16
2011-01-29      0.03                0.38    -23.98
2011-01-30       0.0                0.26    -15.54
2011-01-31      0.39                0.32    -14.31
2011-02-01       0.0                0.47    -24.84
2011-02-02      0.01                0.31    -20.55
2011-02-03       0.0                 0.3    -17.01
2011-02-04      0.04                 0.3    -10.49
2011-02-05      0.05                0.43    -18.08
2011-02-06       0.3                0.25     -7.15
2011-02-07      0.05                0.26    -11.83
2011-02-08      1.28                0.32     -2.32
2011-02-09     10.91                0.08     -1.22
2011-02-10       0.0                 0.6    -15.83
2011-02-11      0.05                0.47     -5.44
2011-02-12      1.02                0.24      1.58
2011-02-13      0.06                0.39     -5.86
2011-02-14      0.08                0.35      -8.8
2011-02-15       0.0                0.53    -11.73
2011-02-16       0.0                0.66    -13.06
2011-02-17      0.01                 0.6     -10.2
2011-02-18       0.0                0.37     -9.51
2011-02-19      0.12                0.37     -1.57
2011-02-20       0.0                0.61     -9.48
2011-02-21       0.0                0.78     -6.24
2011-02-22       0.0                0.62     -6.31
2011-02-23      0.02                0.47     -5.52
2011-02-24       0.1                0.41     -0.43
2011-02-25      0.05                0.22      0.78
2011-02-26      0.92                0.35     -0.23
2011-02-27      2.28                0.58    -15.08
2011-02-28      0.14                0.49    -12.18
2011-03-01       0.0                0.49     -5.76
2011-03-02      6.31                0.36      -4.3
2011-03-03      0.03                0.74     -5.66
2011-03-04       0.0                0.57     -11.9
2011-03-05       0.0                 0.7    -10.05
2011-03-06      0.65                 0.6     -1.46
2011-03-07      0.96                0.42     -1.99
2011-03-08     13.83                0.33     -7.94
2011-03-09      1.75                 0.8    -11.26
2011-03-10      0.63                0.45    -11.23
2011-03-11       0.0                0.41     -9.11
2011-03-12      0.03                0.48      4.45
2011-03-13     12.64               -0.94       3.4
2011-03-14      8.38                 0.4     -2.85
2011-03-15       0.0                0.95     -1.52
2011-03-16       0.0                0.59     -1.95
2011-03-17      1.46                0.23     -2.34
2011-03-18      0.03                0.66      0.63
2011-03-19      3.97                0.72     -1.81
2011-03-20       3.1                0.66     -6.12
2011-03-21       0.0                0.96     -4.26
2011-03-22      0.27                0.84     -3.61
2011-03-23      0.17                0.83     -4.45
2011-03-24       0.0                0.69     -3.58
2011-03-25       0.0                0.67       1.5
2011-03-26       0.0                0.83      2.92
2011-03-27       0.0                0.63      3.94
2011-03-28      0.19                0.34      2.73
2011-03-29      1.31                0.84      3.89
2011-03-30       0.0                 0.9      8.14
2011-03-31       0.0                1.01      9.98
2011-04-01       0.0                0.98     11.74
2011-04-02      0.07                1.12      13.5
2011-04-03     13.22                1.56       6.0
2011-04-04      0.03                0.86      5.68
2011-04-05       0.0                1.62      9.59
2011-04-06      0.05                1.19      1.97
2011-04-07     48.41                1.78     -0.46
2011-04-08       0.0                1.17      0.92
2011-04-09       0.0                1.26      4.53
2011-04-10      0.05                0.85       5.7
2011-04-11       0.0                0.92      4.74
2011-04-12       1.6                1.49       1.0
2011-04-13      0.38                1.46      3.32
2011-04-14      0.44                1.33      4.59
2011-04-15      0.41                1.47      5.96
2011-04-16       0.0                1.63      6.38
2011-04-17       0.0                1.65      7.23
2011-04-18      0.08                1.19      9.41
2011-04-19      0.35                1.95      8.81
2011-04-20      0.08                1.68      9.99
2011-04-21      0.05                1.47     10.66
2011-04-22       0.0                2.33      11.4
2011-04-23      1.59                2.17      5.66
2011-04-24      0.66                 1.6       9.4
2011-04-25      0.05                1.91     12.86
2011-04-26      0.24                1.36     14.87
2011-04-27      7.76                0.57     11.45
2011-04-28      0.91                1.11     11.75
2011-04-29      0.72                0.89      9.52
2011-04-30       0.0                2.87     15.89
2011-05-01      3.82                2.56      6.74
2011-05-02       0.0                 2.6     10.38
2011-05-03       0.0                 2.9     10.83
2011-05-04      0.53                 2.7     11.41
2011-05-05       0.0                 3.0     12.38
2011-05-06       0.0                2.81     14.18
2011-05-07       0.0                3.23     13.43
2011-05-08      0.02                3.07     10.18
2011-05-09       0.0                2.77     13.73
2011-05-10       0.0                3.27      15.7
2011-05-11      0.42                3.23     10.75
2011-05-12       0.0                2.18      12.8
2011-05-13       0.0                2.72      19.5
2011-05-14       0.0                3.06     11.94
2011-05-15     35.98                1.62      9.57
2011-05-16      6.65                1.88     11.95
2011-05-17       0.0                3.43     10.17
2011-05-18       0.0                2.94     13.96
2011-05-19       0.0                3.37     17.72
2011-05-20     17.47                1.81     14.34
2011-05-21      3.18                2.65     14.61
2011-05-22       0.0                 4.4     16.14
2011-05-23      0.73                3.21     15.55
2011-05-24       0.0                3.93     15.55
2011-05-25       0.0                4.23     19.31
2011-05-26       2.3                2.51     17.77
2011-05-27       0.0                4.22     22.67
2011-05-28     21.07                 3.8     17.33
2011-05-29       0.7                 2.3     14.42
2011-05-30       0.0                3.76      15.5
2011-05-31       0.0                3.71     16.79
2011-06-01     14.51                2.76      10.9
2011-06-02      1.86                0.81     13.84
2011-06-03      1.07                 2.4      14.0
2011-06-04       0.0                3.23     17.27
2011-06-05     30.06                3.56     12.48
2011-06-06     33.59                1.88     14.69
2011-06-07      7.97                3.55     15.18
2011-06-08      4.88                2.36     13.51
2011-06-09      0.22                1.71     14.18
2011-06-10     23.42                1.99     11.81
2011-06-11      6.96                1.04     10.46
2011-06-12      0.48                1.54     17.24
2011-06-13      1.79                2.87     16.84
2011-06-14      8.39                2.43     16.59
2011-06-15      2.05                 2.9     16.15
2011-06-16      1.38                3.29     18.56
2011-06-17      0.94                3.81     20.87
2011-06-18       0.0                3.97     20.31
2011-06-19      1.54                3.85     20.57
2011-06-20      7.24                 2.0     20.82
2011-06-21      1.36                2.99     20.31
2011-06-22       0.0                3.69     24.69
2011-06-23     17.63                2.76     22.71
2011-06-24     64.86                 2.1     20.06
2011-06-25      7.19                0.69     20.75
2011-06-26      0.38                2.46     20.84
2011-06-27     14.12                0.95     20.17
2011-06-28     21.72                0.28     18.96
2011-06-29      29.7                0.59     19.47
2011-06-30     41.19                0.61     19.58
2011-07-01      27.1                1.78     19.89
2011-07-02      0.65                3.12     24.09
2011-07-03      2.07                3.02     18.42
2011-07-04     64.93                0.91     19.42
2011-07-05     16.39                 2.4     19.25
2011-07-06     12.43                2.52     16.97
2011-07-07      2.17                1.75     21.39
2011-07-08      3.84                1.96     20.47
2011-07-09      1.97                1.58     23.45
2011-07-10      0.65                3.07     22.42
2011-07-11     13.15                 2.1     22.44
2011-07-12      5.49                1.61     22.98
2011-07-13      4.55                1.74     22.78
2011-07-14      0.12                2.86     23.38
2011-07-15      0.58                 3.6     23.07
2011-07-16      0.53                3.31     24.09
2011-07-17     22.21                2.28     20.35
2011-07-18      3.29                1.22     21.41
2011-07-19     10.07                1.51     22.66
2011-07-20     18.77                1.12     21.64
2011-07-21      27.1                0.63     22.25
2011-07-22     19.64                1.35     23.17
2011-07-23      1.07                2.48     23.78
2011-07-24      0.13                3.62      22.9
2011-07-25      0.71                2.84     22.62
2011-07-26      5.82                1.91     23.79
2011-07-27      6.27                3.39      23.4
2011-07-28      2.27                2.81     23.43
2011-07-29      3.69                3.03     23.42
2011-07-30      0.25                3.01     23.92
2011-07-31      0.13                3.81     24.34
2011-08-01       0.0                3.79     25.77
2011-08-02      2.47                3.48     22.09
2011-08-03       0.2                3.64      21.8
