2011-01-01      0.39                 0.5     -9.02
2011-01-02      0.26                 0.3    -12.32
2011-01-03      1.14                0.25    -12.93
2011-01-04       0.0                0.42    -12.56
2011-01-05      0.02                0.46    -15.32
2011-01-06      0.02                0.42     -17.7
2011-01-07       0.0                0.38    -18.61
2011-01-08      0.22                0.39     -7.07
2011-01-09      0.02                0.41    -12.97
2011-01-10      0.01                0.36     -13.9
2011-01-11      1.96                0.39     -9.07
2011-01-12      0.44                0.54    -20.09
2011-01-13      0.17                0.45    -19.01
2011-01-14       0.0                0.36    -14.76
2011-01-15     24.43                0.27     -2.59
2011-01-16      3.27                0.92    -22.83
2011-01-17      0.17                 0.4     -25.6
2011-01-18      0.15                0.47    -25.68
2011-01-19       0.0                0.37    -24.83
2011-01-20      0.09                0.32    -20.98
2011-01-21     12.87                0.24    -17.07
2011-01-22      0.04                0.52    -26.83
2011-01-23      0.01                0.24    -29.19
2011-01-24       0.0                0.15    -25.21
2011-01-25      0.15                0.17    -21.05
2011-01-26      0.11                0.23    -19.65
2011-01-27      0.19                0.22    -25.22
2011-01-28       0.0                0.17    -18.62
2011-01-29      0.07                0.24    -15.96
2011-01-30       0.0                0.31    -20.67
2011-01-31      1.17                0.24     -8.96
2011-02-01      0.36                0.22    -18.34
2011-02-02       0.0                0.29     -23.7
2011-02-03       0.0                 0.2    -22.08
2011-02-04      0.03                0.26    -16.75
2011-02-05      0.01                0.22    -15.81
2011-02-06      0.02                0.28    -17.04
2011-02-07      2.97                0.27     -5.95
2011-02-08      0.81                0.19    -14.29
2011-02-09      0.15                0.25    -11.13
2011-02-10      1.26                0.18     -9.26
2011-02-11      0.04                0.48    -20.09
2011-02-12      0.03                0.26    -21.45
2011-02-13      0.24                0.23    -16.47
2011-02-14       0.0                0.36     -14.6
2011-02-15      0.99                0.19     -4.12
2011-02-16      0.69                0.22     -9.91
2011-02-17      0.06                0.35    -10.27
2011-02-18       3.2                0.53     -7.32
2011-02-19      0.17                0.55    -14.82
2011-02-20      0.02                0.32     -9.35
2011-02-21      0.65                0.33     -3.86
2011-02-22      0.16                0.06     -8.35
2011-02-23       0.0                0.24     -5.69
2011-02-24     28.66               -0.24      7.42
2011-02-25     19.18               -0.85       0.6
2011-02-26       0.0                 0.4     -8.67
2011-02-27       0.0                0.24     -3.45
2011-02-28      0.75                0.61     -1.78
2011-03-01       0.0                0.97     -7.42
2011-03-02       0.0                0.67     -2.63
2011-03-03       0.0                 0.7      -3.3
2011-03-04      1.42                0.55     -0.26
2011-03-05       4.8                 0.2      -3.3
2011-03-06       0.0                0.59      -2.3
2011-03-07      0.19                0.89     -1.27
2011-03-08       0.0                0.55     -2.48
2011-03-09       0.0                 0.8      0.49
2011-03-10       0.1                0.48      1.81
2011-03-11      0.01                0.38      1.98
2011-03-12      2.18                0.87     -0.74
2011-03-13      0.02                0.91     -1.22
2011-03-14       0.0                 0.7      2.25
2011-03-15       0.0                0.52      1.39
2011-03-16       0.0                0.56       3.1
2011-03-17       0.0                0.82      6.76
2011-03-18      0.65                0.67      1.65
2011-03-19      2.23                 0.9     -3.43
2011-03-20      0.07                0.99     -4.37
2011-03-21      2.53                0.61     -2.95
2011-03-22       1.3                0.79     -0.92
2011-03-23       0.1                0.58      0.44
2011-03-24       0.0                0.52      6.15
2011-03-25      0.22                0.73      6.07
2011-03-26      8.64                1.55      -2.7
2011-03-27       0.1                 0.7     -1.62
2011-03-28     10.47                 0.6      -1.2
2011-03-29      2.19                0.38     -1.01
2011-03-30      1.14                0.63      0.29
2011-03-31      7.79                 1.8     -0.63
2011-04-01       0.0                1.17      4.93
2011-04-02       0.0                0.39      9.34
2011-04-03      0.01                1.34      2.09
2011-04-04       0.0                1.21      4.79
2011-04-05      0.29                1.27      1.55
2011-04-06       0.4                1.05       6.9
2011-04-07      1.25                1.64      6.92
2011-04-08     11.96                1.06      2.34
2011-04-09      2.85                 1.5      4.86
2011-04-10       0.0                1.63      6.91
2011-04-11       0.0                1.59      7.96
2011-04-12      41.7                0.95      4.65
2011-04-13      1.64                 0.6       3.9
2011-04-14      0.08                1.28      6.63
2011-04-15       0.0                1.72      8.54
2011-04-16      2.36                1.48       6.1
2011-04-17     26.44                1.62      3.21
2011-04-18       0.0                1.94      6.34
2011-04-19       0.0                1.56      6.62
2011-04-20       0.0                2.18     11.44
2011-04-21       0.0                1.92     12.29
2011-04-22      3.52                1.51       8.9
2011-04-23      9.42                0.73      6.34
2011-04-24       0.0                2.64     10.91
2011-04-25       0.0                2.12      6.88
2011-04-26     18.04                1.83      3.57
2011-04-27      1.25                1.49      8.73
2011-04-28       0.0                2.48      9.32
2011-04-29      0.05                 2.6      9.38
2011-04-30      0.08                2.48     10.37
2011-05-01       0.0                2.77     15.55
2011-05-02      0.77                2.45     12.59
2011-05-03       0.0                 2.6     15.29
2011-05-04       0.1                2.55      15.3
2011-05-05      1.47                 2.0     15.21
2011-05-06      3.61                1.25     12.39
2011-05-07      4.99                0.91     11.96
2011-05-08       0.0                3.47     15.51
2011-05-09       0.0                 3.9     18.19
2011-05-10       1.0                3.47     13.85
2011-05-11      2.79                1.31      16.3
2011-05-12      1.65                 2.4     15.08
2011-05-13      0.37                3.19     14.34
2011-05-14      0.54                1.84     11.24
2011-05-15      3.93                2.15      10.3
2011-05-16      0.49                1.97     10.84
2011-05-17      1.87                1.49      9.13
2011-05-18      2.97                 1.6       7.3
2011-05-19       0.0                2.37      9.13
2011-05-20      2.25                2.44      13.2
2011-05-21      2.38                2.96     17.71
2011-05-22      0.08                2.86     16.26
2011-05-23      0.05                2.16     17.76
2011-05-24      6.85                3.26     14.25
2011-05-25       0.0                3.96     18.22
2011-05-26       0.0                4.28      19.4
2011-05-27     14.37                3.63     16.17
2011-05-28      9.87                0.96     10.01
2011-05-29       0.3                2.13     13.16
2011-05-30       0.0                3.41     15.41
2011-05-31      0.13                3.04     13.42
2011-06-01       0.0                3.79     17.01
2011-06-02       0.0                4.15     16.96
2011-06-03       0.0                3.56     15.53
2011-06-04       0.0                3.73     20.56
2011-06-05       0.3                3.73     18.05
2011-06-06      4.92                2.78     15.53
2011-06-07      0.29                 3.8     18.96
2011-06-08       0.0                3.78     17.69
2011-06-09       0.0                4.12     17.91
2011-06-10       0.0                4.08     19.26
2011-06-11      0.54                3.28     18.23
2011-06-12      0.04                2.68     19.41
2011-06-13       0.0                4.07     21.19
2011-06-14       0.0                4.07     21.14
2011-06-15      4.68                3.12     15.76
2011-06-16      0.19                2.82      19.6
2011-06-17      0.41                 2.8     17.19
2011-06-18       0.0                3.31     19.46
2011-06-19      0.07                2.89     16.65
2011-06-20      0.08                2.34      16.5
2011-06-21      0.08                1.97     15.46
2011-06-22      9.96                2.48     16.07
2011-06-23      2.42                3.38     17.81
2011-06-24      1.41                2.71     19.15
2011-06-25       0.0                2.05     19.78
2011-06-26     73.64                0.74      19.0
2011-06-27      5.61                1.48     18.38
2011-06-28      2.49                2.28     18.08
2011-06-29      0.41                2.19      19.7
2011-06-30      0.46                 3.1     21.29
2011-07-01      0.12                3.39     19.21
2011-07-02       0.0                2.38     21.69
2011-07-03      8.92                3.22     19.87
2011-07-04      1.47                1.83     21.44
2011-07-05     28.72                1.52     19.25
2011-07-06      6.56                1.17     19.76
2011-07-07      2.53                1.79     21.32
2011-07-08      1.44                2.19     22.72
2011-07-09      4.19                 2.3     21.55
2011-07-10      1.67                2.32     24.89
2011-07-11      0.05                3.64     24.35
2011-07-12       0.0                3.94     25.67
2011-07-13       0.0                4.23     25.84
2011-07-14       0.0                4.17     25.01
2011-07-15      0.41                3.01     23.95
2011-07-16      0.54                3.11     24.22
2011-07-17      0.07                 3.5     25.12
2011-07-18      0.61                 3.4     22.96
2011-07-19      2.35                3.23      24.8
2011-07-20      4.38                3.46     22.49
2011-07-21       2.5                2.57      20.2
2011-07-22       0.2                1.31      19.3
2011-07-23      0.01                3.27     18.22
2011-07-24       0.0                3.71     22.37
2011-07-25      0.22                3.45     23.17
2011-07-26     23.61                1.37     22.11
2011-07-27     25.02                0.65     20.83
2011-07-28     33.45                0.27     21.18
2011-07-29     13.58                 2.7     23.48
2011-07-30      0.53                3.37     25.53
2011-07-31      1.15                3.74     24.65
2011-08-01      0.05                4.03     25.51
2011-08-02      0.42                3.45     23.08
2011-08-03       0.0                4.04     25.69
