2011-01-01      0.39                0.42     -7.82
2011-01-02      0.79                0.25     -7.01
2011-01-03      0.42                0.21    -10.44
2011-01-04       0.0                0.43    -11.14
2011-01-05      0.24                0.43    -16.02
2011-01-06      0.17                0.33    -19.46
2011-01-07       0.0                 0.4    -12.69
2011-01-08       0.0                0.42    -11.16
2011-01-09      1.84                0.27     -3.58
2011-01-10      0.05                0.58    -16.58
2011-01-11      0.02                0.37    -13.03
2011-01-12      0.15                0.43    -16.99
2011-01-13       0.0                0.44    -15.09
2011-01-14      0.03                0.44    -19.93
2011-01-15       0.0                 0.3     -18.3
2011-01-16      0.72                0.38     -9.69
2011-01-17      0.08                0.46    -19.85
2011-01-18       0.0                0.31     -17.1
2011-01-19      0.68                0.26      -4.3
2011-01-20      1.07                0.07     -3.03
2011-01-21      0.12                0.42     -3.17
2011-01-22      0.08                0.23     -4.77
2011-01-23      0.13                0.47    -12.12
2011-01-24      0.12                0.34    -15.15
2011-01-25      0.77                0.35     -9.95
2011-01-26      0.05                 0.4    -10.22
2011-01-27      4.57                0.42     -7.16
2011-01-28      0.02                0.77    -14.17
2011-01-29      0.02                0.62    -21.57
2011-01-30      0.01                0.55    -22.77
2011-01-31      0.03                0.36    -11.25
2011-02-01      0.58                0.45    -10.41
2011-02-02       0.0                0.76    -16.01
2011-02-03       0.0                0.59    -19.33
2011-02-04       0.0                0.46    -21.87
2011-02-05      0.87                0.29     -5.12
2011-02-06      0.03                0.73    -20.82
2011-02-07       0.0                0.41    -20.59
2011-02-08      0.07                0.35     -4.34
2011-02-09      0.27                0.07     -3.02
2011-02-10       0.0                0.52     -1.96
2011-02-11      0.37                0.29     -0.77
2011-02-12      0.34                0.02      1.02
2011-02-13      0.76                0.16      1.92
2011-02-14       1.9                0.38      -5.8
2011-02-15      1.38                0.52     -3.64
2011-02-16      0.49                0.36     -3.42
2011-02-17       0.0                0.25      -4.4
2011-02-18       0.0                0.34     -3.49
2011-02-19      0.01                0.25     -1.18
2011-02-20      0.09                0.26     -0.85
2011-02-21       0.0                0.27      0.91
2011-02-22       0.0                0.26       1.5
2011-02-23      6.23                0.11      2.01
2011-02-24      6.02                1.08     -6.77
2011-02-25      0.26                0.51    -10.58
2011-02-26      0.03                0.47     -6.86
2011-02-27       0.0                0.62    -11.78
2011-02-28       0.0                 0.4     -6.65
2011-03-01      0.08                0.29     -5.96
2011-03-02       0.0                0.37     -4.27
2011-03-03      0.26                 0.3     -4.06
2011-03-04      0.21                0.36     -1.59
2011-03-05      1.21                0.21      -4.7
2011-03-06      0.01                0.33     -4.89
2011-03-07       0.0                0.45     -2.15
2011-03-08      0.65                0.35     -0.39
2011-03-09      6.13                0.49     -6.94
2011-03-10      0.26                0.56     -6.71
2011-03-11      0.02                 0.7     -3.67
2011-03-12      1.12                0.46     -2.96
2011-03-13       0.0                0.86     -1.41
2011-03-14       0.0                0.68      3.23
2011-03-15      0.77                0.46      4.63
2011-03-16      0.03                0.39      3.02
2011-03-17       0.0                0.78      4.33
2011-03-18       0.0                0.67      6.74
2011-03-19       0.0                0.85      7.89
2011-03-20       0.0                0.59      8.36
2011-03-21      2.24                1.21     -3.54
2011-03-22      0.29                0.78     -2.49
2011-03-23      0.34                 0.6     -2.18
2011-03-24       0.0                0.42      1.18
2011-03-25       0.0                0.45      2.36
2011-03-26       0.0                0.53      3.81
2011-03-27      0.13                0.77      2.27
2011-03-28       0.0                1.12      2.64
2011-03-29      0.09                0.91      1.89
2011-03-30       0.0                1.01       4.3
2011-03-31       0.0                0.96      6.52
2011-04-01      0.04                0.99     10.63
2011-04-02      0.06                1.07      4.81
2011-04-03     33.56                1.72      1.28
2011-04-04     14.77                1.12      2.36
2011-04-05      0.26                0.93      2.63
2011-04-06       3.3                0.73      3.06
2011-04-07      1.84                1.06      3.67
2011-04-08      0.17                1.28      5.84
2011-04-09       0.0                1.63     10.34
2011-04-10       0.0                1.73     12.04
2011-04-11     22.12                1.73      3.17
2011-04-12      2.48                1.53      2.67
2011-04-13       0.0                1.27      6.06
2011-04-14      0.78                1.58      6.95
2011-04-15       0.0                 1.8     10.45
2011-04-16      1.23                1.58      9.69
2011-04-17      0.05                1.68     13.27
2011-04-18      0.12                 1.9     14.11
2011-04-19     19.39                1.67      0.12
2011-04-20      0.57                0.87      4.78
2011-04-21       0.0                2.09      7.95
2011-04-22       0.0                2.27     12.74
2011-04-23       0.0                2.53     14.27
2011-04-24     11.71                1.32      8.32
2011-04-25     17.63                0.64       6.3
2011-04-26     10.61                0.65       8.4
2011-04-27       0.0                2.22     13.56
2011-04-28       0.0                 2.8     14.73
2011-04-29      0.12                2.93     11.07
2011-04-30      0.25                1.24      12.6
2011-05-01      0.05                2.02     10.15
2011-05-02      0.24                1.38     11.45
2011-05-03      5.62                2.96      9.79
2011-05-04      0.77                2.35      8.99
2011-05-05       0.0                3.08      8.93
2011-05-06       0.0                3.09      9.74
2011-05-07      0.05                2.39      8.75
2011-05-08      0.05                2.58     15.28
2011-05-09       0.0                 3.1     16.98
2011-05-10       0.0                3.24     16.34
2011-05-11      0.07                2.78     14.24
2011-05-12      0.05                2.49     13.98
2011-05-13       0.0                2.16     16.03
2011-05-14      0.19                 2.6     16.44
2011-05-15       0.0                3.74     18.49
2011-05-16      0.01                3.59     16.62
2011-05-17      2.36                3.49      9.53
2011-05-18       4.3                2.69      7.86
2011-05-19      0.07                2.11     13.16
2011-05-20       0.0                3.47     17.38
2011-05-21      0.17                2.76     16.94
2011-05-22      9.71                2.48     13.12
2011-05-23      0.39                1.55     13.03
2011-05-24       0.0                3.55     18.46
2011-05-25       0.0                 4.0     20.93
2011-05-26       0.0                3.61     14.38
2011-05-27      0.05                3.03     12.31
2011-05-28      0.05                2.22     13.89
2011-05-29       0.0                3.04     14.95
2011-05-30       0.0                 2.7      15.4
2011-05-31      0.05                3.13     16.65
2011-06-01       0.0                3.31     18.09
2011-06-02       0.0                3.51     18.13
2011-06-03      0.53                2.84     19.21
2011-06-04       0.0                3.07     21.37
2011-06-05      0.17                3.13      19.5
2011-06-06       0.0                3.65     20.88
2011-06-07      2.79                3.39     20.49
2011-06-08       0.0                3.53     25.31
2011-06-09       0.0                3.66      24.1
2011-06-10       0.0                3.67     22.72
2011-06-11       0.0                3.16     22.49
2011-06-12      0.12                2.97     18.62
2011-06-13      2.09                1.35     17.34
2011-06-14       0.0                2.56     22.48
2011-06-15       0.0                2.88     21.61
2011-06-16      0.07                2.12     18.65
2011-06-17     16.15                1.33     18.29
2011-06-18     13.19                3.27     16.03
2011-06-19       0.0                3.56     18.65
2011-06-20      0.32                3.09     15.39
2011-06-21      0.16                 2.0     18.51
2011-06-22      0.44                 3.1     19.49
2011-06-23       0.0                2.95     20.32
2011-06-24      0.05                3.42     21.71
2011-06-25       0.6                2.65     23.05
2011-06-26      0.95                3.26     19.47
2011-06-27      1.88                2.11     20.74
2011-06-28      0.24                 2.8     20.07
2011-06-29      0.94                2.58     21.48
2011-06-30      0.12                3.02      25.3
2011-07-01      8.74                3.15     22.02
2011-07-02      2.35                3.38     23.95
2011-07-03      1.05                2.64      21.0
2011-07-04      0.35                2.15     21.88
2011-07-05      1.59                2.89     22.49
2011-07-06      0.95                1.91      22.5
2011-07-07      5.44                2.26     21.81
2011-07-08      8.01                1.79     21.41
2011-07-09      6.52                0.49     22.83
2011-07-10      3.78                2.26     22.35
2011-07-11     21.78                0.89      18.3
2011-07-12     11.02                0.97     21.21
2011-07-13     11.01                1.68     22.17
2011-07-14     13.93                1.72     23.64
2011-07-15      9.84                1.72     23.02
2011-07-16      0.85                2.13     22.59
2011-07-17       0.1                3.63     25.38
2011-07-18       0.0                4.06     25.54
2011-07-19      0.61                3.77      23.4
2011-07-20      2.35                2.63     24.29
2011-07-21       5.8                 3.6     24.83
2011-07-22      2.84                3.59     26.29
2011-07-23      6.61                3.16     25.55
2011-07-24      4.03                 3.4     25.69
2011-07-25      4.47                3.13     24.35
2011-07-26      5.94                3.01     24.52
2011-07-27      1.07                3.62     26.73
2011-07-28      0.24                 3.8      27.3
2011-07-29      2.83                3.87     25.43
2011-07-30      1.31                3.19     25.22
2011-07-31       0.0                3.49     25.38
2011-08-01       0.0                 3.9     28.83
2011-08-02      1.64                3.68      26.3
2011-08-03     36.93                 2.4     22.77
