2011-01-01      0.38                0.44     -7.46
2011-01-02      0.82                0.22      -8.7
2011-01-03      1.56                0.22    -10.71
2011-01-04       0.0                0.35    -10.84
2011-01-05      0.05                0.37    -15.59
2011-01-06      0.19                0.29    -17.27
2011-01-07      0.12                0.38     -6.73
2011-01-08       0.0                0.41    -12.94
2011-01-09      0.84                0.33     -9.65
2011-01-10      0.25                0.27    -16.07
2011-01-11      0.18                0.41    -22.42
2011-01-12       0.0                0.47    -22.29
2011-01-13      0.79                0.42    -13.57
2011-01-14       1.3                0.53    -22.58
2011-01-15      0.22                0.38    -12.14
2011-01-16      0.17                0.37    -13.89
2011-01-17      0.83                0.34    -14.51
2011-01-18      0.09                0.51    -14.39
2011-01-19      1.49                0.27    -20.81
2011-01-20       0.0                0.62    -23.67
2011-01-21      5.89                0.34    -20.29
2011-01-22      0.58                0.41    -29.01
2011-01-23       0.0                0.38    -20.52
2011-01-24      8.51                 0.3     -2.93
2011-01-25      0.19                0.75    -24.56
2011-01-26      0.01                0.67    -27.24
2011-01-27       0.0                 0.4    -26.89
2011-01-28       0.0                0.43     -23.2
2011-01-29       0.0                 0.4    -22.39
2011-01-30      0.03                0.47     -28.7
2011-01-31       0.0                0.36    -25.91
2011-02-01       0.0                 0.3    -22.46
2011-02-02      2.03                0.52    -19.51
2011-02-03      0.19                0.43    -24.68
2011-02-04      0.22                0.33    -11.75
2011-02-05      2.73                0.36     -4.04
2011-02-06      0.17                0.43    -13.52
2011-02-07      0.09                0.38     -9.67
2011-02-08      1.24                0.37     -9.51
2011-02-09       0.0                 0.4    -11.49
2011-02-10      0.02                0.24      -9.8
2011-02-11       0.0                0.48     -1.05
2011-02-12      0.01                0.17     -5.61
2011-02-13      1.28                0.13     -2.69
2011-02-14      6.88                0.26     -1.92
2011-02-15      7.34                0.31     -2.03
2011-02-16      2.29                 0.5     -5.33
2011-02-17      1.05                0.63     -6.97
2011-02-18      0.21                0.29    -11.59
2011-02-19       0.0                 0.4     -8.84
2011-02-20      0.02                0.39    -12.37
2011-02-21       0.0                0.64    -11.94
2011-02-22       0.0                0.53    -14.04
2011-02-23       0.0                0.45    -12.47
2011-02-24      0.01                0.53     -7.43
2011-02-25       0.0                0.64     -13.8
2011-02-26       0.0                0.47     -6.64
2011-02-27      1.24                0.58     -3.01
2011-02-28      0.33                0.45    -11.25
2011-03-01      1.01                0.43     -8.15
2011-03-02      6.35                0.53      -4.8
2011-03-03      2.01                0.55     -4.94
2011-03-04      0.02                0.54     -7.88
2011-03-05      0.05                0.54     -4.34
2011-03-06       0.0                0.28     -1.68
2011-03-07       0.0                 0.2     -2.09
2011-03-08      0.05                0.59      0.59
2011-03-09       0.0                0.59     -2.02
2011-03-10      0.56                1.32     -9.88
2011-03-11       0.0                0.86     -6.44
2011-03-12      0.09                0.66     -0.92
2011-03-13      1.87                 1.0      3.07
2011-03-14      0.17                1.46     -4.44
2011-03-15       0.0                0.92     -4.49
2011-03-16       0.0                0.75      1.54
2011-03-17       0.0                0.49       5.5
2011-03-18      0.02               -0.19      6.35
2011-03-19       6.3               -0.19      4.49
2011-03-20      3.96                1.31     -4.66
2011-03-21      0.05                1.02      -1.2
2011-03-22     14.41                 0.4      4.13
2011-03-23      0.38                0.59     -0.11
2011-03-24      0.62                0.47      0.49
2011-03-25     11.99                 0.4     -0.54
2011-03-26      3.15                0.33     -1.15
2011-03-27      1.67                0.41     -3.08
2011-03-28       0.0                0.91      4.21
2011-03-29      3.01                0.05      6.41
2011-03-30      0.06                 0.2      4.23
2011-03-31      0.86                1.22      8.12
2011-04-01       0.0                1.15      1.96
2011-04-02       0.0                1.13      3.69
2011-04-03       0.0                1.01      4.77
2011-04-04       0.0                1.25     10.78
2011-04-05     18.07                1.57      6.05
2011-04-06       0.0                1.32      5.99
2011-04-07      0.03                1.59      6.14
2011-04-08       0.0                1.29      7.14
2011-04-09       0.0                1.91      9.56
2011-04-10       0.0                1.88     10.93
2011-04-11       0.0                1.94     10.82
2011-04-12      1.41                 1.7      2.85
2011-04-13      0.05                0.74      4.07
2011-04-14       0.0                1.53      9.35
2011-04-15      2.78                 0.7     11.78
2011-04-16      3.07                0.93      4.97
2011-04-17       0.0                1.47      4.53
2011-04-18       0.0                1.95      6.37
2011-04-19       0.0                2.03      9.89
2011-04-20      0.07                2.06     14.42
2011-04-21      1.94                2.03     12.14
2011-04-22      2.26                1.46     12.21
2011-04-23      1.36                1.52     15.68
2011-04-24      0.12                1.99     13.77
2011-04-25      0.01                1.69      9.82
2011-04-26       0.0                2.26      7.42
2011-04-27       0.0                1.72      8.56
2011-04-28       0.0                2.23      6.74
2011-04-29      4.22                1.27      8.27
2011-04-30      3.53                2.04      6.09
2011-05-01      0.19                2.21     11.28
2011-05-02       0.0                2.99     13.41
2011-05-03      3.56                3.27     10.75
2011-05-04      6.41                1.53     11.59
2011-05-05       0.0                3.07     10.95
2011-05-06      0.05                2.96      9.52
2011-05-07       0.0                3.14     13.45
2011-05-08       0.0                3.25     16.85
2011-05-09      2.34                3.19     13.04
2011-05-10      0.49                2.04     13.95
2011-05-11       0.0                 3.3     19.11
2011-05-12       9.7                3.14     10.59
2011-05-13      9.46                0.96      12.5
2011-05-14      3.98                3.32     12.29
2011-05-15      7.11                3.03      10.3
2011-05-16      1.11                1.78     10.25
2011-05-17      4.56                1.86     11.98
2011-05-18      0.34                1.63     14.47
2011-05-19      0.41                3.05     14.33
2011-05-20      3.39                1.55     13.54
2011-05-21       0.0                3.29      17.7
2011-05-22       0.0                3.88     14.64
2011-05-23      6.95                0.85      15.4
2011-05-24      3.72                1.59     15.17
2011-05-25       0.0                3.96     17.16
2011-05-26       0.0                3.95     17.96
2011-05-27       0.0                4.08     21.02
2011-05-28      0.19                3.89     18.18
2011-05-29     20.48                1.46     16.22
2011-05-30       0.0                3.87     16.22
2011-05-31       1.6                3.63     15.43
2011-06-01     11.72                3.83      15.1
2011-06-02       0.0                 2.9     16.16
2011-06-03       0.0                 4.2     18.58
2011-06-04       0.0                3.48     20.84
2011-06-05       0.0                4.43     21.51
2011-06-06       0.0                3.99     16.74
2011-06-07      0.14                1.17     15.87
2011-06-08      0.18                3.35     15.07
2011-06-09      0.05                 3.1      18.4
2011-06-10      0.07                3.42     18.89
2011-06-11      0.12                3.09     15.81
2011-06-12       6.9                2.64     16.46
2011-06-13      0.08                3.36     16.55
2011-06-14     17.46                 2.2     12.85
2011-06-15     60.72                3.17     16.27
2011-06-16       0.7                2.65      18.7
2011-06-17       0.0                4.12     22.56
2011-06-18     51.36                2.15     16.84
2011-06-19      7.99                1.56     11.75
2011-06-20     10.36                1.65     11.99
2011-06-21       1.0                1.44     17.25
2011-06-22      0.05                3.51     19.65
2011-06-23       0.0                3.92     22.07
2011-06-24       0.0                4.68     25.25
2011-06-25       0.0                4.73     24.77
2011-06-26      0.42                4.24     22.41
2011-06-27      2.37                3.79     19.43
2011-06-28      0.12                3.75     22.17
2011-06-29      0.05                4.22     25.27
2011-06-30       0.0                4.26     25.12
2011-07-01       0.0                4.57     24.57
2011-07-02       0.0                4.41     24.85
2011-07-03       0.0                4.23      24.0
2011-07-04       0.0                2.89     24.13
2011-07-05     17.54                2.91     21.63
2011-07-06     46.91                1.95     18.96
2011-07-07       0.0                3.61     20.35
2011-07-08       0.0                4.04      23.6
2011-07-09     45.02                2.68     19.96
2011-07-10      3.16                1.85     17.43
2011-07-11      78.5                1.04     16.88
2011-07-12      5.09                0.96     18.96
2011-07-13     12.57                1.12     18.77
2011-07-14     44.72                0.82     18.18
2011-07-15       6.8                2.43     17.64
2011-07-16     16.12                1.59     19.74
2011-07-17      2.72                 2.6     23.51
2011-07-18      9.57                3.46     22.36
2011-07-19     11.19                 2.5     19.03
2011-07-20    105.42                0.98     17.29
2011-07-21      0.08                2.91     19.76
2011-07-22       0.0                2.59     20.09
2011-07-23     16.29                2.19     20.88
2011-07-24      2.14                0.83     21.19
2011-07-25      0.48                2.98     22.04
2011-07-26      1.07                2.99     23.28
2011-07-27      0.46                2.88      25.0
2011-07-28       0.0                4.02     26.69
2011-07-29      0.12                4.19     25.21
2011-07-30      0.58                3.76     21.08
2011-07-31      9.23                1.47     18.75
2011-08-01       0.0                1.33     23.89
2011-08-02      1.41                 3.0     24.37
2011-08-03       0.0                3.63     25.88
