2011-01-01       0.2                0.34      -8.6
2011-01-02      1.11                0.22     -5.99
2011-01-03      0.15                0.13    -10.51
2011-01-04       0.0                0.21    -11.55
2011-01-05       0.0                0.26    -12.15
2011-01-06      0.05                 0.2    -14.66
2011-01-07       0.0                0.35    -15.68
2011-01-08      0.02                0.23    -11.77
2011-01-09      0.08                0.25     -12.6
2011-01-10      0.03                0.33    -20.37
2011-01-11       0.0                0.33    -19.58
2011-01-12      0.42                0.23    -11.02
2011-01-13       0.0                0.43    -17.94
2011-01-14       0.0                0.27    -16.72
2011-01-15      0.02                0.33    -15.53
2011-01-16      0.02                 0.4    -23.72
2011-01-17      0.31                 0.3     -9.03
2011-01-18      0.17                0.28    -13.25
2011-01-19      0.01                0.38     -19.9
2011-01-20       0.0                 0.2    -17.75
2011-01-21      0.03                0.16    -13.97
2011-01-22      0.01                0.22     -14.5
2011-01-23       0.0                0.16    -10.77
2011-01-24      0.02                0.11     -4.84
2011-01-25      3.98                0.12      -3.8
2011-01-26      0.25                0.29    -13.77
2011-01-27      0.31                 0.3     -8.14
2011-01-28      1.87                0.06     -4.08
2011-01-29      7.31                0.19    -15.78
2011-01-30      1.15                0.76    -12.43
2011-01-31      0.02                 0.6    -20.68
2011-02-01       0.0                0.38    -14.81
2011-02-02      1.27                0.25     -9.08
2011-02-03      0.18                0.56    -24.87
2011-02-04      0.01                0.35     -26.6
2011-02-05       0.0                0.34    -25.01
2011-02-06       0.0                0.42    -21.18
2011-02-07       0.0                0.35    -14.19
2011-02-08       0.0                0.34    -13.71
2011-02-09       8.6                0.35     -0.19
2011-02-10       1.0                0.48    -13.64
2011-02-11       0.0                0.51    -14.33
2011-02-12      0.03                0.41    -12.51
2011-02-13      1.23                0.35     -7.51
2011-02-14       0.3                0.76    -21.97
2011-02-15       0.0                0.51     -21.9
2011-02-16       0.0                0.45    -16.43
2011-02-17       0.0                0.48    -15.37
2011-02-18      0.67                0.47     -9.25
2011-02-19      0.59                0.27    -15.88
2011-02-20       0.0                0.53     -2.65
2011-02-21      4.77               -0.32      1.15
2011-02-22      0.76                0.32      -2.2
2011-02-23      4.27                0.41      -2.8
2011-02-24      0.37                0.25      -6.6
2011-02-25      0.01                0.75     -4.26
2011-02-26      8.55                0.32     -5.18
2011-02-27      2.01                0.29     -5.16
2011-02-28      1.43                0.36     -6.25
2011-03-01       0.0                0.66    -13.07
2011-03-02      0.08                 0.5     -6.44
2011-03-03      0.34                0.36     -5.53
2011-03-04      0.29                0.62      -4.5
2011-03-05       0.6                 0.4      0.34
2011-03-06      3.01                0.33      -3.4
2011-03-07      0.08                0.45     -4.81
2011-03-08      12.9                0.37     -2.63
2011-03-09      3.04                0.27     -9.02
2011-03-10      0.22                0.54     -2.55
2011-03-11      1.02                0.16     -0.23
2011-03-12      0.39                0.28      -6.9
2011-03-13       0.0                0.51     -1.71
2011-03-14       0.0                0.65     -0.44
2011-03-15      0.71                0.06      0.95
2011-03-16      0.11                0.73     -6.06
2011-03-17      0.16                0.48     -2.87
2011-03-18       0.0                0.71      0.62
2011-03-19     13.02                 0.1      2.52
2011-03-20       0.0                0.27      2.98
2011-03-21       0.0                0.36     -1.87
2011-03-22      0.22                0.74      0.39
2011-03-23      0.14                0.55      3.74
2011-03-24       0.0                0.64      4.38
2011-03-25       0.0                0.58      5.99
2011-03-26     26.07                 0.2      2.36
2011-03-27      4.65                0.65      3.72
2011-03-28       0.0                0.91      4.75
2011-03-29      4.67                0.77      3.34
2011-03-30      2.44                1.36      1.98
2011-03-31     16.22                0.26      0.69
2011-04-01      11.6                0.44      0.05
2011-04-02      1.91                0.54      0.65
2011-04-03      0.17                0.57       3.3
2011-04-04       0.0                0.75      6.66
2011-04-05       2.9                0.89      8.52
2011-04-06     11.05                0.41      8.37
2011-04-07       0.9                 0.5      9.56
2011-04-08      9.04                0.63      2.94
2011-04-09       0.0                1.31      3.27
2011-04-10      0.32                1.03      5.58
2011-04-11      0.27                1.27      6.05
2011-04-12       0.0                1.63      7.99
2011-04-13      2.29                1.12      8.31
2011-04-14      0.18                1.35     11.16
2011-04-15       0.0                1.91     10.35
2011-04-16       0.0                1.54      9.81
2011-04-17       0.0                1.14      6.35
2011-04-18      0.12                1.83      5.48
2011-04-19      0.06                1.87      8.66
2011-04-20      0.39                 1.9      7.57
2011-04-21       0.0                1.83     11.95
2011-04-22       0.0                2.24     15.22
2011-04-23      0.54                2.41     11.82
2011-04-24       0.0                1.96     11.47
2011-04-25       0.0                2.48     12.92
2011-04-26      0.12                2.41      8.38
2011-04-27      1.04                2.07     11.11
2011-04-28       0.0                2.44     12.83
2011-04-29      0.79                2.09      8.66
2011-04-30      1.23                 1.3     11.83
2011-05-01       0.0                2.66     12.24
2011-05-02       0.0                 2.9     13.22
2011-05-03       0.0                 2.9     15.63
2011-05-04      6.05                2.99     11.02
2011-05-05      33.7                0.44     13.07
2011-05-06      1.02                 1.9     12.82
2011-05-07      0.06                2.34     14.28
2011-05-08      0.15                2.65     10.08
2011-05-09      0.36                2.95     12.32
2011-05-10       0.0                3.55     13.97
2011-05-11       0.0                3.26     15.62
2011-05-12       0.0                2.92     15.85
2011-05-13      0.54                1.64     11.17
2011-05-14      1.12                1.23      8.79
2011-05-15      5.55                0.79      7.32
2011-05-16      0.88                1.41     12.15
2011-05-17      0.03                 2.7       8.9
2011-05-18      0.07                1.55      8.78
2011-05-19       0.0                2.24     11.36
2011-05-20      0.01                2.49     14.68
2011-05-21       0.0                 3.3     18.64
2011-05-22       0.0                3.94     18.91
2011-05-23      0.12                3.61     16.79
2011-05-24       0.0                2.94     13.85
2011-05-25      3.53                1.82      13.9
2011-05-26      5.89                1.81     15.47
2011-05-27     19.28                2.55      8.46
2011-05-28      5.57                2.57     11.75
2011-05-29       0.0                3.35     15.01
2011-05-30       0.0                3.43     15.46
2011-05-31      2.34                3.25     12.03
2011-06-01      0.08                3.03     14.26
2011-06-02     28.31                2.22      9.71
2011-06-03      0.25                2.15     15.57
2011-06-04      0.07                3.03     17.35
2011-06-05       4.6                3.49     16.56
2011-06-06       0.0                4.13     17.62
2011-06-07       0.0                4.58     20.16
2011-06-08       0.0                3.47     21.09
2011-06-09      0.26                3.21     12.34
2011-06-10     18.81                 1.4     10.35
2011-06-11     10.41                 1.3     14.64
2011-06-12       0.0                2.55     14.53
2011-06-13      0.12                3.38     18.28
2011-06-14      0.58                2.89     16.32
2011-06-15      0.61                3.36     15.51
2011-06-16      8.81                4.26     15.19
2011-06-17       0.0                3.57     19.36
2011-06-18       0.0                3.64     20.86
2011-06-19      0.05                3.85     19.31
2011-06-20      14.5                3.45     14.82
2011-06-21     15.03                1.55     15.69
2011-06-22      1.55                2.43     18.66
2011-06-23      1.28                3.31     17.64
2011-06-24      0.01                3.62     22.11
2011-06-25      0.34                2.95     20.04
2011-06-26       3.6                 3.4     19.12
2011-06-27      0.88                2.77     17.67
2011-06-28       0.0                3.89     20.21
2011-06-29      0.36                3.68     19.95
2011-06-30      0.05                3.52     21.17
2011-07-01     30.01                3.33     16.05
2011-07-02      1.36                1.27      19.8
2011-07-03      0.58                2.95     20.64
2011-07-04      2.13                1.49     20.38
2011-07-05      3.31                2.63     21.46
2011-07-06     10.22                1.84      21.4
2011-07-07     24.11                 2.5     18.97
2011-07-08      7.13                1.93     17.15
2011-07-09      5.55                1.23     19.33
2011-07-10      1.07                1.93     20.45
2011-07-11      0.36                 3.4     22.32
2011-07-12     18.36                2.31     22.93
2011-07-13     18.36                2.39     22.31
2011-07-14     23.36                0.34     22.13
2011-07-15     14.23                0.69      23.5
2011-07-16     12.86                2.03      24.0
2011-07-17      2.01                 1.8     24.59
2011-07-18      2.95                 2.8     24.16
2011-07-19      5.54                2.57     24.21
2011-07-20     46.03                2.79     21.93
2011-07-21      9.86                0.82     21.71
2011-07-22      6.25                2.25     24.12
2011-07-23      3.68                2.85     24.15
2011-07-24      6.37                2.72     23.25
2011-07-25      0.62                3.22     24.81
2011-07-26      0.58                3.37     25.06
2011-07-27      0.12                3.78     23.88
2011-07-28       0.0                 3.5     26.36
2011-07-29       0.0                 4.3     23.45
2011-07-30       0.0                4.06     20.91
2011-07-31       0.0                4.03     26.17
2011-08-01      2.37                3.37     23.91
2011-08-02     11.93                2.61     23.74
2011-08-03     33.36                2.64     22.29
