2011-01-01      0.35                0.39     -8.45
2011-01-02      0.11                 0.2     -9.85
2011-01-03      0.39                0.21    -10.43
2011-01-04       0.2                0.33    -10.73
2011-01-05       0.0                0.41    -13.77
2011-01-06       0.0                0.41    -17.84
2011-01-07       0.0                0.28    -15.89
2011-01-08      0.03                0.22    -10.99
2011-01-09      5.25                0.16     -7.56
2011-01-10      0.08                0.56    -22.88
2011-01-11       0.1                0.34    -15.27
2011-01-12      3.82                0.27     -1.16
2011-01-13      0.39                0.46    -19.22
2011-01-14       0.0                0.44    -21.44
2011-01-15      0.48                0.28    -11.91
2011-01-16      1.03                0.35    -26.68
2011-01-17      0.04                0.56    -35.71
2011-01-18       0.0                0.37     -27.3
2011-01-19      0.02                0.34    -22.07
2011-01-20       0.0                0.41    -20.45
2011-01-21      0.08                0.34    -19.61
2011-01-22       0.0                0.27    -22.12
2011-01-23       0.0                0.34    -14.83
2011-01-24      0.26                0.15     -9.39
2011-01-25      0.05                0.51    -15.06
2011-01-26      0.03                0.41    -20.88
2011-01-27      2.63                0.37    -10.66
2011-01-28      0.59                0.26    -17.04
2011-01-29      4.14                0.33     -6.67
2011-01-30      0.26                0.64    -28.11
2011-01-31      0.14                0.54     -32.8
2011-02-01      0.02                0.29    -25.99
2011-02-02       0.0                0.33    -19.95
2011-02-03      0.03                0.35    -15.39
2011-02-04       1.6                0.32     -4.29
2011-02-05      0.77                 0.2     -8.66
2011-02-06      1.34                0.15    -15.93
2011-02-07       0.0                0.35    -18.51
2011-02-08       0.0                0.28    -13.37
2011-02-09      12.2                0.49      3.18
2011-02-10       8.2               -0.31     -5.04
2011-02-11      0.01                0.45     -8.75
2011-02-12      3.25                0.39     -2.66
2011-02-13      1.24                0.15     -9.66
2011-02-14       0.7                0.37     -3.16
2011-02-15      0.14                0.42    -10.61
2011-02-16       0.1                0.25     -3.64
2011-02-17      0.13                0.68    -11.76
2011-02-18       0.0                0.61     -8.46
2011-02-19      0.08                 0.5     -2.87
2011-02-20       0.0                0.61    -10.26
2011-02-21       0.0                0.61    -11.59
2011-02-22       0.0                0.56    -10.75
2011-02-23      0.02                0.49     -7.82
2011-02-24       0.0                0.42     -4.39
2011-02-25      0.03                0.26      -2.1
2011-02-26       0.0                0.21     -0.09
2011-02-27      0.12                0.27       4.1
2011-02-28       0.0                0.14      0.86
2011-03-01       0.0                0.24       3.5
2011-03-02       0.0                0.26      3.04
2011-03-03       0.0                0.43      1.19
2011-03-04      0.05                0.45     -2.09
2011-03-05       0.0                0.31      1.01
2011-03-06      4.36                0.18       1.0
2011-03-07      0.46                0.55     -3.65
2011-03-08      0.01                0.57     -3.19
2011-03-09       0.0                0.36     -0.48
2011-03-10       0.0                0.29      3.69
2011-03-11       0.0                0.41      3.43
2011-03-12       0.0                0.34      3.16
2011-03-13       0.0                0.24       3.2
2011-03-14      0.07                0.57      2.25
2011-03-15       0.3                0.42      0.85
2011-03-16     19.44                0.32      0.45
2011-03-17     13.15                0.33     -0.27
2011-03-18      3.63                0.48     -3.31
2011-03-19      0.18                0.98     -4.61
2011-03-20       0.0                0.88       0.6
2011-03-21       0.0                0.21      0.67
2011-03-22       0.0                0.55      6.54
2011-03-23      0.02                0.71      7.65
2011-03-24       8.3                0.68      1.47
2011-03-25       0.0                0.87      3.15
2011-03-26       0.0                0.88      6.54
2011-03-27       0.0                0.76      1.04
2011-03-28      0.01                1.16      2.56
2011-03-29       0.0                1.01      3.73
2011-03-30       0.0                1.03      6.38
2011-03-31      0.99                0.92      1.78
2011-04-01      2.08                0.93      1.97
2011-04-02      0.08                1.04      2.99
2011-04-03       0.0                1.07      2.79
2011-04-04      0.52                1.01      0.92
2011-04-05      1.87                0.85      3.51
2011-04-06       0.0                0.87      6.78
2011-04-07       0.0                1.09       8.3
2011-04-08       0.0                 1.4      7.51
2011-04-09      4.06                1.39      1.99
2011-04-10       3.6                0.57       5.9
2011-04-11       0.0                1.18      8.95
2011-04-12      0.12                1.88      9.25
2011-04-13       0.0                1.75       9.9
2011-04-14      0.29                 1.3      9.68
2011-04-15      0.82                0.99      7.48
2011-04-16       0.0                1.82      2.42
2011-04-17       0.0                1.68      5.43
2011-04-18      1.07                1.53      6.35
2011-04-19      0.18                1.64      6.17
2011-04-20       0.0                2.19      7.92
2011-04-21       0.0                1.88      9.48
2011-04-22       0.0                1.98     12.98
2011-04-23      0.29                1.93     10.51
2011-04-24      0.07                1.74     14.52
2011-04-25      0.06                2.35     13.91
2011-04-26      0.48                1.93     15.69
2011-04-27     13.06                1.51     13.29
2011-04-28     23.54                0.15     13.79
2011-04-29     11.15                0.17     10.04
2011-04-30       0.0                2.68     13.59
2011-05-01       0.0                3.41     18.11
2011-05-02      1.51                2.92     14.62
2011-05-03      0.12                2.19      14.0
2011-05-04      5.75                3.29      8.59
2011-05-05       0.0                2.84     11.86
2011-05-06       0.0                3.09      13.1
2011-05-07       1.0                 3.4     12.75
2011-05-08      5.13                2.81      6.95
2011-05-09      0.32                2.87     10.68
2011-05-10       0.0                3.53     13.04
2011-05-11      8.67                3.09      9.37
2011-05-12      2.53                1.46     11.35
2011-05-13       1.6                2.56      8.56
2011-05-14       0.0                3.01     11.61
2011-05-15      0.07                3.26     12.62
2011-05-16      9.56                3.28     13.19
2011-05-17      0.71                2.47     10.84
2011-05-18      0.53                2.86     11.53
2011-05-19       0.0                3.64     16.52
2011-05-20       0.4                 3.4     13.34
2011-05-21      0.04                1.68     12.79
2011-05-22      9.15                2.15     10.22
2011-05-23      0.12                2.28     11.36
2011-05-24       0.0                2.35      13.6
2011-05-25       0.0                3.45     17.48
2011-05-26      32.2                2.77     15.39
2011-05-27      25.4                1.44     13.34
2011-05-28      0.07                2.95     15.81
2011-05-29       0.0                4.19     15.46
2011-05-30       0.0                4.31     15.21
2011-05-31       0.0                3.31     16.63
2011-06-01       0.0                4.37     17.16
2011-06-02       0.0                4.23     19.13
2011-06-03       0.0                3.89     18.64
2011-06-04       0.0                4.03     19.19
2011-06-05      1.24                3.68     14.13
2011-06-06      0.05                3.67     15.68
2011-06-07       0.0                3.91      19.1
2011-06-08      3.78                3.86     18.14
2011-06-09     95.56                0.94     13.06
2011-06-10      0.13                3.18     18.06
2011-06-11       0.0                4.38     19.48
2011-06-12       0.0                3.55      16.2
2011-06-13       1.4                2.65      18.5
2011-06-14      0.19                3.21     19.21
2011-06-15      0.54                1.92      19.5
2011-06-16       0.0                4.34     23.01
2011-06-17      0.01                4.15     19.49
2011-06-18      0.04                3.98      20.4
2011-06-19      0.14                3.53      16.2
2011-06-20      8.71                1.77     14.14
2011-06-21     10.32                2.08      16.3
2011-06-22       0.0                3.11     22.48
2011-06-23     19.85                2.68      19.0
2011-06-24      15.0                0.49     21.45
2011-06-25     18.62                0.72     20.39
2011-06-26    111.14                0.03     20.95
2011-06-27    103.51                1.14     15.41
2011-06-28     54.21                2.15     13.26
2011-06-29      0.27                1.36     15.99
2011-06-30       0.0                2.89     14.72
2011-07-01      6.27                3.35      14.4
2011-07-02      1.64                1.33     16.37
2011-07-03      0.86                1.22     18.89
2011-07-04       6.5                1.14     21.06
2011-07-05      5.74                1.24     23.43
2011-07-06     23.13                3.52     20.87
2011-07-07     38.66                1.47     20.32
2011-07-08      34.2                0.72     21.66
2011-07-09      15.5                2.44     19.48
2011-07-10      1.06                1.98     20.49
2011-07-11     22.28                2.09     19.98
2011-07-12     81.33               -0.03     20.54
2011-07-13     21.38                2.28     19.42
2011-07-14     80.65                0.94      22.4
2011-07-15      5.69                1.99     20.81
2011-07-16     74.87               -0.24     21.41
2011-07-17      9.79                0.81     20.97
2011-07-18      9.32                2.61     21.35
2011-07-19     13.12                2.41     23.39
2011-07-20      3.04                3.14     23.15
2011-07-21      8.91                1.28     22.85
2011-07-22      0.61                3.16     25.09
2011-07-23      0.83                2.54     25.65
2011-07-24       0.0                3.34     24.76
2011-07-25      0.24                3.77     25.63
2011-07-26      0.01                3.87     26.82
2011-07-27       0.0                4.15     26.21
2011-07-28      0.28                3.29      21.4
2011-07-29      0.02                2.96     22.91
2011-07-30      0.12                2.93     26.63
2011-07-31      2.41                 3.3     25.42
2011-08-01      6.81                2.93     24.02
2011-08-02      7.09                2.59     17.54
2011-08-03     15.49                2.45     18.54
