2011-01-01       0.4                0.41     -7.32
2011-01-02      1.29                0.21     -6.64
2011-01-03      1.16                 0.2    -11.54
2011-01-04       0.0                0.29    -11.89
2011-01-05      0.15                0.28     -8.41
2011-01-06      0.28                0.28    -13.63
2011-01-07       0.0                0.46    -16.12
2011-01-08       0.0                0.43    -19.88
2011-01-09      0.07                0.34      -8.5
2011-01-10      3.96                0.19     -3.42
2011-01-11      0.03                0.37    -14.02
2011-01-12      0.07                0.35    -10.93
2011-01-13       3.2                0.33    -17.19
2011-01-14       0.1                0.47    -26.91
2011-01-15      0.01                 0.6    -25.58
2011-01-16      0.03                0.59     -25.6
2011-01-17      0.01                0.31    -19.52
2011-01-18      0.92                0.37    -14.48
2011-01-19      0.31                0.23    -17.92
2011-01-20      0.65                0.27    -17.45
2011-01-21      0.03                0.28    -16.76
2011-01-22       0.0                0.44    -15.53
2011-01-23      0.01                0.36    -17.92
2011-01-24       0.0                0.36    -12.28
2011-01-25       0.0                0.01     -2.81
2011-01-26      0.15                0.13      1.04
2011-01-27      0.53                0.37     -2.28
2011-01-28      7.46                0.17     -1.44
2011-01-29      3.91                0.27     -9.92
2011-01-30      0.01                0.39    -22.77
2011-01-31      0.15                0.38     -9.38
2011-02-01       0.0                0.56    -18.93
2011-02-02      0.22                0.44    -21.24
2011-02-03       0.0                0.46     -6.96
2011-02-04      1.45                 0.6    -10.16
2011-02-05       0.0                0.59    -22.91
2011-02-06      0.83                0.51     -9.37
2011-02-07      1.28                0.42    -18.26
2011-02-08       0.5                0.57    -17.74
2011-02-09       0.0                0.56    -23.24
2011-02-10       0.0                0.47    -18.63
2011-02-11      1.62                 0.3      -4.1
2011-02-12       2.4                 0.3    -16.42
2011-02-13      0.02                0.62    -19.47
2011-02-14       0.0                 0.5    -13.79
2011-02-15       0.0                0.63    -15.27
2011-02-16      0.03                0.56    -12.82
2011-02-17      0.05                0.36     -6.52
2011-02-18      9.56                0.41     -3.01
2011-02-19      0.08                0.76     -5.19
2011-02-20       0.6                 0.4     -5.88
2011-02-21      0.21                0.47    -12.81
2011-02-22      0.01                0.81    -14.85
2011-02-23       1.3                0.72      -1.8
2011-02-24      5.46               -0.02      1.33
2011-02-25      7.11                0.25     -6.11
2011-02-26       0.0                0.97     -8.77
2011-02-27       0.0                0.61    -11.13
2011-02-28       0.0                0.36     -4.64
2011-03-01      0.67                0.36     -0.65
2011-03-02     11.21                0.47     -3.09
2011-03-03      4.85                0.43      -3.1
2011-03-04     33.83                0.79     -1.81
2011-03-05      1.25                 0.4     -7.89
2011-03-06      0.01                 0.3     -7.12
2011-03-07      0.16                0.23     -2.27
2011-03-08      0.05                 0.3     -2.75
2011-03-09       0.0                 0.5     -3.22
2011-03-10      0.04                0.45     -4.17
2011-03-11       0.0                0.51     -2.15
2011-03-12      4.84                0.37     -0.13
2011-03-13      2.44                 0.3     -0.65
2011-03-14       1.3                0.26     -2.13
2011-03-15       0.9                0.73     -3.28
2011-03-16      1.46                0.88     -5.43
2011-03-17      0.13                0.59     -2.96
2011-03-18       0.0                0.49      0.05
2011-03-19       0.0                0.39      1.66
2011-03-20      0.12                0.28      0.81
2011-03-21      0.04                0.33      5.73
2011-03-22      0.49                0.33      9.02
2011-03-23     12.62               -0.05      3.62
2011-03-24      0.14                 0.5       2.4
2011-03-25       0.0                 0.6      4.01
2011-03-26      0.01                0.73      5.68
2011-03-27      0.09                0.53      3.29
2011-03-28       0.3                0.69      1.07
2011-03-29      6.16                0.74      1.72
2011-03-30      0.92                0.62      2.23
2011-03-31      0.14                0.81      1.21
2011-04-01      0.05                0.86      4.02
2011-04-02      2.71                1.03      2.99
2011-04-03      1.31                1.41      2.39
2011-04-04      0.03                1.11      1.52
2011-04-05      0.12                0.93      2.11
2011-04-06       0.0                0.85      3.25
2011-04-07       0.0                1.08      6.58
2011-04-08       0.0                0.75      5.81
2011-04-09       0.0                 1.6      8.16
2011-04-10      0.34                1.46       6.3
2011-04-11       0.0                1.82     11.26
2011-04-12       0.0                2.09     11.58
2011-04-13       0.1                1.34       5.6
2011-04-14       0.0                1.94      7.52
2011-04-15       0.0                1.94     13.28
2011-04-16       0.0                 2.0      6.66
2011-04-17      0.06                1.37      7.31
2011-04-18       0.0                1.37      6.79
2011-04-19       0.0                1.92     12.15
2011-04-20      0.07                1.99     14.97
2011-04-21       0.0                1.93     13.88
2011-04-22      7.34                1.49     11.13
2011-04-23      10.8                1.57      8.89
2011-04-24      4.78                1.21     10.69
2011-04-25     19.17                0.18     10.67
2011-04-26      0.77                1.76       9.0
2011-04-27      0.12                1.64      7.19
2011-04-28       0.0                2.62     11.28
2011-04-29       0.0                2.59     10.51
2011-04-30       0.0                2.93     13.26
2011-05-01       0.0                2.97     14.55
2011-05-02       0.0                 2.8     15.34
2011-05-03     26.07                3.13      10.8
2011-05-04       0.7                 1.0     12.71
2011-05-05       0.0                3.13     16.43
2011-05-06      0.62                1.87     10.67
2011-05-07       0.0                2.62      14.8
2011-05-08       0.0                3.64     14.32
2011-05-09      0.05                3.32      14.4
2011-05-10      0.24                2.83     16.71
2011-05-11       0.0                3.39     18.02
2011-05-12     12.17                2.82     14.82
2011-05-13       0.0                4.03     17.12
2011-05-14       0.0                4.36     16.83
2011-05-15       0.0                4.03     13.58
2011-05-16       0.0                 3.1     14.35
2011-05-17      1.02                2.34     13.04
2011-05-18      0.01                2.42     16.08
2011-05-19      2.06                3.27     12.88
2011-05-20       0.0                3.82     14.94
2011-05-21      0.12                3.31     16.27
2011-05-22      0.17                 2.5     16.35
2011-05-23      0.77                2.34     15.21
2011-05-24      2.13                3.35     15.34
2011-05-25      0.46                3.45     14.77
2011-05-26       0.0                3.24     19.44
2011-05-27      0.08                3.52     15.04
2011-05-28      0.72                1.65     13.63
2011-05-29      0.63                0.73     15.29
2011-05-30       0.0                 2.9     16.33
2011-05-31      0.59                2.59      14.8
2011-06-01      1.14                 2.7     14.36
2011-06-02      0.05                2.61     16.35
2011-06-03      1.23                2.84     17.45
2011-06-04       0.0                3.62     19.62
2011-06-05      1.67                3.15     17.39
2011-06-06       0.0                3.46     21.73
2011-06-07       0.0                3.09     18.53
2011-06-08      0.16                1.91     15.49
2011-06-09      0.01                2.22     17.98
2011-06-10       0.0                2.48     19.19
2011-06-11       0.0                3.11     20.39
2011-06-12      3.56                2.95     13.65
2011-06-13      6.53                1.73     13.29
2011-06-14      0.43                2.83     20.24
2011-06-15      1.77                2.68     17.59
2011-06-16     51.02                1.93     14.98
2011-06-17      0.24                2.53     16.03
2011-06-18      0.54                2.32     16.57
2011-06-19      3.83                2.23     18.05
2011-06-20      0.49                2.87     20.03
2011-06-21      8.89                4.02     18.17
2011-06-22      31.1                1.03     19.48
2011-06-23      5.83                3.05     20.03
2011-06-24       0.1                3.39     15.11
2011-06-25      17.5                1.11     12.85
2011-06-26      0.56                1.64     13.03
2011-06-27      0.19                2.01     14.25
2011-06-28      0.29                2.15     15.03
2011-06-29      0.05                1.44     13.92
2011-06-30       5.4                2.05     13.75
2011-07-01      0.64                1.15     15.06
2011-07-02      8.32                1.47     14.49
2011-07-03      3.89                0.84     17.88
2011-07-04      0.75                3.12     20.71
2011-07-05      1.35                3.07     21.26
2011-07-06      6.92                3.14      20.6
2011-07-07     42.29                 0.2     22.14
2011-07-08     16.67                 1.8     20.98
2011-07-09      1.88                1.93     23.12
2011-07-10      2.01                 3.0     23.41
2011-07-11      2.59                1.92     22.51
2011-07-12      9.93                1.32     21.42
2011-07-13      15.8                1.07     21.65
2011-07-14     29.47                0.86     22.93
2011-07-15     17.37                1.17     23.43
2011-07-16      8.75                1.08     22.53
2011-07-17     32.37                1.78     21.82
2011-07-18      0.71                 1.9     22.08
2011-07-19     52.57                0.95     21.74
2011-07-20     30.19                0.88     18.57
2011-07-21      0.25                1.56      20.6
2011-07-22      0.22                2.92      21.4
2011-07-23      0.48                2.74     23.54
2011-07-24       6.1                3.13     22.64
2011-07-25      0.12                4.18     23.58
2011-07-26      5.21                3.33     20.92
2011-07-27    106.53                1.43     17.57
2011-07-28      0.02                2.08     20.26
2011-07-29       0.0                3.84     24.48
2011-07-30      0.24                3.67     22.25
2011-07-31      0.01                3.71     20.75
2011-08-01      0.12                3.58     20.81
2011-08-02      0.02                3.63      19.9
2011-08-03      0.01                2.89     19.07
