2011-01-01      0.34                0.37     -7.95
2011-01-02      1.46                 0.2     -5.45
2011-01-03      0.21                0.17     -7.94
2011-01-04      0.02                0.24    -11.23
2011-01-05      0.03                 0.4    -15.11
2011-01-06      0.01                0.31    -16.97
2011-01-07      0.01                0.21    -15.62
2011-01-08      0.18                0.34    -17.05
2011-01-09       0.0                0.25    -16.46
2011-01-10      0.03                0.18    -10.05
2011-01-11      1.74                0.26     -4.04
2011-01-12      0.12                0.47    -16.53
2011-01-13       0.0                0.42     -22.8
2011-01-14      0.01                0.33    -22.29
2011-01-15       0.0                0.21    -15.05
2011-01-16       1.3                0.22    -13.71
2011-01-17       0.0                0.37    -18.36
2011-01-18       0.0                0.19    -13.95
2011-01-19      0.03                0.09    -10.79
2011-01-20      0.04                0.16     -5.19
2011-01-21      3.28                0.28     -7.88
2011-01-22       1.6                0.21    -20.59
2011-01-23       0.0                0.44    -21.16
2011-01-24      0.61                0.27     -9.38
2011-01-25      2.44                0.08     -3.61
2011-01-26      0.08                0.87    -24.09
2011-01-27       0.0                 0.4     -23.8
2011-01-28       0.0                0.33    -22.95
2011-01-29       0.0                0.43    -21.58
2011-01-30      0.08                 0.4    -22.41
2011-01-31      1.04                0.24    -12.83
2011-02-01      0.19                 0.5     -11.0
2011-02-02      0.02                0.54     -12.2
2011-02-03      0.02                0.49     -7.55
2011-02-04       0.0                0.38     -8.07
2011-02-05      7.17                0.41     -1.16
2011-02-06      0.06                 0.3     -7.68
2011-02-07      0.03                0.27      -6.7
2011-02-08       0.0                0.54     -8.09
2011-02-09      0.46                0.23      -3.3
2011-02-10      0.02                0.55     -6.84
2011-02-11      0.05                0.55     -3.79
2011-02-12       0.0                0.32     -6.13
2011-02-13       0.0                0.53     -1.53
2011-02-14       0.0                0.13     -2.77
2011-02-15      9.27                 0.4      1.15
2011-02-16     11.67               -0.59      3.73
2011-02-17      5.67                0.02     -2.68
2011-02-18       0.4                0.68     -2.05
2011-02-19      0.54                0.23     -2.12
2011-02-20      0.22                0.34      -6.6
2011-02-21       0.0                0.38     -5.49
2011-02-22      0.02                0.27     -1.35
2011-02-23       0.2                0.22      0.14
2011-02-24      0.81                0.19      -2.4
2011-02-25      0.09                0.27     -2.16
2011-02-26      2.78                0.38      -6.1
2011-02-27      3.28                0.45    -13.35
2011-02-28       0.0                0.49    -12.68
2011-03-01      0.01                0.35     -5.29
2011-03-02       0.0                0.55     -6.79
2011-03-03       0.0                0.39     -4.65
2011-03-04       0.0                0.46     -0.76
2011-03-05      2.44                0.57     -9.49
2011-03-06       0.0                0.62     -6.49
2011-03-07       0.0                0.45     -3.51
2011-03-08      1.33                0.38      1.56
2011-03-09       0.0                0.23      1.05
2011-03-10       4.1                0.49      2.44
2011-03-11     15.38               -0.42      3.88
2011-03-12      0.05                0.82     -4.61
2011-03-13       0.0                0.65     -3.41
2011-03-14       0.0                0.48       0.8
2011-03-15       0.0                0.41     -0.91
2011-03-16       0.0                0.22     -2.55
2011-03-17       0.0                0.38     -2.19
2011-03-18       0.0                0.26      1.36
2011-03-19      0.02                 0.2      6.06
2011-03-20      0.16                0.39      1.96
2011-03-21     21.93                0.41     -1.55
2011-03-22       0.0                0.66     -0.48
2011-03-23       0.0                0.76      1.88
2011-03-24      1.72                0.55      0.75
2011-03-25      0.09                1.25     -2.06
2011-03-26      0.07                0.92      1.39
2011-03-27       0.0                0.99      3.56
2011-03-28       0.0                0.81      6.36
2011-03-29      0.01                0.95      7.11
2011-03-30       0.0                1.65      4.24
2011-03-31      0.39                0.48      2.68
2011-04-01     14.32                0.37      0.68
2011-04-02      5.38                0.93      1.05
2011-04-03      0.48                 1.3      1.81
2011-04-04       0.0                1.17      5.38
2011-04-05       0.0                1.47      8.82
2011-04-06      5.22                0.97     10.26
2011-04-07       5.1                1.23      3.45
2011-04-08     46.42                1.51      0.09
2011-04-09       0.0                0.83      2.63
2011-04-10       0.0                1.07      6.65
2011-04-11       0.0                 1.3      6.63
2011-04-12       0.0                 1.4     10.63
2011-04-13      1.56                1.44      3.95
2011-04-14     14.59                0.66      2.94
2011-04-15     43.57                1.23      0.24
2011-04-16      0.36                0.74       2.6
2011-04-17       0.0                1.17      2.98
2011-04-18       0.0                1.21      7.03
2011-04-19      6.14                0.74      7.28
2011-04-20      3.76                0.42       5.1
2011-04-21       0.0                1.08     11.41
2011-04-22      0.41                1.39      5.82
2011-04-23      0.13                2.41      6.46
2011-04-24       0.0                2.19      8.16
2011-04-25       0.0                1.63      9.43
2011-04-26       0.0                2.31      9.27
2011-04-27       0.0                2.71     12.39
2011-04-28       0.0                2.96     14.26
2011-04-29       0.0                 2.7     14.78
2011-04-30      5.35                2.77      5.58
2011-05-01     41.79                0.64      4.28
2011-05-02      1.95                1.25      7.16
2011-05-03       0.0                 2.6     11.89
2011-05-04       0.0                 2.3     10.62
2011-05-05      0.05                2.91     11.04
2011-05-06      0.05                1.86      8.81
2011-05-07       2.8                2.46      7.57
2011-05-08       0.0                2.48     13.43
2011-05-09       0.0                3.18     14.65
2011-05-10      0.08                3.29      9.93
2011-05-11       0.0                3.46      10.2
2011-05-12       0.0                3.54     11.84
2011-05-13       0.0                2.14      9.89
2011-05-14       0.0                3.17     14.79
2011-05-15       0.0                3.41      14.1
2011-05-16       0.0                3.35     17.09
2011-05-17      0.09                3.33     14.48
2011-05-18      0.86                0.82      9.55
2011-05-19      0.17                0.68     12.91
2011-05-20      2.32                1.05     14.32
2011-05-21      7.51                1.31     17.08
2011-05-22     23.14                1.57     15.82
2011-05-23      1.97                2.28     17.81
2011-05-24     47.13                0.84     15.33
2011-05-25       0.0                3.72     17.68
2011-05-26     67.05                2.29      11.3
2011-05-27     30.83                1.46     10.83
2011-05-28      0.02                2.69      14.6
2011-05-29       9.2                3.78     14.22
2011-05-30      5.55                1.57      14.3
2011-05-31       0.0                3.53     15.27
2011-06-01      0.04                3.66     13.85
2011-06-02      1.31                1.89     15.97
2011-06-03      0.29                1.64     17.27
2011-06-04      0.01                2.87     16.07
2011-06-05      0.05                3.92     17.51
2011-06-06      4.16                3.73     13.16
2011-06-07     11.08                0.99     18.57
2011-06-08      1.32                2.57     16.69
2011-06-09      1.31                 2.2     14.73
2011-06-10       0.0                3.74     17.13
2011-06-11       0.0                4.24      17.1
2011-06-12       0.0                 3.2     16.93
2011-06-13       0.1                3.08     17.13
2011-06-14     17.95                2.77      16.3
2011-06-15      4.11                2.04     19.16
2011-06-16      0.39                2.78     18.98
2011-06-17      1.38                 2.1      18.7
2011-06-18     13.33                1.45     17.37
2011-06-19      4.97                2.83      15.7
2011-06-20       0.0                3.42     21.28
2011-06-21       0.0                 3.9     22.24
2011-06-22     25.61                2.28     15.93
2011-06-23      23.3                 2.0     17.23
2011-06-24      0.24                2.02     20.46
2011-06-25      6.77                3.14      19.6
2011-06-26      1.46                0.92      20.6
2011-06-27      0.13                3.04     22.76
2011-06-28     16.04                1.87     17.06
2011-06-29      20.2                0.96     20.68
2011-06-30     53.13               -0.18     20.44
2011-07-01     86.55                0.87     17.02
2011-07-02      0.38                2.53      19.0
2011-07-03      0.96                 1.7     18.48
2011-07-04      4.04                2.83     21.42
2011-07-05      0.61                3.31     21.78
2011-07-06      0.36                3.53     22.68
2011-07-07       0.0                4.38     24.44
2011-07-08      1.43                2.29     22.89
2011-07-09      0.25                 3.1     24.63
2011-07-10     10.88                2.39     21.61
2011-07-11     29.21                0.99     22.09
2011-07-12      15.7                0.74     20.59
2011-07-13      2.71                2.57     20.95
2011-07-14      1.22                2.44     21.55
2011-07-15      5.44                2.16     17.44
2011-07-16      4.75                1.45     19.51
2011-07-17      8.81                1.51     19.29
2011-07-18      0.56                1.34     19.35
2011-07-19      1.01                1.14     20.46
2011-07-20      0.34                2.16     23.77
2011-07-21       0.7                2.78     25.11
2011-07-22      8.29                3.46     23.25
2011-07-23     16.37                2.02     21.67
2011-07-24      2.45                1.06     20.91
2011-07-25     49.81                1.87     19.12
2011-07-26     23.26                0.95     19.16
2011-07-27      5.88                0.73      21.4
2011-07-28      0.61                3.25     23.99
2011-07-29      1.16                3.37     23.62
2011-07-30      1.55                3.11     24.79
2011-07-31      0.96                3.43     25.17
2011-08-01       0.7                2.53     23.55
2011-08-02      0.24                2.76     24.91
2011-08-03      8.38                3.66     21.85
