2011-01-01      0.44                0.43    -10.46
2011-01-02      0.79                0.31      -9.7
2011-01-03      0.95                0.26    -14.36
2011-01-04      0.07                 0.4    -12.58
2011-01-05      0.03                0.49    -16.09
2011-01-06      0.03                0.46     -21.8
2011-01-07       0.0                0.34    -14.44
2011-01-08       0.0                 0.4    -17.04
2011-01-09       0.0                0.32    -11.04
2011-01-10     19.96                0.18     -6.87
2011-01-11      0.22                0.47    -13.33
2011-01-12      0.55                0.76    -18.23
2011-01-13      0.07                0.52    -20.94
2011-01-14      3.87                0.46    -19.91
2011-01-15      0.65                0.43    -21.48
2011-01-16      1.84                0.31    -20.27
2011-01-17      0.05                0.41    -12.87
2011-01-18      0.19                0.53    -19.96
2011-01-19      0.17                0.43    -22.68
2011-01-20       0.0                 0.2      -8.8
2011-01-21      2.58                0.15     -4.49
2011-01-22      0.05                0.27    -18.42
2011-01-23      0.02                 0.2    -19.93
2011-01-24       0.0                0.27    -16.05
2011-01-25      0.17                0.46    -27.08
2011-01-26      0.05                0.28    -10.79
2011-01-27      0.05                0.56    -15.73
2011-01-28      0.01                0.63    -24.03
2011-01-29      0.01                0.32    -26.58
2011-01-30       0.0                0.27    -19.75
2011-01-31      10.4                0.49     -8.83
2011-02-01      0.99                0.38    -25.25
2011-02-02       0.0                0.29    -24.09
2011-02-03       0.0                0.24    -20.62
2011-02-04       0.0                0.21    -18.41
2011-02-05      0.02                0.13     -8.65
2011-02-06     23.87                0.19     -0.16
2011-02-07      0.27                0.21     -5.88
2011-02-08      0.04                0.46    -23.02
2011-02-09       0.0                0.36    -23.03
2011-02-10      0.05                0.24    -17.39
2011-02-11       0.0                0.41    -24.65
2011-02-12       0.0                0.33    -22.62
2011-02-13       0.0                0.19     -16.9
2011-02-14       0.0                0.29    -15.33
2011-02-15       0.0                 0.3    -11.12
2011-02-16       0.0                0.48    -17.19
2011-02-17       0.0                0.29    -17.57
2011-02-18      0.29                0.25     -9.04
2011-02-19      0.17                0.27      -6.2
2011-02-20       0.0                0.86     -12.7
2011-02-21      0.08                 0.5    -10.09
2011-02-22       0.0                0.56    -10.29
2011-02-23       0.0                0.49     -2.03
2011-02-24      0.23                0.54     -4.23
2011-02-25      0.01                0.25     -5.55
2011-02-26      0.03                0.35     -5.91
2011-02-27       0.0                0.33     -5.61
2011-02-28      1.11                0.55     -0.74
2011-03-01      34.0                 0.2     -0.63
2011-03-02      1.52                0.37     -2.73
2011-03-03       0.0                0.32     -7.03
2011-03-04      0.22                0.36     -3.73
2011-03-05      0.07                0.51     -8.37
2011-03-06       0.0                0.55     -8.53
2011-03-07       0.0                0.44     -4.47
2011-03-08       0.0                0.21     -2.78
2011-03-09      1.11                0.59     -2.21
2011-03-10      0.04                0.91     -4.51
2011-03-11      0.08                0.69     -1.95
2011-03-12      0.02                0.66     -5.28
2011-03-13       0.0                0.78     -2.46
2011-03-14      1.17                0.59      1.71
2011-03-15      2.01                0.35     -1.47
2011-03-16      0.03                0.35      2.16
2011-03-17      0.64               -0.03     -3.45
2011-03-18      0.16                1.01     -4.03
2011-03-19      0.02                1.02     -3.02
2011-03-20      0.22                0.86     -3.19
2011-03-21      1.05                0.85     -3.61
2011-03-22       0.0                0.97     -2.76
2011-03-23       0.0                0.72     -1.36
2011-03-24      0.01                0.61     -1.26
2011-03-25       0.0                0.78      0.49
2011-03-26      0.25                0.43      0.35
2011-03-27      0.43               -0.02      3.14
2011-03-28       0.0                0.55     -1.26
2011-03-29       0.0                1.12      0.19
2011-03-30       0.0                0.92       5.4
2011-03-31      12.8                0.55      1.11
2011-04-01      2.54               -0.21      2.38
2011-04-02       0.0                0.43      6.68
2011-04-03      0.27                0.66      5.65
2011-04-04      1.68                0.47      8.14
2011-04-05      1.56                0.27       3.9
2011-04-06       0.0                1.09      9.02
2011-04-07      0.07                1.57     11.65
2011-04-08      8.07                0.68      8.77
2011-04-09      4.32                0.43      3.08
2011-04-10       0.0                1.69      6.86
2011-04-11      1.78                1.67      9.25
2011-04-12      0.71                1.52     13.05
2011-04-13      34.8                0.41       3.0
2011-04-14     21.07                 1.3      1.64
2011-04-15     17.42                0.31      3.78
2011-04-16       0.0                1.41     11.41
2011-04-17       0.0                2.34     10.52
2011-04-18       0.0                2.38      9.99
2011-04-19      5.15                1.52       6.4
2011-04-20      2.08                0.39      7.58
2011-04-21      0.01                1.44      7.42
2011-04-22      2.68                2.25      5.74
2011-04-23      4.29                2.37      4.62
2011-04-24       0.0                2.17      7.54
2011-04-25       0.0                 2.1      7.43
2011-04-26       0.0                1.13     11.56
2011-04-27      0.27                2.52     10.44
2011-04-28      2.53                 0.7     12.01
2011-04-29      7.27                0.17      9.47
2011-04-30      0.17                1.68     10.64
2011-05-01       0.0                2.98     10.54
2011-05-02      0.15                1.06      7.53
2011-05-03       0.0                2.34      11.2
2011-05-04       0.9                2.28     12.07
2011-05-05      0.05                3.44     15.24
2011-05-06      1.97                1.97     14.21
2011-05-07      0.54                1.91     11.48
2011-05-08     11.61                1.46      13.2
2011-05-09       0.0                 3.6     12.26
2011-05-10       0.0                3.31     14.11
2011-05-11       0.0                2.35     15.78
2011-05-12       0.0                3.37     17.12
2011-05-13      0.13                3.33      11.8
2011-05-14      3.08                3.53      8.64
2011-05-15      5.24                2.07     10.54
2011-05-16       2.1                2.48      9.48
2011-05-17      2.89                2.31      9.57
2011-05-18      0.87                1.84     10.55
2011-05-19      0.05                2.56     10.18
2011-05-20      21.1                 3.1     13.22
2011-05-21       0.0                3.84     17.55
2011-05-22     12.06                4.88     12.49
2011-05-23      0.46                3.41     13.89
2011-05-24       0.0                3.78     17.36
2011-05-25      0.23                3.74     13.12
2011-05-26     11.24                1.75      9.87
2011-05-27       2.6                1.22     12.49
2011-05-28      0.54                1.55     10.44
2011-05-29      0.01                2.02     15.24
2011-05-30      0.05                2.96     15.17
2011-05-31      0.12                2.39     16.05
2011-06-01       0.0                 3.6     17.06
2011-06-02      0.41                3.57     16.09
2011-06-03      0.41                3.57     17.33
2011-06-04      0.53                2.94     17.11
2011-06-05       0.0                3.59     19.32
2011-06-06       0.0                4.05      16.9
2011-06-07      0.01                3.68      15.1
2011-06-08       0.0                4.06     20.14
2011-06-09       0.0                3.71     21.96
2011-06-10       0.0                 4.1     24.24
2011-06-11       0.0                2.97     22.65
2011-06-12      0.12                2.53     23.19
2011-06-13      0.38                 3.3     19.08
2011-06-14       0.0                3.43     20.49
2011-06-15       0.0                3.77     22.28
2011-06-16      0.05                3.43      21.8
2011-06-17      0.07                2.96     20.95
2011-06-18     22.93                 1.5     21.47
2011-06-19       0.0                4.17     22.43
2011-06-20      0.01                4.17     22.61
2011-06-21      0.12                3.45     22.06
2011-06-22      0.01                3.54     22.24
2011-06-23       0.0                3.78      24.5
2011-06-24       0.0                3.46     23.89
2011-06-25      0.91                2.87     22.71
2011-06-26     30.18                1.89      21.2
2011-06-27     11.18                1.59     20.97
2011-06-28     43.96                2.01      19.8
2011-06-29      2.25                1.09     20.51
2011-06-30      6.26                3.59     21.28
2011-07-01     16.57                0.87     22.74
2011-07-02      9.69                2.14     23.09
2011-07-03      7.33                3.17     17.86
2011-07-04      0.51                1.89     19.34
2011-07-05     65.76                0.76     20.74
2011-07-06      1.31                2.92     25.38
2011-07-07      4.61                3.59     22.99
2011-07-08      0.36                2.44     23.66
2011-07-09      0.24                3.36      24.9
2011-07-10      0.13                4.15     22.04
2011-07-11       1.4                1.74     22.67
2011-07-12      3.78                2.93     24.86
2011-07-13      0.24                2.74     25.43
2011-07-14      1.77                3.61     25.63
2011-07-15       0.0                3.53     24.26
2011-07-16      0.01                3.65      22.9
2011-07-17      0.14                3.36      22.4
2011-07-18      0.15                 3.2     22.28
2011-07-19      0.14                 3.2     22.45
2011-07-20       0.0                 3.6     23.75
2011-07-21      0.71                2.91     23.05
2011-07-22      0.02                3.69     23.38
2011-07-23      0.03                3.36     22.04
2011-07-24      0.07                2.83     21.03
2011-07-25       0.7                1.96     22.09
2011-07-26       2.4                2.18     22.27
2011-07-27      3.93                2.82     23.46
2011-07-28     14.67                2.81     22.73
2011-07-29      9.81                3.22      24.3
2011-07-30      0.49                3.74     24.96
2011-07-31      1.88                3.94     25.14
2011-08-01      1.21                 4.1      24.6
2011-08-02       0.0                4.29     23.84
2011-08-03       0.7                3.85     23.54
