2011-01-01      0.17                0.41     -7.46
2011-01-02      0.69                0.19     -6.67
2011-01-03      0.32                0.17     -9.66
2011-01-04       0.0                0.33      -9.7
2011-01-05      0.11                 0.4    -11.93
2011-01-06      0.28                0.28    -14.67
2011-01-07       0.0                0.36    -12.78
2011-01-08      0.02                 0.2    -12.14
2011-01-09      0.03                0.26     -9.73
2011-01-10      2.03                0.55    -13.85
2011-01-11       0.0                0.49     -14.6
2011-01-12      6.47                0.14     -6.88
2011-01-13      0.41                0.47     -9.02
2011-01-14      0.03                0.46    -19.65
2011-01-15      5.99                0.35     -6.29
2011-01-16       5.1                 0.3    -20.18
2011-01-17      0.03                0.45    -28.88
2011-01-18      1.38                0.41      -8.0
2011-01-19      0.13                0.72    -18.24
2011-01-20      0.14                0.51    -12.53
2011-01-21       0.7                0.79    -21.81
2011-01-22       0.0                0.57    -23.81
2011-01-23      0.34                0.32    -12.04
2011-01-24      0.19                0.29     -8.03
2011-01-25      0.03                0.41    -20.79
2011-01-26       0.0                0.37    -19.33
2011-01-27      0.02                0.51    -23.97
2011-01-28       0.0                0.57    -23.63
2011-01-29      0.14                0.62    -21.35
2011-01-30       0.0                0.53    -22.79
2011-01-31      0.03                0.34    -16.85
2011-02-01      0.15                0.47    -22.77
2011-02-02      0.58                0.35    -21.74
2011-02-03       0.0                0.49    -16.97
2011-02-04      0.31                 0.6    -14.86
2011-02-05      0.01                0.61    -20.98
2011-02-06      0.06                0.43    -21.25
2011-02-07      0.15                0.48    -20.59
2011-02-08      3.75                 0.6     -9.32
2011-02-09      1.11                0.27    -14.08
2011-02-10      0.37                0.23    -18.75
2011-02-11      0.03                0.47    -20.38
2011-02-12       0.0                0.46    -23.38
2011-02-13       0.1                0.35    -12.42
2011-02-14      0.28                0.38     -18.0
2011-02-15       0.0                 0.5    -17.73
2011-02-16       0.0                0.55    -17.82
2011-02-17       0.0                0.62    -13.84
2011-02-18       0.1                0.75    -13.17
2011-02-19      0.02                0.65    -10.34
2011-02-20      0.03                0.68     -6.92
2011-02-21       0.0                 0.9    -18.74
2011-02-22      0.02                0.55     -8.65
2011-02-23      2.34                0.44     -4.71
2011-02-24      2.22                0.44     -7.15
2011-02-25      1.78                0.43    -11.31
2011-02-26       0.0                 0.6     -2.74
2011-02-27       0.0                0.36      0.09
2011-02-28       0.0                0.15     -3.52
2011-03-01       0.0                0.75      0.17
2011-03-02      4.91                0.42      3.42
2011-03-03      4.67               -0.51      1.99
2011-03-04      0.28                0.74     -8.17
2011-03-05       0.0                0.68     -12.6
2011-03-06       0.0                0.52     -7.33
2011-03-07     11.71                0.36      0.84
2011-03-08      0.35                0.89     -8.47
2011-03-09      1.29                0.71     -7.37
2011-03-10      0.02                0.93     -8.55
2011-03-11      2.41                0.17     -1.73
2011-03-12      0.42                0.91     -5.81
2011-03-13      0.15                0.61      -6.9
2011-03-14      1.33                0.59     -1.19
2011-03-15     31.85               -0.01     -3.74
2011-03-16       0.0                0.97     -2.36
2011-03-17      3.23                0.77      5.87
2011-03-18     27.02                -0.1       0.7
2011-03-19      3.04                0.71     -2.21
2011-03-20       0.7                0.66     -3.41
2011-03-21       0.0                0.86     -1.27
2011-03-22       0.1                0.67      0.51
2011-03-23       0.0                0.65      1.71
2011-03-24       0.3                0.72      0.67
2011-03-25       0.0                0.81      2.14
2011-03-26       0.0                0.65      4.78
2011-03-27      0.03                0.44      4.64
2011-03-28      1.18                1.11      4.81
2011-03-29      0.13                0.88      1.16
2011-03-30       0.0                1.08      1.93
2011-03-31       0.0                0.71      6.14
2011-04-01       0.0                1.16      4.93
2011-04-02       0.0                1.02      4.74
2011-04-03      0.15                0.94      3.29
2011-04-04      0.01                1.07      2.98
2011-04-05      0.22                1.05      6.67
2011-04-06       0.0                1.29      6.86
2011-04-07     24.98                1.15      5.97
2011-04-08     13.12                0.12       6.1
2011-04-09      0.23                1.26     12.57
2011-04-10       0.0                1.89     14.36
2011-04-11     28.18                1.52      6.52
2011-04-12      0.59                0.91      3.94
2011-04-13       0.0                1.78      6.49
2011-04-14      0.12                1.74      7.52
2011-04-15       0.0                1.83       9.3
2011-04-16       0.0                2.03      12.6
2011-04-17      0.05                1.93       5.9
2011-04-18      0.01                1.69      4.68
2011-04-19       0.0                1.87      3.37
2011-04-20       0.0                1.98      7.47
2011-04-21       0.0                2.15      8.31
2011-04-22       0.0                2.25     12.05
2011-04-23      0.07                2.44     15.02
2011-04-24       0.0                2.77     17.35
2011-04-25       0.0                2.76     16.06
2011-04-26       0.0                2.04     14.16
2011-04-27     29.36                1.47       7.0
2011-04-28       0.0                2.25      9.85
2011-04-29       0.0                2.65     14.09
2011-04-30      0.96                2.91     10.55
2011-05-01      9.28                1.56      6.03
2011-05-02      2.06                1.82      7.87
2011-05-03      0.17                3.09     11.57
2011-05-04      0.19                3.27     13.47
2011-05-05      2.32                1.93      8.93
2011-05-06      0.05                 2.9      9.18
2011-05-07       0.0                2.95     10.52
2011-05-08       0.0                2.76     12.64
2011-05-09       0.0                2.93     15.82
2011-05-10     16.28                2.13     11.47
2011-05-11      1.46                1.49     10.58
2011-05-12       0.0                3.32     13.98
2011-05-13       0.0                3.53     14.58
2011-05-14       0.0                3.36     14.35
2011-05-15       0.0                3.05     15.13
2011-05-16       0.0                3.69     17.14
2011-05-17      0.94                3.26     12.55
2011-05-18      3.58                 1.1     13.61
2011-05-19      3.29                2.53     12.76
2011-05-20       0.0                2.96      10.7
2011-05-21      0.29                2.77      11.9
2011-05-22       0.0                3.31     12.16
2011-05-23      0.12                3.08     14.79
2011-05-24       0.0                3.64     16.59
2011-05-25       0.0                3.27      16.3
2011-05-26       0.0                3.46      17.7
2011-05-27       0.0                3.71     17.17
2011-05-28      0.22                2.63     13.14
2011-05-29      0.63                2.25     13.81
2011-05-30       0.0                3.28     18.53
2011-05-31      0.08                3.37     16.37
2011-06-01       0.0                2.64     20.69
2011-06-02       0.0                3.84      20.9
2011-06-03       0.0                3.47     19.44
2011-06-04      0.18                2.82     16.45
2011-06-05      0.07                1.75      16.6
2011-06-06      0.12                1.58     17.48
2011-06-07      0.29                2.48     18.65
2011-06-08       0.0                1.81     21.13
2011-06-09      0.09                2.51      17.7
2011-06-10      2.65                2.59     17.12
2011-06-11     10.62                2.68     14.17
2011-06-12      2.61                1.63     15.47
2011-06-13       0.0                2.48     17.03
2011-06-14      0.17                3.01      17.9
2011-06-15       0.0                 3.1     17.49
2011-06-16      0.12                2.81     18.84
2011-06-17      0.04                2.88     16.79
2011-06-18     26.53                1.64     18.46
2011-06-19      8.82                2.59     14.12
2011-06-20      8.72                2.36     13.06
2011-06-21      3.57                1.49     14.25
2011-06-22      0.25                 1.6     15.98
2011-06-23      0.41                2.43     16.86
2011-06-24      0.06                2.97     17.19
2011-06-25       0.0                3.36     19.49
2011-06-26      0.01                3.87     17.76
2011-06-27       0.3                2.46     16.57
2011-06-28       0.1                2.55     17.02
2011-06-29      0.01                2.57     16.12
2011-06-30      0.01                2.24     15.27
2011-07-01      0.04                3.08     16.96
2011-07-02      0.03                2.71     18.47
2011-07-03       0.0                 2.9     23.86
2011-07-04       0.0                3.13     22.08
2011-07-05       0.0                3.54     24.08
2011-07-06       0.0                3.27     26.33
2011-07-07      0.12                3.24     24.87
2011-07-08      1.66                2.26     23.64
2011-07-09       3.7                2.15     18.39
2011-07-10      7.68                1.07     22.65
2011-07-11      1.91                2.09     24.41
2011-07-12     13.56                1.86     21.72
2011-07-13      2.72                2.17     22.91
2011-07-14      1.67                3.08     24.55
2011-07-15       6.0                3.54     26.02
2011-07-16      3.57                2.95      25.9
2011-07-17      0.34                 3.6     26.75
2011-07-18      9.71                3.33     25.02
2011-07-19      3.49                3.42     26.17
2011-07-20      1.33                3.52     24.22
2011-07-21      1.06                3.17     25.78
2011-07-22      1.41                4.15     25.31
2011-07-23     10.27                2.95     22.81
2011-07-24      1.85                3.31     20.27
2011-07-25      8.09                1.72     20.58
2011-07-26     21.35                0.66     23.05
2011-07-27     14.23                1.17     23.55
2011-07-28     24.43                1.84     21.67
2011-07-29     10.71                1.18     24.01
2011-07-30      2.37                2.05     24.52
2011-07-31      2.13                2.94     23.98
2011-08-01     35.09                3.94     22.86
2011-08-02      3.54                2.51     21.09
2011-08-03      1.08                3.36     22.23
