2011-01-01      0.57                0.47     -8.03
2011-01-02      1.11                0.31     -8.13
2011-01-03      1.18                0.26    -13.55
2011-01-04       0.0                0.44    -13.33
2011-01-05       0.0                0.44    -17.97
2011-01-06      0.05                0.38    -14.52
2011-01-07       0.0                0.61    -19.69
2011-01-08       0.0                0.35    -19.51
2011-01-09      0.05                0.42     -9.81
2011-01-10      3.74                 0.3    -17.01
2011-01-11       0.0                0.59    -26.61
2011-01-12      0.66                0.38    -13.38
2011-01-13      0.88                0.61    -26.44
2011-01-14      0.02                0.58     -26.1
2011-01-15       0.0                0.31    -21.43
2011-01-16       0.0                0.29    -17.74
2011-01-17      0.09                0.34    -15.27
2011-01-18       0.0                0.44    -16.98
2011-01-19      1.91                0.45    -14.44
2011-01-20      0.01                0.55    -21.83
2011-01-21       0.0                0.43    -25.77
2011-01-22       0.0                0.34    -21.79
2011-01-23       0.0                0.37    -19.75
2011-01-24      0.27                0.26     -7.76
2011-01-25      0.33                0.27    -14.01
2011-01-26      5.23                0.47    -13.11
2011-01-27       0.0                0.68    -25.31
2011-01-28       0.0                0.37    -19.77
2011-01-29      0.01                0.37    -13.28
2011-01-30      0.41                0.34     -0.92
2011-01-31      0.45                0.42    -10.29
2011-02-01      1.07                0.51      -3.5
2011-02-02       0.0                0.78    -14.08
2011-02-03       0.0                0.62    -18.86
2011-02-04      2.01                 0.5     -4.17
2011-02-05      1.62                0.48    -14.94
2011-02-06       0.0                0.35    -18.94
2011-02-07       0.0                0.31    -15.04
2011-02-08      0.62                0.57     -6.55
2011-02-09      1.21                0.24     -4.72
2011-02-10      0.09                0.36     -11.5
2011-02-11       0.0                 0.3     -8.51
2011-02-12      0.05                0.51    -14.25
2011-02-13       0.0                0.56    -19.17
2011-02-14       0.0                0.61    -14.19
2011-02-15      0.03                 0.7    -15.74
2011-02-16       0.0                0.51    -15.36
2011-02-17       0.0                0.58    -11.29
2011-02-18       0.0                0.71     -9.95
2011-02-19      0.25                0.65      -8.9
2011-02-20      1.68                0.34    -14.47
2011-02-21       0.0                0.56    -13.56
2011-02-22       0.0                0.54      -9.4
2011-02-23       0.8                0.29     -7.79
2011-02-24      0.02                0.65      -9.2
2011-02-25       3.1                0.26     -5.46
2011-02-26      2.07                0.83    -14.43
2011-02-27      0.02                 0.7    -18.69
2011-02-28       0.6                0.45     -4.03
2011-03-01      0.13                 0.4     -8.99
2011-03-02       0.0                0.59      -3.5
2011-03-03      0.93                0.76      0.27
2011-03-04      3.99                0.09      2.14
2011-03-05      4.32                0.08     -3.16
2011-03-06       0.0                1.27    -13.19
2011-03-07       0.0                1.18    -11.35
2011-03-08      0.12                0.63     -2.43
2011-03-09      0.73                0.61     -3.39
2011-03-10       0.0                 0.9     -5.64
2011-03-11      0.02                0.62     -6.85
2011-03-12       0.2                0.61     -7.62
2011-03-13       0.0                0.59     -3.35
2011-03-14      0.46                0.31      1.11
2011-03-15      4.15                0.47      1.24
2011-03-16       0.0                0.35     -0.03
2011-03-17      0.12                 0.2      1.22
2011-03-18      0.01                0.38       0.5
2011-03-19      0.09                 0.8     -1.46
2011-03-20      0.01                0.48     -0.44
2011-03-21      0.85                0.51     -0.11
2011-03-22      0.25                0.14      1.64
2011-03-23      1.15                0.35      1.49
2011-03-24     14.75                0.32      0.81
2011-03-25      0.06                0.51      1.56
2011-03-26       0.0                0.86      1.85
2011-03-27       0.1                0.91     -1.81
2011-03-28      0.01                1.13     -1.43
2011-03-29       0.0                0.82     -1.96
2011-03-30       0.0                0.69      1.25
2011-03-31       0.0                0.54      1.98
2011-04-01      5.91                0.87      0.22
2011-04-02      3.74                 1.0      0.61
2011-04-03      0.76                 0.9      3.02
2011-04-04      0.01                0.73      4.06
2011-04-05       0.0                0.74      5.41
2011-04-06      0.84                0.85      3.78
2011-04-07      1.78                1.29      7.16
2011-04-08       0.0                1.15      5.92
2011-04-09      0.44                1.22      2.39
2011-04-10      4.95                0.87      0.87
2011-04-11      1.63                 1.1      0.01
2011-04-12      4.01                1.13       0.2
2011-04-13      4.51                0.14      4.16
2011-04-14      0.37                 1.1      4.17
2011-04-15      0.38                1.46       4.6
2011-04-16       0.0                1.51      7.98
2011-04-17       0.0                1.56      9.88
2011-04-18      0.34                1.27      12.1
2011-04-19      0.94                0.95      9.67
2011-04-20       0.0                2.36      16.5
2011-04-21      3.77                1.72      8.51
2011-04-22       0.0                2.06     11.83
2011-04-23      0.37                2.16      8.63
2011-04-24      3.84                1.23      7.04
2011-04-25       0.0                2.28      7.38
2011-04-26       0.0                2.23      9.75
2011-04-27      0.36                2.39     13.06
2011-04-28       0.0                2.61     14.66
2011-04-29      0.01                2.35      9.88
2011-04-30      0.05                0.94      9.85
2011-05-01       0.0                2.52     13.13
2011-05-02       0.0                2.13     14.43
2011-05-03      0.49                1.27     13.79
2011-05-04      0.08                2.16      10.8
2011-05-05       0.0                2.81     11.42
2011-05-06       0.0                2.91     14.78
2011-05-07      7.55                2.44      9.09
2011-05-08      0.21                 2.0     16.76
2011-05-09       0.0                3.07     15.18
2011-05-10       0.0                3.01     15.75
2011-05-11       0.0                2.79     16.27
2011-05-12      0.75                2.58     15.65
2011-05-13      0.72                1.56      17.1
2011-05-14      0.17                1.94     18.74
2011-05-15       0.0                3.12     18.92
2011-05-16     13.99                2.49      13.9
2011-05-17      0.36                2.75     12.69
2011-05-18      0.23                3.21     14.55
2011-05-19       0.0                3.48     18.31
2011-05-20      0.88                3.29     13.21
2011-05-21      4.16                1.26     14.02
2011-05-22       0.0                3.75     17.44
2011-05-23       0.0                3.57     18.45
2011-05-24       0.0                3.17     16.64
2011-05-25       0.0                3.26     19.24
2011-05-26       0.0                3.47     23.17
2011-05-27      7.15                3.53     18.32
2011-05-28     23.64                1.43     13.36
2011-05-29       0.0                3.76     16.52
2011-05-30      3.41                 2.2     14.56
2011-05-31      0.17                2.26     14.02
2011-06-01       0.0                3.28     14.89
2011-06-02       0.0                3.95     18.22
2011-06-03       0.0                3.71     19.55
2011-06-04      0.17                2.57     16.07
2011-06-05      0.02                2.35     14.62
2011-06-06       0.0                3.32     16.45
2011-06-07      0.21                3.32     16.16
2011-06-08      0.13                2.15     17.35
2011-06-09       4.1                0.97     15.77
2011-06-10      1.81                2.32      17.1
2011-06-11      0.07                3.53     21.47
2011-06-12       0.0                3.91     26.66
2011-06-13       0.0                 3.5     23.71
2011-06-14      0.01                2.77     24.37
2011-06-15      0.06                3.49     24.46
2011-06-16      0.02                3.74     21.93
2011-06-17       0.0                3.62     22.49
2011-06-18       0.0                3.15     21.49
2011-06-19       0.0                3.37     24.53
2011-06-20       0.0                3.04      25.3
2011-06-21     22.49                2.93     22.76
2011-06-22     15.29                2.38     20.63
2011-06-23      4.12                1.47     21.75
2011-06-24      0.07                 3.1     25.73
2011-06-25      0.46                3.51     24.54
2011-06-26     15.83                3.15     22.02
2011-06-27     18.28                1.73     21.36
2011-06-28     17.64                0.63     23.13
2011-06-29     51.64                 1.6     22.64
2011-06-30     10.83                1.29     22.14
2011-07-01     10.23                0.77     22.87
2011-07-02      14.3                1.58     22.73
2011-07-03       2.0                3.45     23.07
2011-07-04       0.0                2.78     22.55
2011-07-05      1.07                2.86     24.53
2011-07-06      6.63                 3.6     22.81
2011-07-07     34.19                2.34     22.31
2011-07-08      40.8                1.82     19.24
2011-07-09       0.0                3.94     19.66
2011-07-10       0.0                4.14     21.66
2011-07-11      0.14                 3.3      18.4
2011-07-12      0.02                2.51     17.24
2011-07-13       0.0                 3.5     18.87
2011-07-14      0.95                3.78     18.46
2011-07-15      2.24                3.01     18.42
2011-07-16     27.15                1.24     19.47
2011-07-17      0.94                1.91     21.41
2011-07-18      8.08                3.51     20.56
2011-07-19     20.81                2.75     16.72
2011-07-20     37.78                1.66     17.33
2011-07-21     30.44                 1.0     15.44
2011-07-22     13.17                1.32     15.06
2011-07-23     28.18                0.84     16.52
2011-07-24       5.2                0.68     21.51
2011-07-25       3.9                 1.4     22.36
2011-07-26      3.77                1.92      24.7
2011-07-27      7.69                2.68     24.58
2011-07-28     14.19                1.26     22.55
2011-07-29     30.71                0.51     22.23
2011-07-30      6.01                1.53     23.27
2011-07-31      18.5                2.41     21.34
2011-08-01      3.26                1.52     22.87
2011-08-02     13.15                1.71     23.86
2011-08-03      8.35                3.19     19.61
