2011-01-01       0.3                0.42     -9.24
2011-01-02      0.46                0.24     -8.49
2011-01-03      0.31                0.22    -10.54
2011-01-04       0.0                0.27    -11.64
2011-01-05      0.44                0.34    -13.61
2011-01-06      0.08                0.47    -20.14
2011-01-07       0.0                0.31    -12.33
2011-01-08       0.0                0.36    -12.35
2011-01-09       1.4                0.26     -5.48
2011-01-10       0.1                 0.3    -18.62
2011-01-11       0.0                0.47    -19.07
2011-01-12       0.3                 0.3    -20.25
2011-01-13       0.0                0.49    -22.53
2011-01-14      0.01                 0.3    -19.66
2011-01-15       0.0                0.28     -18.0
2011-01-16      0.07                0.36    -13.79
2011-01-17      0.02                 0.3    -16.83
2011-01-18       0.0                0.19    -13.19
2011-01-19       0.0                0.29     -9.85
2011-01-20      0.18                0.32    -14.25
2011-01-21       0.0                0.41    -13.51
2011-01-22       0.0                0.32    -13.31
2011-01-23       0.0                0.25    -10.81
2011-01-24      0.02                0.15     -4.71
2011-01-25      2.64                 0.0     -8.97
2011-01-26      0.26                0.38    -12.41
2011-01-27      0.45                0.54    -17.58
2011-01-28       0.0                 0.5    -21.81
2011-01-29       0.0                0.38    -19.94
2011-01-30       0.0                0.24     -14.3
2011-01-31      0.05                0.31     -7.04
2011-02-01     24.85                0.21    -14.21
2011-02-02      0.17                0.48     -18.0
2011-02-03       0.1                0.57    -24.55
2011-02-04       0.0                0.34    -19.62
2011-02-05      0.63                0.34     -7.85
2011-02-06      0.07                0.48    -16.03
2011-02-07      0.87                0.46     -5.41
2011-02-08      0.53                0.47    -20.48
2011-02-09       0.0                0.39    -18.36
2011-02-10       0.0                0.35    -15.65
2011-02-11       0.3                0.44     -1.26
2011-02-12      0.67                0.02     -0.04
2011-02-13      0.57                0.41      -0.4
2011-02-14      0.06                0.26     -4.91
2011-02-15       0.0                0.51     -5.25
2011-02-16      0.34                0.62     -5.32
2011-02-17       0.0                0.81    -12.84
2011-02-18       0.0                0.52     -9.12
2011-02-19       0.0                 0.5     -6.89
2011-02-20       0.0                 0.1     -0.74
2011-02-21      0.02                0.25     -1.04
2011-02-22      0.03                0.25     -3.51
2011-02-23      0.25                 0.4      0.26
2011-02-24      0.05               -0.06     -2.41
2011-02-25      0.01                0.37      1.18
2011-02-26       0.0                0.23      2.19
2011-02-27      0.85                0.28     -3.14
2011-02-28       0.0                0.46     -4.69
2011-03-01       0.0                 0.3     -2.96
2011-03-02      0.14                 0.2      0.32
2011-03-03      0.68                0.21     -2.97
2011-03-04      0.05                0.38      0.28
2011-03-05      3.12                0.57     -0.26
2011-03-06       0.0                0.75       1.0
2011-03-07      0.01                0.27       0.8
2011-03-08      0.05                0.26      3.88
2011-03-09      7.76                0.32      5.32
2011-03-10     44.69                -0.4      11.8
2011-03-11      1.41                0.83     -6.47
2011-03-12       0.0                0.62     -4.37
2011-03-13       0.0                0.33     -0.29
2011-03-14       0.0                0.47      0.02
2011-03-15       0.0                0.09     -0.92
2011-03-16       0.0                0.72     -2.56
2011-03-17      0.05                0.35      0.23
2011-03-18      0.72                0.41     -1.05
2011-03-19      0.01                 0.4      1.61
2011-03-20       0.0                0.46      3.07
2011-03-21      0.01                0.53      4.08
2011-03-22       0.0                0.88      7.28
2011-03-23       0.1                0.76      6.27
2011-03-24      6.25                0.62       5.3
2011-03-25      6.34                0.17      5.77
2011-03-26       0.0                 1.4      7.01
2011-03-27       0.0                1.15      7.71
2011-03-28       0.0                1.14     11.88
2011-03-29      0.07                1.53      0.92
2011-03-30      0.15                 0.6       1.6
2011-03-31     21.33                 0.6      1.46
2011-04-01       0.0                0.96      5.61
2011-04-02       0.0                1.15      6.24
2011-04-03      0.46                1.25      5.16
2011-04-04      0.09                 1.1      5.62
2011-04-05      0.17                1.33      3.27
2011-04-06      0.36                1.37      5.82
2011-04-07      0.12                1.41      7.16
2011-04-08      2.01                1.94      0.77
2011-04-09      0.47                0.99      1.72
2011-04-10      0.67                0.88      6.04
2011-04-11      0.29                1.64       7.5
2011-04-12      0.07                1.49      9.17
2011-04-13      1.31                1.25      5.53
2011-04-14       0.0                 2.0     13.63
2011-04-15      1.41                1.62     11.83
2011-04-16      7.29                 1.7      8.19
2011-04-17      0.84                1.09     10.18
2011-04-18       0.0                2.25       8.7
2011-04-19      0.24                1.55      5.96
2011-04-20       0.0                2.15      7.29
2011-04-21       0.0                2.38      9.03
2011-04-22      0.46                2.57      7.06
2011-04-23     34.35                0.87      6.21
2011-04-24      0.43                2.77      7.63
2011-04-25       0.0                2.55      9.74
2011-04-26       3.2                2.16     10.31
2011-04-27      2.36                1.24     10.57
2011-04-28      0.08                2.05     10.73
2011-04-29       0.0                2.83     11.29
2011-04-30      9.29                1.93     11.34
2011-05-01      0.01                2.62     11.66
2011-05-02     10.61                1.71      7.49
2011-05-03      6.06                2.21      8.56
2011-05-04      0.49                2.28     11.26
2011-05-05       0.0                3.26     14.45
2011-05-06      1.71                2.96     10.11
2011-05-07      6.45                1.32     11.52
2011-05-08      0.09                1.51     11.95
2011-05-09      3.16                2.21     11.27
2011-05-10      1.19                1.98     12.92
2011-05-11      2.54                3.15     10.62
2011-05-12      0.58                2.22     11.79
2011-05-13      4.44                 2.9     10.45
2011-05-14      2.58                2.23       9.5
2011-05-15      0.08                3.11     11.68
2011-05-16      0.17                 2.7     14.45
2011-05-17      2.42                3.21      9.65
2011-05-18       0.0                 3.1     12.97
2011-05-19       2.2                2.91     15.42
2011-05-20      6.93                 2.3     14.76
2011-05-21      6.07                 1.4     14.69
2011-05-22      2.07                1.82     13.21
2011-05-23       0.2                1.24     15.32
2011-05-24       0.0                2.68     18.83
2011-05-25      0.08                3.28     17.38
2011-05-26      0.13                2.64     17.51
2011-05-27      2.07                1.38     16.05
2011-05-28      2.59                2.69     16.97
2011-05-29      0.24                3.28     17.18
2011-05-30      0.05                2.95     18.27
2011-05-31       0.0                4.22     22.84
2011-06-01       0.0                4.35     21.97
2011-06-02      1.18                2.78     21.28
2011-06-03     10.47                3.14     18.04
2011-06-04     14.93                1.62     17.81
2011-06-05      0.19                3.18     21.02
2011-06-06      0.46                3.84     23.22
2011-06-07      0.07                3.26      23.7
2011-06-08     20.37                3.16      21.7
2011-06-09      0.08                3.92     20.24
2011-06-10       0.0                5.17     20.23
2011-06-11       0.0                4.76     19.88
2011-06-12       0.0                4.19     16.91
2011-06-13       0.0                3.08      15.8
2011-06-14       0.0                2.91     18.69
2011-06-15       0.0                3.75      21.7
2011-06-16       0.0                4.29     23.61
2011-06-17       0.0                3.65     18.03
2011-06-18      0.01                3.76     20.52
2011-06-19       0.0                3.01     21.28
2011-06-20     37.48                2.92      19.8
2011-06-21      0.58                 3.5     20.81
2011-06-22      0.07                 3.4     20.12
2011-06-23      0.12                 3.4     22.72
2011-06-24      5.37                3.23     18.39
2011-06-25     14.05                2.98     18.05
2011-06-26      6.18                3.88     18.46
2011-06-27      2.12                3.91     18.15
2011-06-28      0.73                2.79     16.89
2011-06-29      0.13                1.94     16.97
2011-06-30       0.0                3.59     18.42
2011-07-01       0.0                1.55     21.33
2011-07-02       0.0                4.09     23.53
2011-07-03      18.0                2.18     21.95
2011-07-04     22.17                1.35     22.97
2011-07-05      6.85                 2.4     23.43
2011-07-06     40.59                1.72     22.43
2011-07-07    154.83                1.88     16.72
2011-07-08      2.64                1.56     19.95
2011-07-09      1.25                2.92     18.88
2011-07-10      0.13                2.25     21.48
2011-07-11      4.83                 2.6     23.11
2011-07-12     28.88                2.73     21.84
2011-07-13      5.34                3.02     18.82
2011-07-14     36.18                1.26     21.89
2011-07-15     48.48                1.44     21.03
2011-07-16      2.31                1.37     20.26
2011-07-17     22.22                2.23      21.8
2011-07-18     82.83                0.55     21.11
2011-07-19     60.02                0.49     20.98
2011-07-20       0.0                3.23     21.56
2011-07-21       0.0                4.17     25.86
2011-07-22      0.95                3.72     23.86
2011-07-23       5.2                2.65      24.4
2011-07-24      4.96                3.06     24.32
2011-07-25      1.64                3.55     24.93
2011-07-26      3.56                 3.5     23.42
2011-07-27     15.28                2.99     21.72
2011-07-28     16.35                1.92     21.93
2011-07-29     21.08                0.81     19.85
2011-07-30      0.95                2.37     21.53
2011-07-31      0.34                3.19      24.3
2011-08-01      0.12                 3.3     24.22
2011-08-02      1.19                2.98     24.57
2011-08-03       0.0                3.42      23.2
