2011-01-01      0.47                0.37     -6.44
2011-01-02      2.02                0.18     -4.56
2011-01-03      1.42                0.24     -7.25
2011-01-04      0.02                 0.3    -11.37
2011-01-05       0.0                0.48    -12.19
2011-01-06      0.11                0.32    -16.18
2011-01-07       0.0                0.41    -17.39
2011-01-08       0.0                0.45    -19.05
2011-01-09      0.04                0.36    -18.34
2011-01-10      0.03                0.24    -11.76
2011-01-11      1.28                 0.2    -15.17
2011-01-12       0.1                0.54    -21.32
2011-01-13      0.03                0.56    -23.37
2011-01-14       0.0                0.42    -18.68
2011-01-15      0.03                0.45    -17.23
2011-01-16       0.0                0.38    -14.94
2011-01-17       0.0                0.35    -15.27
2011-01-18       0.0                0.42    -19.35
2011-01-19       0.0                0.42    -20.12
2011-01-20       0.0                0.41    -21.07
2011-01-21      0.08                0.32    -17.49
2011-01-22       0.0                0.24    -16.25
2011-01-23       0.0                0.32    -14.16
2011-01-24       0.0                0.32    -15.26
2011-01-25      0.03                0.18    -13.85
2011-01-26      0.19                0.15     -9.86
2011-01-27      0.49                0.16    -11.76
2011-01-28      0.05                0.16     -7.81
2011-01-29      0.73                 0.3    -14.64
2011-01-30       0.0                0.46    -14.89
2011-01-31       0.0                0.39    -19.57
2011-02-01       0.0                0.29    -16.63
2011-02-02       0.0                0.19     -5.28
2011-02-03      0.03                0.19     -8.32
2011-02-04      0.08                0.39    -10.94
2011-02-05       0.0                 0.1      -4.5
2011-02-06      8.53                0.28     -4.96
2011-02-07      4.03                 0.4    -21.87
2011-02-08       0.0                0.55    -19.36
2011-02-09      0.05                0.45    -17.84
2011-02-10      0.25                0.51    -10.99
2011-02-11       0.0                0.66      1.28
2011-02-12      7.29                1.14    -10.54
2011-02-13       0.0                 0.8    -14.95
2011-02-14       0.0                0.47    -12.81
2011-02-15      0.01                0.53    -22.14
2011-02-16       0.0                0.42     -17.4
2011-02-17       0.0                0.51    -14.85
2011-02-18      0.22                0.62    -15.86
2011-02-19       0.0                0.48    -13.74
2011-02-20       0.0                0.51     -9.25
2011-02-21      0.05                0.64    -10.19
2011-02-22       0.0                0.52    -13.25
2011-02-23       0.0                0.37    -11.54
2011-02-24       0.0                0.38     -7.17
2011-02-25       0.0                0.41     -3.33
2011-02-26       0.0                0.07      1.01
2011-02-27      0.12                0.05     -0.83
2011-02-28      2.19                0.46      2.71
2011-03-01     22.08                0.38     -4.52
2011-03-02      0.01                0.47     -0.14
2011-03-03      1.89                0.26     -0.76
2011-03-04      4.42                0.38      -4.8
2011-03-05      0.25                0.69     -8.11
2011-03-06       0.0                0.51     -5.86
2011-03-07      0.02                0.53     -1.88
2011-03-08       0.7                0.37     -1.31
2011-03-09       0.0                0.23      3.44
2011-03-10       0.0                0.06      4.82
2011-03-11      0.05                0.01      9.42
2011-03-12      0.19                0.09      7.68
2011-03-13      3.35                 0.4      11.9
2011-03-14      8.01                0.23      3.74
2011-03-15      0.41                0.48      1.07
2011-03-16      6.53                0.46      -0.2
2011-03-17      0.01                0.57      0.39
2011-03-18      0.15                 0.7      4.03
2011-03-19      0.32                0.25      0.71
2011-03-20      1.98                0.48      0.15
2011-03-21       0.7                0.31      0.67
2011-03-22      5.86                0.63     -0.36
2011-03-23       3.4                0.85     -2.64
2011-03-24      1.23                0.82     -6.13
2011-03-25      0.21                0.91      2.04
2011-03-26      2.42               -0.48      5.35
2011-03-27      0.01                0.91      3.66
2011-03-28      2.67                0.83      0.75
2011-03-29      1.44                0.37      1.45
2011-03-30       5.8                0.97     -1.18
2011-03-31      2.13                1.14      0.39
2011-04-01       0.0                0.85      1.98
2011-04-02       0.0                 1.1      2.94
2011-04-03       0.0                0.99      4.34
2011-04-04       0.0                1.19      6.33
2011-04-05       0.0                1.14      8.73
2011-04-06       0.0                1.42     11.07
2011-04-07       0.0                1.61     10.35
2011-04-08       0.0                1.34      7.96
2011-04-09       0.0                1.28      7.53
2011-04-10       0.0                1.77      7.24
2011-04-11       0.0                1.75      9.17
2011-04-12       0.0                1.52      9.94
2011-04-13       0.0                1.54     14.55
2011-04-14      0.01                1.45     10.83
2011-04-15      0.07                0.82      8.77
2011-04-16      1.02                 1.2     10.98
2011-04-17     13.73                0.97      3.71
2011-04-18      0.73                 1.4      5.52
2011-04-19      1.39                1.67      8.97
2011-04-20     12.89                2.21      4.41
2011-04-21      0.53                1.35       7.4
2011-04-22       0.0                2.06     10.38
2011-04-23       0.0                2.27      11.7
2011-04-24       0.0                1.85      11.6
2011-04-25      2.71                1.88       9.1
2011-04-26      0.44                2.29     10.84
2011-04-27       0.1                1.59     10.02
2011-04-28       0.0                 2.5     16.04
2011-04-29      0.12                 2.2     13.22
2011-04-30     15.14                1.94      4.24
2011-05-01     32.15                1.29      3.25
2011-05-02      4.18                1.61      4.93
2011-05-03      2.97                0.77      7.55
2011-05-04       0.0                3.35     15.15
2011-05-05       0.0                3.23     14.73
2011-05-06       0.0                3.44     16.37
2011-05-07      4.31                2.28     12.52
2011-05-08       0.7                1.58     14.57
2011-05-09      7.73                1.66     15.86
2011-05-10     14.61                1.62     13.56
2011-05-11       0.0                2.19     17.95
2011-05-12       3.1                2.22     16.26
2011-05-13       0.0                2.99     12.75
2011-05-14      0.01                3.42     13.87
2011-05-15       0.0                 3.0     13.58
2011-05-16      0.33                2.57     14.14
2011-05-17      0.01                3.04     11.55
2011-05-18       0.0                3.69     17.71
2011-05-19      1.84                2.92     17.64
2011-05-20      0.36                2.91     17.87
2011-05-21       6.4                1.98     13.22
2011-05-22     12.88                1.84     13.95
2011-05-23      5.36                2.48      12.9
2011-05-24      0.66                2.43     15.22
2011-05-25      0.07                3.39     18.17
2011-05-26       0.0                3.53     18.48
2011-05-27       0.0                3.59     14.71
2011-05-28      0.06                2.82     13.59
2011-05-29       0.0                3.49      14.7
2011-05-30      0.01                3.51     12.78
2011-05-31       0.0                2.88     15.94
2011-06-01      1.48                2.82     17.47
2011-06-02      0.49                1.73      17.1
2011-06-03      0.12                3.16     19.81
2011-06-04       0.0                4.03     21.31
2011-06-05       0.0                3.56     22.16
2011-06-06       0.0                4.07     22.36
2011-06-07      0.34                3.45     19.33
2011-06-08      1.42                2.57     19.08
2011-06-09     10.49                1.82     16.54
2011-06-10       0.6                2.41     19.43
2011-06-11       0.0                2.84      18.3
2011-06-12      0.27                3.19     14.52
2011-06-13      0.01                2.77     19.08
2011-06-14      0.05                3.25     19.16
2011-06-15       0.0                3.84     20.83
2011-06-16       0.0                3.87     20.97
2011-06-17       0.0                3.53     19.88
2011-06-18       0.0                3.56     19.73
2011-06-19     13.18                1.81     19.26
2011-06-20     19.84                0.49     19.74
2011-06-21     42.25                1.37     19.53
2011-06-22      0.05                3.22     21.52
2011-06-23      0.08                 3.7     20.11
2011-06-24      0.17                2.92     20.22
2011-06-25     18.54                1.26     20.01
2011-06-26     23.64                1.22     15.54
2011-06-27     96.74                2.04     13.18
2011-06-28     43.58                1.42     13.89
2011-06-29      1.24                1.92      18.0
2011-06-30      2.64                2.91     19.15
2011-07-01       0.0                3.47     18.12
2011-07-02      1.78                2.84     19.48
2011-07-03     16.62                1.72     20.86
2011-07-04      3.57                1.69     20.25
2011-07-05     72.54                0.77     20.54
2011-07-06      4.76                0.46     20.43
2011-07-07     16.87                1.43     19.57
2011-07-08      6.35                1.03      20.4
2011-07-09     23.22                0.55     20.14
2011-07-10      4.43                1.33      21.9
2011-07-11      0.22                2.76     21.92
2011-07-12      0.32                3.03     23.34
2011-07-13      0.09                 3.1     21.58
2011-07-14      2.13                3.25     22.99
2011-07-15     91.88                1.92     20.51
2011-07-16     21.78                2.92      17.4
2011-07-17       4.9                0.99     20.48
2011-07-18      0.23                3.12     22.08
2011-07-19      0.13                3.24     21.78
2011-07-20      0.02                3.03     21.97
2011-07-21       0.0                3.32     26.69
2011-07-22      0.03                 4.1     24.98
2011-07-23      0.21                2.74      20.2
2011-07-24      1.53                2.46     18.28
2011-07-25      3.83                3.07     20.98
2011-07-26       0.0                3.35     22.71
2011-07-27       0.0                3.39     23.55
2011-07-28      0.82                3.62      23.7
2011-07-29      1.43                3.47     22.79
2011-07-30       6.0                2.45      22.0
2011-07-31      6.93                0.91     23.14
2011-08-01      9.35                2.72     22.95
2011-08-02     23.12                0.45     23.36
2011-08-03       8.3                2.58     24.98
