2011-01-01       0.4                0.43    -10.47
2011-01-02      0.87                0.28     -7.69
2011-01-03      0.76                0.26    -12.44
2011-01-04      0.05                0.31    -11.59
2011-01-05      0.53                0.33    -14.81
2011-01-06      0.16                0.33    -19.68
2011-01-07       0.0                 0.3    -14.56
2011-01-08      0.02                 0.2     -13.2
2011-01-09       0.0                0.33    -14.06
2011-01-10       1.6                0.31      -5.5
2011-01-11       0.0                0.66    -15.16
2011-01-12       0.9                0.39    -12.67
2011-01-13      0.08                 0.5    -25.25
2011-01-14       0.0                0.36    -24.22
2011-01-15       0.0                0.31    -20.98
2011-01-16      0.84                 0.3    -15.66
2011-01-17      0.02                0.27    -16.96
2011-01-18       0.0                0.25    -11.06
2011-01-19      0.07                0.34    -13.77
2011-01-20       0.0                0.45    -18.93
2011-01-21       0.0                0.31     -14.9
2011-01-22       1.6                 0.3     -6.39
2011-01-23      0.02                0.45    -17.16
2011-01-24       0.0                0.33    -17.08
2011-01-25       0.0                0.34    -16.85
2011-01-26       0.0                0.36    -12.92
2011-01-27      1.16                0.33     -7.65
2011-01-28       0.0                0.74    -17.35
2011-01-29       0.0                0.42    -22.15
2011-01-30       0.0                0.39    -22.81
2011-01-31       0.0                0.39    -21.98
2011-02-01       0.0                0.42    -18.11
2011-02-02       0.0                0.37    -18.33
2011-02-03      0.12                0.33    -13.37
2011-02-04       0.0                0.48    -21.57
2011-02-05      0.19                0.31    -17.54
2011-02-06       0.0                0.49    -17.12
2011-02-07      1.62                0.52    -15.61
2011-02-08       0.0                0.46    -20.19
2011-02-09       0.0                0.39    -16.79
2011-02-10       0.0                0.39    -19.52
2011-02-11       0.0                0.36    -17.85
2011-02-12       0.0                 0.3    -16.14
2011-02-13      0.02                0.28    -13.97
2011-02-14      0.03                0.36    -12.83
2011-02-15      0.02                0.25     -6.34
2011-02-16      0.05                0.42     -6.72
2011-02-17      0.01                0.31     -5.76
2011-02-18      0.37                0.41     -9.09
2011-02-19      0.03                 0.3     -2.03
2011-02-20      1.63                0.27      -0.5
2011-02-21      2.63                0.62     -4.69
2011-02-22      2.12                0.58    -15.01
2011-02-23       0.0                0.53    -13.48
2011-02-24       0.0                 0.5    -16.13
2011-02-25      0.02                0.38    -11.33
2011-02-26      0.05                0.41     -6.33
2011-02-27      0.17                0.22     -7.31
2011-02-28       0.0                0.47     -5.38
2011-03-01      0.19                0.33     -6.16
2011-03-02       0.0                 0.6     -7.25
2011-03-03       0.0                0.39     -0.18
2011-03-04      6.71                0.26      2.18
2011-03-05       0.5                0.52      0.17
2011-03-06      7.16                0.59      4.54
2011-03-07      2.47                0.83     -9.94
2011-03-08      0.21                0.51     -6.05
2011-03-09      0.73                0.39     -5.16
2011-03-10       0.0                0.41      1.55
2011-03-11      2.93                0.13      3.16
2011-03-12      0.03                0.37      3.35
2011-03-13      0.38                0.33     -0.93
2011-03-14      1.95                 0.4     -0.83
2011-03-15      0.72                0.27      3.82
2011-03-16      1.84               -0.08      5.43
2011-03-17      0.41                0.69      0.44
2011-03-18       0.0                0.39      2.08
2011-03-19       0.0                0.53     -0.57
2011-03-20       0.0                 0.4     -1.26
2011-03-21       0.0                0.44      1.06
2011-03-22      0.07                0.31       3.8
2011-03-23      0.42                0.53      4.53
2011-03-24       0.0                1.14     -1.18
2011-03-25       0.0                0.55       5.9
2011-03-26       0.0                0.45      7.85
2011-03-27       0.0                1.03      6.95
2011-03-28      0.54                1.15      2.85
2011-03-29      0.05                0.49      1.37
2011-03-30       0.0                0.92      1.95
2011-03-31       0.0                1.09      0.69
2011-04-01      1.99                0.49      0.95
2011-04-02      0.19                 0.7       5.3
2011-04-03      0.41                1.03      6.33
2011-04-04       0.0                0.93      6.04
2011-04-05       0.0                1.08      4.56
2011-04-06      0.65                0.88      5.67
2011-04-07      0.07                1.08       9.4
2011-04-08       2.6                1.46      4.47
2011-04-09       9.4                1.14      4.82
2011-04-10       0.0                 1.6      6.38
2011-04-11      0.07                1.63      7.83
2011-04-12      3.09                1.89      2.34
2011-04-13      0.99                1.15      5.66
2011-04-14       0.0                 1.2      4.68
2011-04-15       0.0                1.21      6.59
2011-04-16       0.0                 1.5       9.3
2011-04-17       0.0                1.34     10.02
2011-04-18      9.72                1.43      5.67
2011-04-19      1.92                0.49      5.79
2011-04-20      0.27                0.75      10.1
2011-04-21       3.6                 1.9      9.43
2011-04-22      1.59                1.55      6.29
2011-04-23      0.25                1.99      7.36
2011-04-24      0.04                 1.8      7.18
2011-04-25      4.23                2.02      2.76
2011-04-26       0.0                1.43      8.59
2011-04-27      1.55                2.05     10.12
2011-04-28      0.12                2.18     10.39
2011-04-29       0.0                2.25     10.98
2011-04-30       0.0                2.37     12.23
2011-05-01       6.6                1.36      9.29
2011-05-02      2.88                 1.9     11.99
2011-05-03       0.0                2.75     10.92
2011-05-04      3.64                1.98      9.52
2011-05-05       0.0                2.47      14.5
2011-05-06      0.41                2.56     15.42
2011-05-07     10.26                2.67      4.83
2011-05-08       0.0                2.86     11.09
2011-05-09       0.0                2.96     13.69
2011-05-10      0.24                2.72     13.05
2011-05-11     11.17                0.89      16.7
2011-05-12     44.96                1.04      7.44
2011-05-13       0.0                2.23     11.12
2011-05-14       0.0                2.69     18.24
2011-05-15      1.48                 2.5     18.58
2011-05-16       2.3                2.67     10.99
2011-05-17       0.0                2.71      8.01
2011-05-18       0.0                1.56     13.81
2011-05-19       0.0                3.27     16.55
2011-05-20       0.0                3.33     15.35
2011-05-21       0.0                2.26     16.79
2011-05-22      0.05                2.49     13.14
2011-05-23       0.0                3.05     16.52
2011-05-24      1.69                2.86     14.12
2011-05-25      3.27                1.83     14.48
2011-05-26      0.05                2.76     17.76
2011-05-27      0.19                2.61     16.91
2011-05-28      0.17                2.55     18.29
2011-05-29       0.0                3.43     19.38
2011-05-30       0.0                2.94     19.09
2011-05-31       0.0                3.28     14.83
2011-06-01      0.01                2.64     11.49
2011-06-02      5.34                2.05     13.09
2011-06-03      0.29                3.43     16.05
2011-06-04       0.0                3.29     18.15
2011-06-05       0.0                3.63     19.33
2011-06-06       0.0                3.67     19.37
2011-06-07      0.12                3.16     16.46
2011-06-08       0.0                3.55     20.68
2011-06-09       0.0                 3.4     19.41
2011-06-10      0.05                2.85     16.73
2011-06-11      6.04                0.98     18.13
2011-06-12      0.26                2.73     15.82
2011-06-13     21.54                1.59     15.39
2011-06-14      0.08                3.12     18.95
2011-06-15       0.0                3.98     21.37
2011-06-16       0.0                3.24     19.65
2011-06-17     28.36                2.12     13.69
2011-06-18      1.84                1.49     18.34
2011-06-19      0.24                3.67     20.79
2011-06-20      1.82                 4.2     19.58
2011-06-21      0.01                2.87      16.5
2011-06-22      0.25                2.73     16.06
2011-06-23     15.35                2.56     13.83
2011-06-24      3.52                1.24      17.4
2011-06-25      5.17                2.22     18.79
2011-06-26     19.49                1.75      18.5
2011-06-27      0.91                2.68     18.81
2011-06-28     50.68                0.92     17.24
2011-06-29     30.41                2.26     16.97
2011-06-30      6.28                0.89     18.41
2011-07-01     44.55                0.93     17.66
2011-07-02      6.79                1.37     18.35
2011-07-03     40.56                1.19     19.57
2011-07-04      2.46                3.27     22.04
2011-07-05      0.49                3.67     24.29
2011-07-06      0.48                3.06     22.33
2011-07-07      5.88                2.37     21.36
2011-07-08      28.5                 1.5     20.08
2011-07-09      2.46                0.86     23.32
2011-07-10       0.1                3.51     26.43
2011-07-11       0.0                3.93     27.21
2011-07-12       0.0                3.87     25.49
2011-07-13       0.0                3.92     25.51
2011-07-14      0.36                3.75     28.34
2011-07-15      0.14                3.74     24.44
2011-07-16      1.31                3.24     25.09
2011-07-17      0.94                3.52     25.07
2011-07-18     32.59                3.74     20.76
2011-07-19     15.29                 2.1     19.37
2011-07-20     90.87                 0.9     16.48
2011-07-21      8.34                1.18     16.46
2011-07-22      0.01                2.28     18.77
2011-07-23       0.0                 3.9     22.34
2011-07-24       0.0                 3.9      25.1
2011-07-25      0.13                 3.7      25.7
2011-07-26      1.52                3.85     25.16
2011-07-27      4.38                 3.5      23.8
2011-07-28      4.33                2.71     21.63
2011-07-29      2.98                2.26     20.39
2011-07-30      1.28                2.63     22.99
2011-07-31       3.2                2.94     22.49
2011-08-01      0.02                3.44     21.76
2011-08-02      2.72                2.15     21.37
2011-08-03      5.24                1.26      19.8
