2011-01-01      0.43                0.35     -8.02
2011-01-02      1.75                0.18     -5.28
2011-01-03      0.81                 0.2    -10.11
2011-01-04       0.0                0.24    -12.09
2011-01-05      0.02                0.38    -13.81
2011-01-06      0.02                0.24    -15.82
2011-01-07      0.38                0.24      -4.8
2011-01-08      0.75                0.53    -16.91
2011-01-09      0.12                0.34    -10.26
2011-01-10      1.09                0.31    -10.28
2011-01-11       0.0                0.43    -18.27
2011-01-12      0.01                0.25    -17.87
2011-01-13       0.0                0.24    -15.03
2011-01-14      0.29                0.16     -5.96
2011-01-15      5.53                0.51    -18.08
2011-01-16      0.03                0.53     -24.7
2011-01-17      0.02                0.35    -26.18
2011-01-18       0.0                 0.4     -22.0
2011-01-19      0.03                0.51    -22.71
2011-01-20       0.0                0.54    -21.84
2011-01-21       0.0                0.27    -20.59
2011-01-22      0.05                0.34    -14.92
2011-01-23      0.46                 0.2     -9.24
2011-01-24      0.03                0.76    -24.89
2011-01-25       0.0                0.32    -21.42
2011-01-26       0.0                0.34     -22.0
2011-01-27      0.03                0.34    -18.81
2011-01-28      0.32                0.24    -18.56
2011-01-29       0.0                 0.4    -21.78
2011-01-30       0.0                0.36    -22.39
2011-01-31      0.01                0.32     -18.6
2011-02-01       0.0                0.32    -16.96
2011-02-02       0.0                0.27    -15.69
2011-02-03       0.0                0.26    -13.25
2011-02-04       0.8                0.18     -0.89
2011-02-05      2.18                0.52    -11.65
2011-02-06       0.0                0.37     -7.94
2011-02-07      0.19                0.27     -0.69
2011-02-08      0.15                0.45     -2.34
2011-02-09      0.14                0.38      -7.0
2011-02-10      0.02                0.39      -1.4
2011-02-11      8.95                0.47    -12.33
2011-02-12      0.25                0.96    -18.31
2011-02-13      0.03                 0.7    -12.14
2011-02-14       0.0                0.62     -6.51
2011-02-15      0.21                0.53      -1.7
2011-02-16      0.05                0.36     -7.95
2011-02-17      0.02                0.48     -7.58
2011-02-18       0.0                0.65     -9.44
2011-02-19       0.2                0.73    -11.18
2011-02-20       0.0                0.53      -8.7
2011-02-21      5.74                0.52     -0.01
2011-02-22      10.1                0.49     -9.73
2011-02-23       0.0                0.77    -11.79
2011-02-24       0.0                0.58     -9.33
2011-02-25       0.0                0.41     -6.48
2011-02-26      7.75                0.35     -0.63
2011-02-27     11.61                 0.0     -1.92
2011-02-28       0.1                0.29      -5.1
2011-03-01      0.35                0.08      -3.9
2011-03-02      0.13                0.34     -1.62
2011-03-03       0.3                0.47     -1.88
2011-03-04      0.01                0.41     -3.98
2011-03-05      0.35                0.29     -7.15
2011-03-06       0.0                 0.6     -2.46
2011-03-07       0.0                0.67     -0.28
2011-03-08       0.0                0.18     -1.86
2011-03-09       0.0                0.51     -1.96
2011-03-10       0.0                0.63     -1.56
2011-03-11      0.06                 0.9     -3.18
2011-03-12      0.06                0.91     -2.86
2011-03-13       0.0                0.84      -0.8
2011-03-14       0.0                0.45      0.27
2011-03-15       0.0                0.81      1.48
2011-03-16      0.05                0.68      4.84
2011-03-17      2.23                0.25      1.96
2011-03-18      1.72                0.56       2.4
2011-03-19      18.8                0.42      0.19
2011-03-20       0.0                0.78      2.29
2011-03-21       0.0                0.59      2.17
2011-03-22      2.49                0.46      0.45
2011-03-23      0.99                0.71      3.26
2011-03-24       0.0                 0.7      6.47
2011-03-25      1.82                0.47      2.82
2011-03-26       0.0                1.03       2.4
2011-03-27       0.0                0.84      2.06
2011-03-28       0.0                 0.6      2.79
2011-03-29       0.0                0.73      3.96
2011-03-30      1.79                0.87      2.52
2011-03-31      0.05                1.29      4.01
2011-04-01       0.0                1.06       4.5
2011-04-02      0.05                1.13      6.21
2011-04-03      0.08                1.11      9.94
2011-04-04       0.1                0.73      6.58
2011-04-05     11.05                0.89      5.33
2011-04-06      0.24                1.32      3.73
2011-04-07       0.0                1.57      2.55
2011-04-08      0.29                1.42      3.15
2011-04-09      0.61                1.42      3.65
2011-04-10      0.24                1.47      4.94
2011-04-11      1.86                1.46      4.22
2011-04-12       0.0                1.41       7.4
2011-04-13       0.0                1.45     11.01
2011-04-14       0.0                1.55      6.56
2011-04-15     15.37                0.85      5.83
2011-04-16      0.15                0.91      8.54
2011-04-17      0.01                1.04      7.26
2011-04-18     11.18                1.98      3.71
2011-04-19      2.91                0.82      5.32
2011-04-20      0.67                 1.5      8.34
2011-04-21       0.0                2.19     11.89
2011-04-22       0.0                2.46     13.54
2011-04-23     11.97                1.67     10.39
2011-04-24     59.44                0.63      5.42
2011-04-25       0.0                1.69      6.53
2011-04-26      5.15                1.98      3.23
2011-04-27     27.84                1.05      4.52
2011-04-28      0.01                1.21     11.19
2011-04-29       0.0                1.99     10.58
2011-04-30       0.0                2.87      9.51
2011-05-01       0.0                2.94     14.29
2011-05-02       0.0                2.88     12.83
2011-05-03     39.37                1.63      6.93
2011-05-04      0.81                0.58      11.3
2011-05-05      5.67                2.43      11.3
2011-05-06      6.99                0.56      11.0
2011-05-07       0.0                2.46     11.66
2011-05-08       0.0                2.87     12.44
2011-05-09      0.53                3.04     14.19
2011-05-10      1.36                1.18     13.22
2011-05-11       0.0                3.74     13.32
2011-05-12       0.0                3.11     11.12
2011-05-13       0.0                3.88     13.92
2011-05-14      0.66                2.94     14.25
2011-05-15      1.64                1.08     19.23
2011-05-16     13.63                2.67     17.89
2011-05-17     25.74                0.98     13.71
2011-05-18       0.0                3.76     14.14
2011-05-19       0.0                3.76     14.98
2011-05-20       0.0                3.38     14.93
2011-05-21       0.0                3.33      15.9
2011-05-22       0.0                3.56     17.86
2011-05-23      6.66                2.91     13.76
2011-05-24      0.53                2.36     13.27
2011-05-25      0.37                2.08     16.92
2011-05-26     39.25                0.59     14.74
2011-05-27      0.29                3.51     15.36
2011-05-28       0.0                3.84     16.58
2011-05-29       0.0                3.97     18.29
2011-05-30       0.0                3.16     18.53
2011-05-31       0.0                4.53     16.45
2011-06-01       0.0                3.26      16.6
2011-06-02      0.68                3.61     14.27
2011-06-03      0.01                2.96     12.83
2011-06-04       0.0                3.25     16.27
2011-06-05      0.13                3.13     16.99
2011-06-06     42.16                0.53     13.35
2011-06-07     12.49                1.22      15.3
2011-06-08      0.05                3.26     17.76
2011-06-09      0.16                3.54     16.67
2011-06-10      1.08                3.31      17.8
2011-06-11      2.46                2.94     16.19
2011-06-12      0.93                3.37      17.2
2011-06-13      0.31                2.93     17.21
2011-06-14      0.17                3.78     19.79
2011-06-15      2.03                3.64     20.53
2011-06-16      3.27                3.31     19.86
2011-06-17      7.66                3.05     19.78
2011-06-18     13.73                2.35     17.87
2011-06-19       0.3                3.75     18.85
2011-06-20      0.46                3.84     20.03
2011-06-21      0.24                3.14     20.44
2011-06-22      0.02                3.25     19.94
2011-06-23      0.21                2.69     18.88
2011-06-24      0.62                2.48     19.56
2011-06-25     26.05                1.39     17.51
2011-06-26     19.74                0.68     20.69
2011-06-27     17.03                0.61     20.74
2011-06-28     25.74                1.35     20.49
2011-06-29     10.28                2.85     18.45
2011-06-30     78.72                1.04     15.65
2011-07-01      0.13                2.64     22.46
2011-07-02       1.7                3.69     21.25
2011-07-03     75.24                0.53     16.99
2011-07-04       7.9                0.86     15.62
2011-07-05      25.3                0.84     22.73
2011-07-06    121.71                2.25      18.4
2011-07-07      9.89                1.71     16.92
2011-07-08     30.98                1.33     21.89
2011-07-09      0.91                1.72     20.25
2011-07-10      0.53                2.91      23.0
2011-07-11       1.3                2.23     20.63
2011-07-12      9.02                1.64      13.6
2011-07-13     79.45                1.22     14.51
2011-07-14      0.28                1.73     15.31
2011-07-15       0.0                3.36     20.54
2011-07-16       0.0                3.59     21.24
2011-07-17      3.02                3.63     22.44
2011-07-18      0.54                2.72     23.81
2011-07-19      0.25                3.98      24.1
2011-07-20      6.54                2.33     24.06
2011-07-21      4.54                2.68     22.57
2011-07-22      0.12                3.15     21.41
2011-07-23      0.14                3.14     23.22
2011-07-24      0.93                3.06     23.87
2011-07-25      1.19                3.02     24.71
2011-07-26      0.95                3.46     25.31
2011-07-27      0.12                3.74      24.0
2011-07-28       0.0                3.94     26.05
2011-07-29       0.0                3.77     26.12
2011-07-30      9.59                3.56     24.39
2011-07-31     23.19                2.48     24.49
2011-08-01      9.31                3.22      25.1
2011-08-02     27.44                2.55     25.47
2011-08-03      6.39                3.22     25.42
