2011-01-01       0.3                0.49    -10.48
2011-01-02      0.54                0.32     -9.84
2011-01-03      1.12                0.23    -12.62
2011-01-04       0.0                0.44    -14.91
2011-01-05       0.0                0.52    -16.91
2011-01-06      0.02                0.38    -21.76
2011-01-07       0.0                0.38    -15.28
2011-01-08       0.0                0.41    -14.42
2011-01-09       2.6                0.25     -7.16
2011-01-10      0.05                0.52    -20.71
2011-01-11       0.0                0.57    -18.86
2011-01-12      1.49                0.36     -8.47
2011-01-13      3.98                0.13    -18.51
2011-01-14       0.0                0.61    -24.31
2011-01-15       0.0                0.42    -24.92
2011-01-16      0.04                0.42    -24.07
2011-01-17       0.0                 0.5    -26.72
2011-01-18       0.0                0.29    -20.56
2011-01-19       0.0                0.39    -21.28
2011-01-20      0.02                0.41    -22.03
2011-01-21      0.03                0.35     -24.6
2011-01-22       0.0                0.34     -24.0
2011-01-23       0.0                0.35    -18.93
2011-01-24       0.0                0.42    -14.67
2011-01-25       3.7                0.41     -4.06
2011-01-26      3.24                0.71    -22.76
2011-01-27       0.0                0.48    -23.03
2011-01-28      0.15                0.24     -6.78
2011-01-29      0.22                0.26      -9.3
2011-01-30       0.0                0.58    -14.97
2011-01-31      0.59                0.52     -0.92
2011-02-01      1.72                0.06     -5.43
2011-02-02      0.32                0.24    -16.71
2011-02-03       0.0                0.59     -18.4
2011-02-04       0.0                0.51    -16.76
2011-02-05      0.05                0.55    -18.81
2011-02-06      0.02                0.47    -15.69
2011-02-07       0.0                0.38    -10.11
2011-02-08      0.06                0.45    -10.72
2011-02-09       0.0                 0.7    -14.61
2011-02-10      0.69                0.56    -13.84
2011-02-11      0.05                0.74    -14.83
2011-02-12      3.57                0.45     -13.7
2011-02-13      0.01                0.68    -16.84
2011-02-14       0.0                0.54    -10.18
2011-02-15       0.3                0.45     -6.08
2011-02-16      0.32                0.52    -13.76
2011-02-17       0.0                0.72    -15.06
2011-02-18       0.0                0.64    -13.53
2011-02-19       0.0                0.48    -12.47
2011-02-20      0.03                0.64     -9.67
2011-02-21      0.25                0.47     -6.83
2011-02-22      0.35                0.71    -10.97
2011-02-23       0.0                0.79    -12.29
2011-02-24       0.0                 0.6    -11.42
2011-02-25       0.0                0.61     -6.54
2011-02-26       0.1                0.66      -0.3
2011-02-27       0.0                0.15      2.37
2011-02-28      0.03                0.14      2.21
2011-03-01      7.98                0.41     -1.01
2011-03-02       0.0                1.04      -6.1
2011-03-03       0.0                0.38      0.83
2011-03-04      9.83                0.25     -0.61
2011-03-05       0.0                0.66     -2.38
2011-03-06       0.0                0.54     -2.21
2011-03-07       0.0                0.42      0.57
2011-03-08       0.0                0.44      1.67
2011-03-09      1.04                0.58      2.32
2011-03-10     45.73                0.58     -1.18
2011-03-11      4.38                0.62     -6.13
2011-03-12      0.56                0.79     -9.58
2011-03-13       0.0                0.63     -8.25
2011-03-14      0.12                0.59     -5.16
2011-03-15      0.26                0.64     -8.56
2011-03-16      0.03                0.38     -3.21
2011-03-17      0.77                0.36     -0.18
2011-03-18      0.05                 0.1      0.29
2011-03-19      0.01                0.76     -3.34
2011-03-20      0.09                0.99     -7.95
2011-03-21      0.03                0.92     -5.67
2011-03-22      0.12                0.76      0.11
2011-03-23      0.09                1.02       1.0
2011-03-24       0.0                0.98      0.59
2011-03-25       0.0                1.29     -0.45
2011-03-26      1.32                0.93      0.42
2011-03-27       0.0                0.77      4.25
2011-03-28       0.0                0.59      3.83
2011-03-29      5.42                0.71      4.41
2011-03-30       0.0                0.32      3.01
2011-03-31       0.0                0.93      0.88
2011-04-01       0.0                0.63      1.61
2011-04-02      0.12                0.57       4.0
2011-04-03       0.0                1.09      5.74
2011-04-04       0.0                1.03      9.04
2011-04-05      0.42                 1.1      4.09
2011-04-06       0.0                1.19      5.85
2011-04-07      0.48                1.14      6.07
2011-04-08       0.0                1.28      9.84
2011-04-09       0.0                1.57     12.02
2011-04-10       0.0                 1.3     11.39
2011-04-11      0.12                0.64     12.11
2011-04-12      1.07                1.12     12.35
2011-04-13      5.42                 1.6      4.09
2011-04-14      8.43                0.96      8.95
2011-04-15      3.22                 0.3     10.01
2011-04-16      0.24                1.65     13.66
2011-04-17       0.3                2.11     16.62
2011-04-18      4.44                 1.3     13.76
2011-04-19      0.17                1.16      14.0
2011-04-20      7.77                1.93      9.01
2011-04-21      4.71                1.13      4.37
2011-04-22      6.27                3.03      5.22
2011-04-23      0.34                2.16      7.03
2011-04-24      0.48                1.72      12.9
2011-04-25      2.88                2.04      9.63
2011-04-26      2.54                1.79     13.29
2011-04-27      0.66                1.69     15.55
2011-04-28      0.36                1.83     14.01
2011-04-29      3.61                1.79     13.45
2011-04-30       0.0                2.85     17.37
2011-05-01       0.0                2.64     17.55
2011-05-02      0.05                2.86     16.85
2011-05-03      8.92                2.63     12.71
2011-05-04     17.43                0.36     11.84
2011-05-05      1.61                1.19      9.15
2011-05-06      9.73                2.25      6.33
2011-05-07      4.75                1.27      9.22
2011-05-08      0.48                2.34     12.07
2011-05-09       0.0                2.79     13.43
2011-05-10       0.0                3.04     13.94
2011-05-11       0.0                 2.2     17.43
2011-05-12      9.71                2.72     16.66
2011-05-13     11.08                1.49     11.98
2011-05-14      0.12                3.53     12.22
2011-05-15      0.37                3.29     12.62
2011-05-16       0.0                2.93     14.33
2011-05-17       0.0                3.73     18.78
2011-05-18      0.21                3.91     18.23
2011-05-19     12.56                2.38     17.51
2011-05-20      4.09                 0.9     16.48
2011-05-21      0.63                1.54     18.58
2011-05-22      8.38                2.05     15.92
2011-05-23       0.0                 3.7     15.32
2011-05-24       0.0                4.45     15.41
2011-05-25       0.0                4.54     16.99
2011-05-26       0.0                3.95      19.5
2011-05-27       0.0                4.03     19.67
2011-05-28      2.07                3.59     15.58
2011-05-29     81.76                 1.0     13.99
2011-05-30      2.16                2.31     13.12
2011-05-31      1.36                2.17      13.2
2011-06-01      1.23                1.43     13.41
2011-06-02      0.37                2.66     18.02
2011-06-03      1.18                3.46      19.2
2011-06-04      17.4                2.57     15.69
2011-06-05      0.54                3.68     17.48
2011-06-06      1.74                1.78     14.59
2011-06-07      1.78                2.35     14.42
2011-06-08      0.01                2.52     18.38
2011-06-09      0.05                3.15     18.57
2011-06-10      1.15                3.93     18.83
2011-06-11       0.0                3.51      19.9
2011-06-12      2.68                3.19     17.17
2011-06-13      5.81                2.79      16.6
2011-06-14      0.54                3.47     21.43
2011-06-15      0.44                3.86     17.07
2011-06-16      6.34                2.45      15.4
2011-06-17      9.63                2.04     12.66
2011-06-18      2.36                1.55     13.09
2011-06-19      4.29                 1.2     13.37
2011-06-20      2.78                1.23     13.48
2011-06-21      2.31                2.21     14.63
2011-06-22       0.0                3.14     15.49
2011-06-23      0.05                3.38     15.31
2011-06-24      0.12                2.36     15.11
2011-06-25      0.08                2.37     16.38
2011-06-26       0.0                3.53     18.55
2011-06-27      0.08                3.51     17.85
2011-06-28     21.59                1.87     14.95
2011-06-29     12.43                0.97     18.93
2011-06-30       4.6                1.63     19.19
2011-07-01      1.48                3.27     22.35
2011-07-02      4.09                3.11     22.18
2011-07-03      9.96                1.54     21.96
2011-07-04      14.1                2.77     22.15
2011-07-05     40.79                1.06     19.53
2011-07-06     48.89                1.62     17.92
2011-07-07     21.35                1.82      17.8
2011-07-08     12.63                2.77     17.25
2011-07-09      0.39                2.21     21.51
2011-07-10      7.07                 2.5      23.3
2011-07-11      0.12                 3.5     24.36
2011-07-12      0.24                3.28     25.08
2011-07-13       0.0                3.62      22.8
2011-07-14      0.42                3.18     20.96
2011-07-15     22.87                1.72     19.14
2011-07-16     25.55                0.89     18.51
2011-07-17     19.29                 1.3      22.5
2011-07-18     16.09                2.07      22.3
2011-07-19       7.1                2.98     24.78
2011-07-20      0.24                3.66     26.44
2011-07-21      0.34                4.11     24.15
2011-07-22      1.68                3.28     23.57
2011-07-23      3.78                1.89     25.57
2011-07-24      0.46                3.41     25.87
2011-07-25      0.37                3.24     25.52
2011-07-26      1.42                2.91     21.42
2011-07-27      0.01                3.43     21.03
2011-07-28      0.13                3.61     20.65
2011-07-29       0.0                3.93     20.85
2011-07-30      0.01                 3.4     23.23
2011-07-31      2.83                2.52     25.01
2011-08-01      8.16                 3.8     23.69
2011-08-02      0.37                3.15     23.61
2011-08-03      3.75                 3.0     23.61
