2011-01-01       0.3                0.45     -9.22
2011-01-02      1.03                0.25     -7.37
2011-01-03      0.51                0.22     -9.69
2011-01-04       0.0                0.37    -11.31
2011-01-05      1.19                0.31    -14.06
2011-01-06      0.05                0.43    -19.26
2011-01-07      0.03                0.35     -11.5
2011-01-08      0.01                0.57    -23.87
2011-01-09      0.04                0.39    -20.75
2011-01-10      0.97                0.26     -7.91
2011-01-11       1.2                 0.3    -22.47
2011-01-12       0.0                0.45    -24.75
2011-01-13       0.0                0.43    -24.97
2011-01-14      0.01                0.44    -20.65
2011-01-15       0.0                0.43    -20.98
2011-01-16      0.01                0.22     -17.6
2011-01-17       0.0                0.25    -15.43
2011-01-18       0.0                0.23     -12.5
2011-01-19      1.04                0.26     -3.18
2011-01-20     44.12                0.21     -0.77
2011-01-21      1.09                0.47    -13.65
2011-01-22       0.0                0.28    -22.85
2011-01-23       0.0                 0.3    -21.52
2011-01-24      0.04                 0.3    -12.34
2011-01-25      0.14                0.12    -17.77
2011-01-26      2.53                0.22     -9.57
2011-01-27      0.75                0.33    -22.34
2011-01-28      0.02                0.26    -25.29
2011-01-29       0.0                0.25    -22.26
2011-01-30       0.0                0.18    -16.26
2011-01-31       0.1                0.11     -9.72
2011-02-01      0.02                0.36    -23.17
2011-02-02       0.0                0.22    -22.59
2011-02-03       0.0                0.22    -18.06
2011-02-04      0.01                0.29    -13.23
2011-02-05       0.0                0.08    -10.04
2011-02-06      1.38                0.16     -2.35
2011-02-07      1.88                 0.1     -3.28
2011-02-08      0.05                0.33     -8.99
2011-02-09      0.05                0.37     -6.59
2011-02-10       0.0                0.78     -19.4
2011-02-11       0.0                0.63    -24.34
2011-02-12       0.0                0.37    -20.02
2011-02-13       0.0                 0.4    -15.41
2011-02-14       0.0                0.31    -14.11
2011-02-15       0.0                0.36    -10.13
2011-02-16       0.0                0.36     -2.49
2011-02-17      0.37                0.41      -4.4
2011-02-18       0.0                0.87    -12.02
2011-02-19       0.0                0.55    -11.39
2011-02-20       0.0                0.56     -7.55
2011-02-21      0.02                0.56    -11.06
2011-02-22      0.02                0.55     -7.64
2011-02-23       0.0                 0.4     -4.32
2011-02-24      0.01                0.26     -2.91
2011-02-25     10.89                0.42      -1.7
2011-02-26      1.08                0.36      -8.7
2011-02-27      0.43                0.46      -3.6
2011-02-28      0.01                 0.9      -8.7
2011-03-01       0.0                0.57     -7.71
2011-03-02       0.0                0.52     -3.41
2011-03-03      0.29                 0.3     -3.19
2011-03-04      0.34                0.29     -1.84
2011-03-05      0.81                0.26     -2.67
2011-03-06      0.45                 0.4     -4.17
2011-03-07       0.0                0.38      1.26
2011-03-08      2.66               -0.03      1.64
2011-03-09      1.52                0.99     -8.61
2011-03-10      1.13                0.73      0.09
2011-03-11       3.0               -0.07     -2.93
2011-03-12      0.69                 0.8     -5.14
2011-03-13       1.5                0.77      0.82
2011-03-14      2.57                1.12     -5.02
2011-03-15       0.0                0.98     -4.33
2011-03-16      0.32                0.87     -4.88
2011-03-17       0.0                0.92     -5.08
2011-03-18       0.0                0.83     -3.37
2011-03-19       0.0                0.66     -0.41
2011-03-20       0.0                0.69      0.79
2011-03-21       0.0                0.75      3.93
2011-03-22       0.0                0.71      4.99
2011-03-23      0.22                0.42      5.31
2011-03-24      2.43               -0.06      9.29
2011-03-25      6.44               -1.02       7.3
2011-03-26      2.72                0.68      3.87
2011-03-27     41.57                0.17      1.54
2011-03-28      0.56                0.78      3.68
2011-03-29       0.0                0.98      6.55
2011-03-30       0.0                1.36      9.47
2011-03-31      0.12                1.45      6.79
2011-04-01      0.05                1.01      6.58
2011-04-02      0.24                0.76      4.45
2011-04-03      2.27                0.58      6.39
2011-04-04      4.28                1.45      4.98
2011-04-05     13.34                1.05      6.43
2011-04-06       2.4                0.84      5.45
2011-04-07       0.0                1.37      4.53
2011-04-08       0.0                1.99      1.72
2011-04-09       0.0                1.54      5.12
2011-04-10      0.05                1.49      8.16
2011-04-11       0.0                1.82     10.17
2011-04-12       0.0                2.01     10.22
2011-04-13       0.0                1.97      8.76
2011-04-14      5.87                 1.0       5.7
2011-04-15      0.08                0.91      3.94
2011-04-16       0.0                1.26     10.15
2011-04-17       0.0                2.07      12.3
2011-04-18       0.0                2.07     14.76
2011-04-19       0.0                2.45     15.09
2011-04-20      2.96                2.22      11.7
2011-04-21      5.33                 1.5      6.46
2011-04-22       0.0                1.73      9.36
2011-04-23       0.0                2.24     10.18
2011-04-24       0.0                1.75     11.35
2011-04-25       2.2                1.86     10.18
2011-04-26      0.41                1.92      7.98
2011-04-27       0.0                2.46     11.57
2011-04-28       0.0                2.87     14.29
2011-04-29      0.12                2.69     13.31
2011-04-30      2.17                2.02      9.71
2011-05-01       0.0                2.74     11.82
2011-05-02      2.76                 2.2      9.05
2011-05-03      0.05                2.33     11.03
2011-05-04       0.0                2.89      12.1
2011-05-05       0.0                3.08     11.64
2011-05-06       0.0                2.31     10.69
2011-05-07      0.41                2.29     10.74
2011-05-08       0.0                2.43     13.84
2011-05-09       0.0                3.19     16.86
2011-05-10     42.03                3.17     12.44
2011-05-11       9.5                1.02      15.3
2011-05-12     15.01                3.29      8.52
2011-05-13      0.25                1.53     12.05
2011-05-14       0.0                3.16     12.53
2011-05-15       0.0                1.98     15.43
2011-05-16       0.0                3.43     17.98
2011-05-17       0.0                3.24     17.46
2011-05-18      0.29                 2.2     14.92
2011-05-19      0.07                1.97     16.31
2011-05-20      0.01                3.09     15.16
2011-05-21      4.59                3.69     11.81
2011-05-22      2.32                 2.2     10.84
2011-05-23      0.29                1.87     15.41
2011-05-24       0.0                3.24     18.59
2011-05-25      0.44                3.27      16.6
2011-05-26      0.08                1.32     20.42
2011-05-27       0.0                3.45     20.98
2011-05-28      0.06                2.56     14.74
2011-05-29      0.78                2.78     16.09
2011-05-30      2.42                1.89     15.75
2011-05-31       0.0                3.98     20.74
2011-06-01      0.22                4.28      19.7
2011-06-02       0.0                2.39     19.73
2011-06-03     21.62                1.41     18.49
2011-06-04      0.46                3.13     17.88
2011-06-05       0.0                4.09     18.32
2011-06-06       0.0                4.43     20.68
2011-06-07     28.62                 3.7     16.67
2011-06-08      4.11                3.13     17.54
2011-06-09      0.24                3.89     17.64
2011-06-10       0.0                4.46      17.1
2011-06-11       0.0                4.07     18.03
2011-06-12      0.02                2.62     14.95
2011-06-13       3.3                3.17     15.09
2011-06-14      0.17                2.42     19.21
2011-06-15       0.0                3.83     19.58
2011-06-16       0.0                3.33     21.76
2011-06-17      1.33                3.57     17.17
2011-06-18       4.5                2.32     14.05
2011-06-19      1.56                1.87      17.9
2011-06-20      0.98                2.32     18.32
2011-06-21      0.51                1.99      19.4
2011-06-22      0.65                2.99     21.39
2011-06-23      0.78                2.91     21.11
2011-06-24       0.0                3.61     20.89
2011-06-25     21.86                 3.3     20.83
2011-06-26     36.81                1.39      19.5
2011-06-27      0.05                3.29     24.77
2011-06-28     18.76                2.16     18.18
2011-06-29      2.21                 2.6     20.37
2011-06-30      1.31                3.32     22.04
2011-07-01      2.25                 3.2     22.99
2011-07-02      4.01                2.52     23.26
2011-07-03     17.48                3.95     21.94
2011-07-04      8.42                 1.3     19.97
2011-07-05     14.75                3.34     22.17
2011-07-06     12.27                0.95     22.37
2011-07-07      0.95                2.43     23.44
2011-07-08      0.12                3.23     22.48
2011-07-09      0.94                3.08     22.72
2011-07-10      4.27                2.88      22.8
2011-07-11     27.88                 1.8     20.69
2011-07-12     38.38                0.66     21.33
2011-07-13    131.37                1.06     17.79
2011-07-14      7.58                1.86      18.2
2011-07-15     18.08                0.75     19.78
2011-07-16      9.62                0.67     23.76
2011-07-17     13.81                1.64     21.81
2011-07-18       2.5                0.98     22.58
2011-07-19      1.66                3.33     23.66
2011-07-20       0.0                3.89     24.46
2011-07-21       0.0                 4.3      25.3
2011-07-22      0.46                3.87     25.05
2011-07-23      8.42                3.22     23.12
2011-07-24      1.19                2.61     25.81
2011-07-25     23.63                3.11     23.39
2011-07-26     12.83                3.05     22.23
2011-07-27      0.41                2.29     22.24
2011-07-28      0.59                 2.4     22.32
2011-07-29      0.53                 2.9     21.49
2011-07-30      0.59                2.63     22.28
2011-07-31      0.18                2.69     22.88
2011-08-01      0.72                2.37     22.78
2011-08-02     20.68                2.07     22.48
2011-08-03      3.21                2.86     24.19
