2011-01-01      0.27                 0.5    -11.98
2011-01-02      0.81                0.36      -9.1
2011-01-03      0.08                0.28    -14.88
2011-01-04       0.0                0.33    -13.63
2011-01-05      0.05                0.48    -17.05
2011-01-06      0.12                0.33    -19.92
2011-01-07       0.0                0.35    -14.59
2011-01-08      1.84                0.33      -4.3
2011-01-09      5.53                0.39    -18.91
2011-01-10      0.29                0.46    -12.97
2011-01-11       0.0                0.51    -24.57
2011-01-12       0.0                0.34    -22.92
2011-01-13      0.02                0.23    -11.45
2011-01-14      0.15                0.36     -5.76
2011-01-15      6.92                0.38     -2.28
2011-01-16      5.72                0.21    -15.55
2011-01-17       0.0                0.41     -23.3
2011-01-18       0.0                0.39    -26.11
2011-01-19      0.61                 0.4    -23.14
2011-01-20     12.55                0.24     -3.28
2011-01-21      1.51                0.32    -10.72
2011-01-22      9.12                 0.2     -5.88
2011-01-23      0.62                0.26    -13.41
2011-01-24      3.52                0.13     -8.47
2011-01-25      0.22                0.49    -21.32
2011-01-26      0.06                0.55    -30.91
2011-01-27       0.0                0.26    -24.78
2011-01-28      0.24                0.22    -19.43
2011-01-29       0.0                0.33    -20.92
2011-01-30       0.0                0.27    -15.57
2011-01-31      0.03                0.26     -10.6
2011-02-01      0.19                0.18    -12.38
2011-02-02       0.0                0.37    -16.08
2011-02-03       0.0                0.23    -15.26
2011-02-04      0.35                0.22     -1.66
2011-02-05      2.44                0.28     -3.47
2011-02-06      0.04                0.22    -12.73
2011-02-07      0.26                0.17     -5.94
2011-02-08      0.01                0.25    -11.32
2011-02-09       0.0                 0.6    -17.01
2011-02-10       0.0                0.37    -14.67
2011-02-11      2.79                 0.3     -3.57
2011-02-12      6.13                0.41    -19.21
2011-02-13      0.05                0.28    -23.16
2011-02-14      0.08                0.18    -14.05
2011-02-15       0.3                0.34     -15.6
2011-02-16      0.05                0.28    -17.81
2011-02-17       0.0                0.33    -12.85
2011-02-18       0.0                0.34    -10.78
2011-02-19       0.1                0.37     -3.94
2011-02-20      0.07                 0.0     -1.19
2011-02-21      0.41                0.43     -8.86
2011-02-22       0.0                0.58     -5.34
2011-02-23       0.0                0.11      1.13
2011-02-24      0.12               -0.05      1.07
2011-02-25       0.4                0.13     -2.37
2011-02-26      8.89                0.42     -5.03
2011-02-27       0.3                0.42      -9.6
2011-02-28      0.03                 0.4     -5.21
2011-03-01      3.73                0.23      0.37
2011-03-02      17.4                0.02      1.75
2011-03-03     17.28               -0.33      7.66
2011-03-04      2.76               -0.53      1.45
2011-03-05      0.64                0.22      0.66
2011-03-06      0.03                0.25     -2.12
2011-03-07       0.0                0.96     -8.07
2011-03-08       0.0                0.95    -13.91
2011-03-09       0.0                0.68     -8.71
2011-03-10       0.0                0.64     -8.02
2011-03-11      0.05                 0.9     -3.44
2011-03-12      0.02                0.57     -1.92
2011-03-13       0.0                0.85     -4.67
2011-03-14       0.0                0.61     -3.35
2011-03-15       0.0                0.63     -1.51
2011-03-16       0.0                 0.4      0.35
2011-03-17       0.0                0.55      2.12
2011-03-18       0.0                0.42      0.33
2011-03-19       0.0                0.32      3.31
2011-03-20       0.0                0.57      3.16
2011-03-21       0.0                0.63      4.43
2011-03-22      0.01                0.53      2.51
2011-03-23      27.7                0.32      1.24
2011-03-24      8.84               -0.11      0.19
2011-03-25      0.08                0.22      3.03
2011-03-26      0.12                 0.1      2.71
2011-03-27      0.14                0.91      2.65
2011-03-28      0.08                0.78      0.19
2011-03-29      0.68                0.46      1.35
2011-03-30       0.0                0.62      3.84
2011-03-31      2.18                1.21      1.05
2011-04-01      5.08                 0.5      2.44
2011-04-02      0.05                1.32       2.7
2011-04-03       0.0                1.43      1.88
2011-04-04       0.0                1.28      4.94
2011-04-05       0.0                1.39      7.93
2011-04-06       0.0                 1.7      6.81
2011-04-07       0.0                1.57      7.07
2011-04-08      0.46                1.61      5.08
2011-04-09       0.0                1.47       6.8
2011-04-10       0.0                1.76      9.55
2011-04-11      1.69                 1.8      1.25
2011-04-12      3.25                1.15      1.04
2011-04-13      0.11                 1.0      4.74
2011-04-14       0.0                1.49       6.0
2011-04-15      3.74                 1.8      6.16
2011-04-16       0.0                 1.9      3.73
2011-04-17     46.43                0.96       0.3
2011-04-18       2.4                0.77      3.45
2011-04-19       0.0                2.22      7.03
2011-04-20       0.0                2.01      9.09
2011-04-21      0.05                1.37     11.82
2011-04-22      3.33                1.43      7.91
2011-04-23      0.91                0.51     10.96
2011-04-24      0.87                2.28     10.29
2011-04-25       0.0                2.49     13.89
2011-04-26      5.02                2.78      6.38
2011-04-27     10.49                2.86      5.95
2011-04-28       0.0                0.92      8.16
2011-04-29       0.0                2.32     11.13
2011-04-30       1.2                1.95      7.31
2011-05-01       0.0                2.74     11.44
2011-05-02       0.0                 2.7     12.43
2011-05-03      0.08                2.04     13.26
2011-05-04       0.0                2.64     13.97
2011-05-05       0.0                3.14     15.06
2011-05-06       0.0                2.74     15.51
2011-05-07       0.0                3.17     17.81
2011-05-08       0.0                2.35     19.53
2011-05-09      0.08                3.33     12.12
2011-05-10       0.0                3.47     12.21
2011-05-11      2.14                3.24      9.52
2011-05-12      1.93                2.49     10.14
2011-05-13      0.19                 1.9     10.06
2011-05-14      0.66                2.55      10.8
2011-05-15      6.45                2.34     12.14
2011-05-16      6.27                2.21      9.99
2011-05-17      0.46                1.75     12.44
2011-05-18      2.59                1.95     16.45
2011-05-19      3.44                1.87     15.19
2011-05-20     19.92                1.06     15.16
2011-05-21      0.72                1.38     17.73
2011-05-22      1.48                 2.3     17.21
2011-05-23      0.91                1.07     20.58
2011-05-24      0.82                3.11     14.09
2011-05-25       0.0                4.05     17.83
2011-05-26       0.0                4.29     19.44
2011-05-27      0.78                4.03     16.79
2011-05-28       0.0                3.89     16.26
2011-05-29      14.6                3.83     10.25
2011-05-30      1.98                 1.7     10.99
2011-05-31       3.9                2.46     13.78
2011-06-01      0.12                2.99     17.78
2011-06-02      0.12                 3.2     17.03
2011-06-03       0.0                3.58     20.69
2011-06-04      9.55                1.89     17.24
2011-06-05      1.85                1.13     17.43
2011-06-06     32.37                3.69      17.1
2011-06-07       6.1                1.42     18.99
2011-06-08       0.0                4.42     20.15
2011-06-09       0.0                4.11     18.94
2011-06-10       0.0                 3.7     17.91
2011-06-11     20.58                2.66     14.42
2011-06-12     33.33                0.55     20.14
2011-06-13      2.66                2.17      21.6
2011-06-14       6.1                0.53     21.54
2011-06-15      9.02                1.35     19.59
2011-06-16     20.26                0.87     19.17
2011-06-17      8.08                0.45     22.12
2011-06-18      1.81                3.05     23.15
2011-06-19       2.3                3.28     23.46
2011-06-20      2.66                3.72     22.49
2011-06-21     67.36                2.61     20.08
2011-06-22     30.66                0.94     21.37
2011-06-23      0.41                3.42     25.27
2011-06-24      0.37                4.17     24.63
2011-06-25      5.24                3.03     22.81
2011-06-26      5.06                2.66      22.0
2011-06-27     21.91                2.54      21.0
2011-06-28      2.25                2.87     22.02
2011-06-29    113.85                0.59     18.55
2011-06-30      43.6                0.93     18.87
2011-07-01      1.09                0.83     19.47
2011-07-02       0.0                3.12     21.13
2011-07-03      7.92                2.08     20.53
2011-07-04      5.03                1.09     19.91
2011-07-05      0.07                3.56     23.09
2011-07-06       0.0                4.27     25.05
2011-07-07       0.0                4.24     26.69
2011-07-08     12.97                2.51     22.23
2011-07-09      0.41                2.98     22.91
2011-07-10      1.26                2.49     19.35
2011-07-11      0.73                1.68     17.54
2011-07-12      0.35                1.96     20.37
2011-07-13      0.08                3.41     19.27
2011-07-14      8.86                1.47     20.28
2011-07-15      8.82                1.44      22.8
2011-07-16      4.27                1.77     23.97
2011-07-17      5.91                2.84     23.74
2011-07-18      0.61                2.92     23.64
2011-07-19      0.65                3.22     23.46
2011-07-20      1.18                3.44     21.75
2011-07-21      0.15                2.62      20.5
2011-07-22       0.6                2.93     25.71
2011-07-23      0.13                3.64      24.1
2011-07-24      0.13                3.64     23.24
2011-07-25      0.17                 3.0     23.06
2011-07-26       0.0                3.04     24.77
2011-07-27       0.0                 3.7     26.08
2011-07-28      1.89                3.71     26.89
2011-07-29     16.07                3.67     26.12
2011-07-30      5.82                3.05      25.9
2011-07-31     10.72                3.12     21.13
2011-08-01      0.36                3.08     25.87
2011-08-02       0.0                3.97     25.98
2011-08-03      0.17                4.01     23.94
