2011-01-01       0.4                0.49     -9.46
2011-01-02       0.6                0.25     -8.74
2011-01-03      1.11                0.22     -9.91
2011-01-04       0.0                0.38    -10.01
2011-01-05      1.92                0.47     -8.56
2011-01-06      0.21                0.44     -20.9
2011-01-07       0.0                0.39     -13.6
2011-01-08       0.0                0.43    -13.16
2011-01-09      0.05                0.27     -7.31
2011-01-10      4.78                0.29     -6.72
2011-01-11       0.2                0.38    -18.82
2011-01-12      0.28                0.52     -16.0
2011-01-13       0.0                0.66    -24.95
2011-01-14      0.01                 0.5    -27.63
2011-01-15      0.02                0.48    -25.05
2011-01-16       0.0                0.46     -23.2
2011-01-17       0.0                0.45    -18.74
2011-01-18       0.0                 0.3    -18.18
2011-01-19      0.15                0.33    -11.14
2011-01-20      1.45                0.57    -21.47
2011-01-21      0.03                0.55     -25.3
2011-01-22       0.0                0.45    -23.21
2011-01-23       0.0                0.39    -18.56
2011-01-24      0.02                0.39    -12.53
2011-01-25      1.31                 0.4    -10.27
2011-01-26      0.12                0.72     -19.9
2011-01-27       0.0                0.47    -23.73
2011-01-28       0.0                0.43    -21.58
2011-01-29      0.02                0.39    -11.98
2011-01-30      0.99                0.33     -0.52
2011-01-31       0.2                0.07     -0.54
2011-02-01       0.0                0.51     -2.01
2011-02-02      2.39                0.39     -1.82
2011-02-03      7.16                0.07      0.57
2011-02-04      0.54                0.05     -6.44
2011-02-05      0.12                0.46     -4.36
2011-02-06      0.09                0.68    -12.36
2011-02-07       0.0                0.61     -7.97
2011-02-08       0.5                0.74     -5.66
2011-02-09       0.0                 0.9    -17.86
2011-02-10       0.0                0.56    -16.06
2011-02-11       0.1                0.61     -5.64
2011-02-12       0.0                 0.6    -11.09
2011-02-13       0.0                0.49     -7.25
2011-02-14     37.08                0.47      -0.2
2011-02-15      6.25                0.35     -8.07
2011-02-16       0.0                0.24     -5.98
2011-02-17      0.49                0.38     -4.41
2011-02-18      1.17                0.13     -7.19
2011-02-19      0.02                0.28     -8.16
2011-02-20       1.5                0.39     -1.88
2011-02-21      0.88                0.71    -14.41
2011-02-22      0.12                 0.4     -5.64
2011-02-23      0.01                0.59     -7.49
2011-02-24      0.53                 0.5     -8.67
2011-02-25      0.31                0.42    -13.05
2011-02-26       0.0                0.47    -10.75
2011-02-27       0.0                0.47     -7.07
2011-02-28      0.31                0.52     -6.66
2011-03-01       0.0                0.42     -4.07
2011-03-02       0.0                0.53     -5.95
2011-03-03       0.0                0.79     -9.48
2011-03-04      0.43                0.67     -5.73
2011-03-05      0.03                0.67     -8.94
2011-03-06      0.08                0.76     -7.58
2011-03-07      0.57                0.34     -6.98
2011-03-08      0.04                0.64     -6.33
2011-03-09       0.0                0.63      -4.9
2011-03-10      0.05                0.65     -2.08
2011-03-11       0.0                0.91     -8.02
2011-03-12      0.03                0.74     -5.86
2011-03-13      0.02                0.48     -2.98
2011-03-14       0.0                 0.5     -3.48
2011-03-15       0.0                0.38     -0.15
2011-03-16       1.2                0.26     -3.61
2011-03-17      0.01                1.07      -4.5
2011-03-18       0.0                0.56     -0.89
2011-03-19       0.0                 0.7     -1.25
2011-03-20       0.0                0.52      0.08
2011-03-21       0.2                0.26     -0.22
2011-03-22      0.09                0.23      3.36
2011-03-23       0.0                0.42      6.11
2011-03-24      0.25                0.69      8.37
2011-03-25     38.42               -0.58      4.15
2011-03-26      0.66                1.25     -7.78
2011-03-27       0.9                0.85     -3.13
2011-03-28      0.08                 0.6      0.45
2011-03-29      6.89                 0.5     -0.14
2011-03-30      0.08                0.41      0.98
2011-03-31       0.0                1.03      1.06
2011-04-01       0.0                0.77      2.35
2011-04-02       0.0                0.84      4.89
2011-04-03      0.01                0.13      5.49
2011-04-04      0.46                0.35       5.4
2011-04-05       0.0                0.94      7.59
2011-04-06       0.0                1.39      5.07
2011-04-07      6.54                0.96      0.84
2011-04-08      1.11                0.77      4.04
2011-04-09      0.03                1.13      4.65
2011-04-10      2.23                1.14      5.15
2011-04-11      0.92                 1.4      7.56
2011-04-12      0.54                1.09      5.77
2011-04-13       0.0                1.44     10.53
2011-04-14       0.0                1.58      8.33
2011-04-15      2.84                1.69      5.11
2011-04-16      2.83                1.93      5.49
2011-04-17      0.41                1.84      7.51
2011-04-18       0.0                1.75      9.38
2011-04-19      3.97                1.08      8.98
2011-04-20      0.22                1.69      7.81
2011-04-21      1.92                2.14      7.44
2011-04-22       0.0                1.99      8.37
2011-04-23      0.05                2.27      10.6
2011-04-24       0.7                 2.2     12.96
2011-04-25       1.6                2.56     13.72
2011-04-26      1.77                2.38     10.35
2011-04-27      4.47                1.11      7.81
2011-04-28     11.66                0.99      7.58
2011-04-29      4.82                2.39     11.37
2011-04-30       0.0                2.81     15.42
2011-05-01      0.41                3.09     16.19
2011-05-02     20.32                0.94      9.09
2011-05-03       0.0                3.29      14.3
2011-05-04      0.01                3.54     19.04
2011-05-05     25.47                3.36      6.71
2011-05-06      0.32                2.03      9.98
2011-05-07      0.07                3.14     12.15
2011-05-08       0.0                3.51     12.51
2011-05-09       0.0                3.22     12.79
2011-05-10       0.0                3.48     14.14
2011-05-11      0.05                2.55     13.39
2011-05-12       0.0                3.23     16.47
2011-05-13       0.0                 2.7     20.12
2011-05-14       0.0                2.95     18.76
2011-05-15      6.71                3.19     14.63
2011-05-16      0.17                2.29     14.52
2011-05-17       0.0                3.77     19.12
2011-05-18       0.0                3.79     16.35
2011-05-19       0.0                2.64     15.13
2011-05-20       0.0                3.41     15.22
2011-05-21      0.17                1.51      14.1
2011-05-22       0.0                3.48     17.03
2011-05-23      2.13                2.49     13.05
2011-05-24     18.71                 1.3     15.84
2011-05-25      1.69                1.52     13.39
2011-05-26       0.0                3.84     16.76
2011-05-27      0.04                3.31     15.03
2011-05-28       0.0                3.99     18.71
2011-05-29      5.43                 3.4     16.94
2011-05-30      0.12                3.89     16.19
2011-05-31       0.0                 3.9     15.85
2011-06-01       0.0                3.54     15.09
2011-06-02       0.0                4.26     18.86
2011-06-03       0.0                3.51     19.54
2011-06-04       0.0                3.56     21.11
2011-06-05       0.0                4.32      22.4
2011-06-06       0.0                3.95     18.89
2011-06-07      0.08                 3.1     13.54
2011-06-08      0.24                1.95     13.32
2011-06-09      1.21                 2.2     12.96
2011-06-10      0.08                2.19     12.83
2011-06-11      0.05                1.85     13.45
2011-06-12      0.03                1.77     14.29
2011-06-13      4.93                2.73     13.88
2011-06-14      1.64                2.54     15.65
2011-06-15      0.73                2.89     17.66
2011-06-16      0.82                2.58     15.58
2011-06-17      0.68                2.89      17.7
2011-06-18      0.29                2.84     21.47
2011-06-19       0.0                3.49     22.95
2011-06-20       0.0                3.84     22.19
2011-06-21       0.0                3.58     22.88
2011-06-22      13.0                2.83     19.78
2011-06-23      4.04                1.34     19.45
2011-06-24      0.67                2.46     18.79
2011-06-25     15.81                1.56     16.77
2011-06-26      5.29                0.98      20.1
2011-06-27      2.83                3.07     22.53
2011-06-28       2.6                 3.1     21.74
2011-06-29      1.89                2.23      24.1
2011-06-30      4.62                3.72     25.16
2011-07-01      9.86                3.87     24.36
2011-07-02      0.01                3.53     22.41
2011-07-03      0.39                3.22     22.19
2011-07-04      0.01                3.27     22.47
2011-07-05       0.0                3.54     25.52
2011-07-06       0.0                3.06     24.07
2011-07-07      1.55                2.92     21.91
2011-07-08      0.01                3.35     20.98
2011-07-09      0.17                3.13      21.3
2011-07-10      0.39                2.65     19.25
2011-07-11      1.07                 1.3     19.84
2011-07-12      0.88                0.84     24.28
2011-07-13     18.66                1.94     21.72
2011-07-14     54.68                0.24     22.19
2011-07-15     38.62                0.35     23.31
2011-07-16      1.64                 2.8     25.05
2011-07-17       4.5                3.13     25.04
2011-07-18      2.59                2.88     24.66
2011-07-19      9.46                3.32     22.61
2011-07-20      0.12                2.99     24.81
2011-07-21      0.12                2.08     25.43
2011-07-22      1.05                2.66     24.85
2011-07-23      0.85                 2.4     24.73
2011-07-24     21.76                 2.2     21.01
2011-07-25     76.28                0.73      21.4
2011-07-26     33.65                0.62     22.53
2011-07-27      1.23                3.44     22.83
2011-07-28      6.03                1.73     23.98
2011-07-29      5.76                2.57     23.81
2011-07-30      1.28                2.34     23.89
2011-07-31       0.6                2.62     25.92
2011-08-01      3.01                3.93     23.59
2011-08-02      2.38                 2.5     25.15
2011-08-03      6.75                2.39     25.47
